0
0
0
1
0
0
6.10623e-15
0
0
0
1
8.03061e-15
0
0
0
0
9.90874e-15
0
1
0
1
0
1
0
1.15093e-14
1
1
0
1
2.22045e-16
1
0
5.93969e-15
1
1
0
0
0
3.77476e-15
1
3.21965e-15
1
1
9.60343e-15
1.25455e-14
2.69229e-15
5.55112e-15
1
0
1
0
0
0
0
0
0
1
6.84638e-15
0
1
1
1
5.18104e-16
5.27356e-16
3.13638e-15
1
1
3.16414e-15
4.18184e-15
0
1.12688e-14
0
7.46625e-15
1
9.9365e-15
0
0
1
5.71765e-15
1
1
0
7.56802e-15
1
0
0
1.14631e-14
1
1
1.66533e-14
1
1
0
0
0
1
1
1
1
1.01585e-14
2.03541e-16
0
0
6.38378e-15
0
0
0
0
1.56912e-14
0
0
5.2458e-15
0
0
1
1
8.82627e-15
0
4.55191e-15
0
1
4.52416e-15
3.37693e-15
0
1
1
3.96905e-15
0
0
1
1.58207e-15
1
0
0
3.76551e-15
1
0
1.0103e-14
0
3.83027e-15
0
1
8.49321e-15
1
1.66904e-14
1.48215e-14
0
1
2.68304e-15
8.60423e-15
0
0
5.30131e-15
0
1
0
1
3.16414e-15
1
1.85962e-14
0
0
0
1
0
0
7.21645e-16
2.66454e-15
0
0
1
0
0
0
1
1
1
9.52016e-15
1.04639e-14
0
1
1.43774e-14
3.88856e-14
1.94289e-15
1
0
0
0
0
1
1
0
1
1
1
0
0
0
0
0
1
0
0
0
1.09079e-14
0
1
0
0
0
1.38408e-14
1
1
1
1
1.14353e-14
1
1
0
0
1
1.08247e-15
1
1
0
1
6.01371e-16
1
3.16414e-15
1
8.9373e-15
0
1
0
1
0
0
1
0
1
2.50355e-14
0
1
6.16174e-15
1
0
0
0
1
1
0
0
0
0
1
0
1
1
1
1
1.60982e-15
1
5.55112e-16
1
1.59872e-14
1
1
2.41474e-15
1
0
6.16174e-15
1
3.88578e-15
5.55112e-16
3.06699e-14
0
1
0
0
1.73195e-14
0
0
2.17789e-14
1
0
5.41234e-15
2.05114e-14
1.72917e-14
0
0
1
0
0
1
1
1
0
0
5.42159e-15
1.70974e-14
1.08524e-14
0
1
3.15303e-14
1
7.40149e-15
0
0
0
5.88418e-15
0
0
1.59872e-14
1
0
0
1.44329e-15
1.41831e-14
0
0
1
5.16254e-15
1.9984e-14
1.02973e-14
0
1
0
1.84019e-14
1.54321e-14
0
3.83027e-15
0
1
3.05866e-14
0
0
1
1
0
0
1
3.94129e-15
1
1
0
0
1
0
1
1
1.27676e-15
1
7.31822e-15
8.38218e-15
1
1
0
1
1
0
1
2.77001e-14
5.68989e-15
1
1
0
0
2.16493e-15
1
0
1
0
0
0
1.08802e-14
1.17129e-14
1
0
1.02696e-14
5.13478e-15
9.4369e-15
1.66533e-14
1.16573e-14
0
0
1
1.11022e-16
1
6.99441e-15
5.43084e-15
1.11022e-16
1
1
9.76996e-15
0
0
1
1
1.70697e-14
0
1.13243e-14
2.04281e-14
1
0
2.23432e-14
1
0
1
4.2429e-14
0
4.4964e-15
1
1
1
0
0
1.81336e-15
0
0
1
1
0
5.68989e-15
1
1
0
0
0
0
0
0
1.80411e-15
0
0
1
5.55112e-16
1.15741e-14
0
1
0
1
0
2.77556e-17
0
0
1
0
2.83107e-15
1
0
0
1
0
1
0
5.05151e-15
1
1.19071e-14
0
0
1
0
0
1
1.34615e-14
0
1
0
1
0
1
0
2.34257e-14
0
1
0
0
0
1
9.35363e-15
1
0
1
5.38458e-15
1
0
0
1
1
1.89293e-14
0
0
1.92624e-14
0
0
1
0
1
0
0
0
3.33067e-15
0
0
0
6.46705e-15
0
6.245e-15
0
0
0
0
1
0
1.02418e-14
0
0
1
0
0
0
0
1
1
0
2.01783e-14
1
1
5.55112e-17
1
1
1
0
0
0
0
0
0
9.15934e-16
1
1
0
0
0
1
0
9.9365e-15
1
1
1
0
1
0
1.73195e-14
1
1
1
0
1.13446e-13
1.71252e-14
0
1.99285e-14
0
1.60982e-14
1
0
1
2.57757e-14
1.90588e-14
1
1
1
0
0
1
0
1
0
0
2.17049e-14
1
0
0
0
0
1.94289e-15
5.60663e-15
1
0
1
1
0
1
1
1.52378e-14
1
9.25186e-18
0
2.20657e-14
0
0
5.35683e-15
3.46945e-15
0
1
2.61458e-14
1
0
9.13158e-15
0
3.38618e-15
1
1
1
0
1
1
0
5.93969e-15
1
0
1.91513e-14
1
8.32667e-16
1
0
0
1
0
0
0
0
1
1
2.02061e-14
0
1
7.43849e-15
0
0
0
1
1
1
0
0
2.77556e-15
0
2.35922e-14
1
0
0
0
0
0
0
1
0
0
1
2.12145e-14
1
1.69864e-14
1
0
0
1.57097e-14
0
2.28151e-14
1.90958e-14
0
0
2.22045e-16
4.29656e-14
0
7.40149e-16
1.56819e-14
1.2379e-14
1
1.20644e-14
1
1
1.19904e-14
0
0
1
0
0
0
4.69069e-15
1.2416e-14
1
0
0
0
5.82867e-16
0
0
4.16334e-15
1
1
0
0
0
1
1.79301e-14
8.82627e-15
1
5.06077e-15
0
0
1
1
1
1.65701e-14
2.22045e-15
7.75306e-15
1
0
1
1.38778e-15
1
0
0
1
1
1
1
0
2.21489e-14
1.06026e-14
0
1
1
1.30729e-14
0
1
1
0
0
6.43929e-15
1
0
1.91791e-14
9.12233e-15
0
0
0
0
1
0
0
1
1
0
1
0
1
1
1
1
1.49325e-14
1
1
1
0
0
0
1
0
1
1.69309e-15
0
9.27036e-15
2.2593e-14
1
0
1
1
1
1.65701e-14
8.77076e-15
1
1
1
1
0
0
0
1
0
1.47105e-15
3.05311e-15
0
0
0
1.19904e-14
0
1
1
0
1
2.17881e-14
0
1
0
0
1
2.498e-15
0
1
1.22125e-15
0
3.38618e-15
8.04912e-15
3.12528e-14
1
0
0
1
0
0
1
0
1
0
1.12688e-14
0
0
5.21805e-15
0
0
0
0
3.66374e-15
1
0
1
1
1
0
1.47105e-14
0
0
2.14643e-15
1.4877e-14
1
1
2.01505e-14
1
0
1.12688e-14
1
0
0
1
0
0
1
1
1
0
1
0
0
7.13318e-15
8.32667e-17
0
0
0
0
1
0
0
0
1
0
0
1.82632e-14
0
0
1
1.68291e-14
1
1
1
0
2.16493e-15
0
1
1
1.23235e-14
0
1
1
0
1
1
0
0
1
1
0
1
3.19189e-14
8.99281e-15
1
1
0
0
1
0
0
1.55801e-13
-2.77556e-17
1
0
0
1
0
1
0
1
0
0
0
1.22273e-13
1.37668e-14
0
0
1
1
3.86358e-14
1
1
1
1
2.26208e-14
0
0
0
0
0
1.66533e-16
3.73868e-14
0
0
0
1
0
0
0
0
1
0
0
1
1
0
0
0
1
0
2.10017e-15
2.47857e-14
0
1
7.01291e-15
1.54876e-14
4.38538e-15
1
5.05151e-15
1
1.31284e-14
0
0
1
0
1
1.2268e-14
2.30926e-14
1
8.79852e-15
0
1
0
0
9.57567e-15
1
1.81521e-14
0
1
1
1
1
0
2.84495e-14
0
1
1
5.2273e-15
2.6229e-14
1
1
0
1
1.16943e-14
0
0
2.91434e-15
1
0
0
1
0
0
1.6237e-14
1
1
1
0
0
7.40889e-14
0
0
0
1
1
0
1
4.13558e-15
0
0
1
1
0
1
5.16254e-15
1
0
1
0
0
1
1
9.38138e-15
1
1
1
0
1
0
4.39463e-14
1.59132e-14
1.56356e-14
0
1.36557e-14
3.71925e-15
1.02418e-14
0
1
0
0
1
0
1
0
3.14563e-15
0
1
1
1.84112e-15
1
1
1
0
0
1
2.43972e-14
0
1
1.65238e-14
0
1
1
2.2482e-14
1.61815e-14
0
5.44009e-15
1
1.31376e-15
0
0
2.23155e-14
0
1
0
5.2458e-15
1
0
1
1.60982e-15
1
0
0
1.01308e-14
1.113e-14
1
5.77316e-15
1
0
1
0
1
1
0
0
1
1
0
0
0
1
1
0
1
1.74305e-14
0
1
0
1
9.74221e-15
0
1
1.43404e-14
1.1019e-14
9.60343e-15
0
0
0
1
1
0
1
0
1
1.83464e-14
7.24421e-15
3.39173e-14
3.23167e-14
0
1
1.22125e-15
0
4.98675e-15
0
1
1
1.52101e-14
0
1
0
1
0
1
1
1
0
0
1
1
1
3.08087e-15
0
3.75625e-15
0
1
3.69149e-15
1
0
4.55747e-14
0
0
1
1
1
7.07212e-14
1
0
1
0
0
0
7.04992e-15
0
0
1
1
0
0
1
3.80251e-14
0
1
0
1
2.02616e-14
1
1.82909e-14
0
1
2.7256e-14
0
0
0
1
1
0
5.7454e-15
6.55032e-15
0
0
1
2.19269e-15
1
1
2.05854e-14
0
0
1
1
1
1.84297e-14
2.88103e-14
0
0
0
1
3.85803e-14
0
1
1
0
0
1
0
6.05072e-15
1
0
6.32827e-15
3.23908e-14
0
1
0
1
3.2363e-14
0
0
1
0
1
1
0
0
1
2.05946e-14
0
1
0
1
1
1.91791e-14
0
1
0
1
0
4.49085e-14
1
1
0
1
1
0
5.55112e-15
2.00118e-14
2.79406e-15
0
9.89949e-16
1.06304e-14
0
0
0
0
1
0
0
1
9.40914e-15
0
1
0
0
1
0
1
0
1
0
3.57492e-14
0
8.82627e-15
1
1
1
0
0
1
2.7145e-14
5.82867e-16
0
0
1
0
0
2.88564e-13
1
1.20737e-14
1
1.03806e-14
1
0
1
1
0
1
1
0
1
0
2.77556e-17
1
0
1
0
0
1
0
1
0
2.77556e-17
1.18239e-14
0
0
3.66374e-15
0
0
0
1
1
1.36002e-15
0
0
9.82547e-15
1.0177e-16
0
0
1
1
0
0
1
0
0
0
1
0
0
1
0
8.6875e-15
0
0
1
2.16679e-14
0
1.2812e-13
2.19824e-14
0
0
1
0
5.61125e-14
0
1.65423e-14
1.32117e-14
4.66849e-14
0
0
1.28416e-14
1
7.21645e-15
1
2.49245e-14
8.88178e-16
0
1
1
1
0
1.40628e-15
0
6.10623e-15
0
2.91434e-15
0
0
3.67299e-14
1
0
1
0
0
0
0
1
0
0
2.32037e-14
9.04832e-15
1
1
0
1
0
0
0
0
0
8.15736e-14
0
0
0
1
1.14242e-13
0
1
0
1.26288e-14
0
0
0
1
0
1
9.82547e-15
0
8.97144e-14
0
1
0
0
0
0
0
0
1
2.67841e-14
1
0
0
0
0
1
9.91799e-15
0
0
1
0
9.35363e-15
1
1
1.37668e-14
5.7454e-15
0
8.6875e-15
1
7.82707e-15
6.32827e-15
1
1.08894e-14
1.59872e-14
0
0
0
2.99483e-14
1.28786e-14
1
0
0
1
1
1
6.55032e-15
0
1
1
0
0
0
0
1
1.48862e-14
0
1
0
1
1
2.30279e-14
0
1.07692e-14
0
1
1
1
0
1
1
1
0
1
1.55986e-14
0
1
1
1.89015e-14
0
0
8.12683e-14
0
6.07847e-15
2.65713e-14
2.1307e-14
1
0
9.52016e-15
1
0
2.82552e-14
0
1
0
0
1.87905e-14
1
1
0
2.94209e-15
0
1
0
0
1
5.38458e-15
0
1
1.15463e-14
3.94684e-14
0
5.30131e-15
1
0
1
0
9.29812e-15
0
1
0
1
0
5.77316e-15
1.0177e-16
1.60427e-14
7.54952e-15
0
0
1.04361e-14
1
0
1.02696e-14
1
1.58207e-14
2.41474e-14
1
0
1
2.48412e-14
0
0
1
1
1
1
0
1
1
0
1
1.249e-14
2.53408e-14
1
0
0
0
0
1
1
1
0
3.52496e-14
3.35287e-14
1
2.15661e-14
0
0
1
0
0
0
1
0
0
1
1
1
0
4.13558e-15
1
4.81097e-16
1.18794e-14
1
1.33227e-15
9.04832e-15
9.71445e-15
1
0
0
0
1.03806e-14
1.94289e-15
0
1.48215e-14
1.52841e-14
0
1
0
0
0
0
1
2.85327e-14
0
1.69309e-14
1
1
0
4.32987e-15
0
0
0
0
1
1.13798e-15
0
4.19109e-15
1
0
9.99201e-16
0
1.94289e-16
1
1.89293e-14
0
0
1
1
3.33067e-15
0
1
0
1
1
1
8.28226e-14
0
8.61533e-14
9.08533e-15
0
1
0
1
1.92624e-14
1.01308e-14
0
1
1
1
1
1
0
2.86993e-14
1
0
0
1
1
1
0
0
1
1
1
1.03528e-14
1
0
0
0
2.29261e-14
0
1
0
2.226e-14
1
1.10837e-14
1
3.23815e-15
1
3.59712e-14
1
1
0
8.04912e-16
1
0
0
1
6.82787e-15
1.04639e-14
0
1.7486e-14
0
8.18789e-15
0
0
0
1
0
0
1
0
0
0
9.04832e-15
1
0
0
1.11207e-14
1
1
0
0
0
2.27411e-14
0
0
1
1.719e-14
0
0
6.35603e-15
2.31296e-15
6.41709e-14
1
2.35645e-14
0
1.1167e-14
0
0
1
0
1
0
1
0
0
1
0
0
0
5.55112e-17
2.8838e-14
1
0
1
6.82787e-15
2.1233e-14
0
2.51188e-14
1.43219e-14
1.33504e-14
2.55351e-15
0
0
0
1
1.7264e-14
1
1
1
0
1
1
0
1
1
1
1
3.08087e-15
0
0
1
1
1
1
1
0
1
0
1
1
2.89953e-14
1
0
0
1
1
0
3.93574e-14
0
1
1
8.21565e-15
0
1
1.90588e-15
1
1
0
1
1
0
7.88258e-15
0
0
0
1
1
1.02418e-14
0
1
1
8.13238e-15
0
1.66533e-15
5.05151e-15
0
1
0
7.21645e-16
0
0
0
0
1
1
8.99281e-15
1.65701e-14
1
1.18794e-14
1
2.38698e-15
0
0
0
1
1
0
0
0
1
0
1
1
1
1.42756e-14
0
1
1
0
1.74305e-14
1
0
0
0
1
1
1.23512e-14
0
2.86438e-14
1
1
1
1
0
0
1.67089e-14
0
0
1
1
1
3.12713e-15
0
3.2474e-14
0
0
0
0
1
2.13903e-14
0
2.22045e-16
0
0
1
0
0
0
1
0
1.03251e-14
0
0
0
0
1
1
4.04676e-14
1
0
0
1
0
0
1
0
0
7.57727e-15
0
0
6.32827e-15
1
0
2.9976e-14
0
2.70154e-15
3.06144e-14
1
0
0
1
7.18869e-15
1.5136e-14
1
2.84772e-14
0
1.54043e-14
0
1
0
1
1
3.92464e-14
1
1
1
1
0
1.32394e-14
1
2.50633e-14
1.64683e-15
0
1.77728e-14
3.80251e-15
1
1.33227e-14
0
7.41074e-15
0
2.0058e-14
1
1.50713e-14
0
0
7.54952e-15
1.00013e-14
0
0
1.12133e-14
0
0
0
8.60423e-15
1
4.78506e-14
0
5.07649e-14
0
0
1
0
6.38378e-16
0
0
0
1.54876e-14
1
1.05471e-15
0
2.62013e-14
0
0
1
1
1
0
1
0
0
1.87905e-14
0
1
2.64511e-14
0
0
0
0
4.06064e-14
1
0
1
1
0
0
1
1.30174e-14
0
0
1.09912e-14
1
1
1
2.59237e-14
6.60583e-15
2.88288e-14
3.60822e-15
1.7486e-15
1
0
1
1
0
7.75306e-15
0
3.9783e-15
1
3.40468e-15
1
0
2.30926e-14
1
0
7.07767e-15
1
0
0
1
0
1
1
4.41314e-15
0
0
0
0
1
1
1.42331e-13
1
0
0
0
0
1
1
0
0
0
0
0
1
-2.77556e-17
0
0
1.65423e-14
1
0
4.10783e-14
1
0
9.85323e-15
1
1.9984e-15
0
9.40636e-14
1
8.60423e-16
1
1
1
1.4988e-14
1
0
1
1.01308e-14
1
0
0
4.44089e-16
0
0
1
0
6.02296e-15
0
1
0
0
1
8.87253e-15
0
0
0
0
0
0
1
8.21565e-15
0
1
0
5.27356e-15
0
1
1
0
0
0
3.68039e-14
0
0
1.15741e-14
0
1.43496e-14
1
1
0
1
1
1
1.79856e-14
1
1.83557e-14
1
0
1.11022e-16
2.32314e-14
0
0
0
1.40443e-14
0
0
1.5099e-14
0
0
6.80012e-15
1
0
0
5.4586e-15
0
1
0
8.46545e-15
0
0
0
8.29892e-15
0
1
2.60902e-15
1
1
0
1
6.66134e-15
1
0
1
0
0
1
0
1.98452e-14
1.38963e-14
1.10467e-14
3.06699e-14
0
1.77636e-14
1
0
0
1
0
1
1
1.2453e-14
1
1
1.249e-14
1
1.09172e-15
1.47105e-14
1.44329e-15
1
0
2.53316e-14
1
1.32117e-14
1
1.19627e-14
0
0
2.34257e-14
0
0
0
2.82829e-14
0
0
0
3.16414e-15
2.35922e-15
0
1.00198e-14
0
0
1.1352e-14
4.06157e-15
0
7.45237e-14
7.18869e-15
1.16018e-14
0
0
1
0
0
0
1.06248e-13
0
1
0
1
1.09635e-14
0
1
0
1
0
0
1.17129e-14
7.96585e-15
1
1.71529e-14
0
0
1
3.54346e-15
1
5.77316e-15
0
0
5.66214e-15
1
1
1.45717e-14
0
1
0
0
1
1.6126e-14
0
1
0
0
1.11022e-14
4.94049e-15
1
0
0
1
1
1
0
5.83792e-15
0
0
0
0
1
0
1
6.82787e-15
0
1
1.31561e-14
0
1
0
1
0
1.67644e-14
0
4.94049e-15
1
1
0
0
1
1.74768e-14
3.2326e-14
0
1
1
0
1
1
5.46785e-15
0
0
0
3.4972e-15
0
1
2.64788e-14
0
1.47382e-14
7.02216e-15
1
0
1.93179e-14
1
0
0
1
0
0
0
1
2.15661e-14
0
1
1
1.61815e-14
0
1.91143e-14
0
0
4.37358e-14
0
1
0
1
0
3.89411e-14
0
0
1
0
4.85723e-15
1
0
3.33067e-14
0
1
6.55957e-15
1.22125e-14
1
1
0
0
1.82632e-14
0
1.11022e-15
0
8.87253e-15
1.84852e-14
0
0
1
0
1
1.89386e-14
1.68661e-14
0
2.89768e-14
1.58577e-14
1
0
0
0
2.46099e-15
1
2.77556e-16
5.08852e-16
1
1.15463e-14
1
1.1426e-14
0
0
1
1
1
2.69784e-14
7.04992e-15
0
0
1.69309e-14
1.53951e-14
1
0
9.52016e-15
0
1
0
1
1.28231e-14
0
4.96825e-15
9.38138e-15
0
8.58572e-15
1
2.35922e-15
1
1.40443e-14
1.17406e-14
1
1.46272e-14
1
1
1
4.21885e-15
7.90109e-15
0
2.35922e-15
0
0
5.27356e-16
0
1.18239e-14
0
3.80899e-14
1
1
0
0
1
4.76841e-14
0
0
0
9.9365e-15
1
0
0
0
4.27436e-15
1
8.07687e-15
1
0
1.91791e-14
2.85882e-15
6.55032e-15
1.39888e-13
1
0
0
1
1
0
8.46545e-15
0
2.2593e-14
0
1
0
3.76551e-15
1.23235e-14
2.92821e-14
1
1.50343e-14
1
0
1.7301e-14
7.49401e-15
7.73455e-15
1.28786e-14
1
2.19269e-15
0
1
1
4.31507e-14
7.94272e-15
5.55112e-17
0
0
4.08007e-15
0
2.9976e-15
2.62568e-14
0
2.498e-15
1
0
1
1
2.7478e-14
6.82787e-15
1
1
0
0
1
0
1.53627e-14
1
1.22957e-14
1.2268e-14
3.2474e-15
0
0
6.05997e-15
0
0
1
1
1
0
1
5.44564e-14
1
0
0
1
0
0
1.19349e-14
2.4906e-14
0
0
0
0
0
7.32747e-15
2.6229e-14
0
1
0
0
1
0
2.14273e-14
0
1
0
1.64868e-14
0
1
1
1
0
2.81442e-14
0
0
2.25653e-14
1
0
4.996e-16
4.27436e-15
4.13558e-14
0
3.33344e-14
2.8838e-14
0
1
1
3.64153e-14
6.31717e-14
6.11178e-14
0
1.8513e-14
6.02851e-14
1.8735e-14
3.32789e-14
0
1
1
0
0
0
1.86703e-14
0
1
1
1
0
0
2.71357e-14
0
1
1
0
0
0
4.40388e-15
6.93889e-15
0
7.63278e-15
3.05311e-15
0
1.17129e-14
2.20657e-14
0
1.15741e-14
0
0
0
1.53766e-14
8.32667e-17
2.06594e-14
4.06342e-14
7.71605e-15
1
0
5.55112e-17
3.38433e-14
0
1
0
1.19349e-15
1
0
1
0
0
1
1
0
7.37373e-15
0
0
7.82707e-15
0
7.40149e-16
1.37113e-14
0
3.71925e-15
9.91799e-15
2.19269e-15
0
1
0
0
0
1
1
1
1
1
1.88183e-14
1
7.96585e-15
0
5.18104e-15
1.97065e-15
0
0
7.63278e-15
0
2.18714e-14
1
2.91989e-14
1
3.68316e-14
0
0
9.65894e-15
0
1
0
0
0
0
0
2.81997e-14
2.80054e-14
0
1
8.82627e-15
1
0
1
0
0
0
1
1
9.29812e-15
1
1.4877e-14
0
4.77396e-15
1
1
4.62593e-17
1
1.04916e-14
7.63278e-15
1.81799e-14
9.4369e-15
0
3.4972e-15
0
0
1
4.05231e-15
1
7.88258e-15
0
1
0
0
1
0
1
0
1
0
1
0
1.29619e-14
1.81244e-14
1
1
1
5.21805e-15
0
0
0
0
9.35363e-15
1
1
1.33782e-14
2.77556e-14
0
1
0
0
1
1.08802e-14
1
1
0
8.02136e-15
1
0
0
3.58787e-14
1
0
1
3.03091e-14
1
2.17604e-14
3.3464e-14
0
1
1
1
0
0
0
0
0
0
2.10387e-14
1.23512e-14
0
1.68754e-14
1
3.10862e-15
0
0
0
1
0
1
1
1.06859e-14
0
2.88658e-15
1
0
1
4.36873e-14
0
3.19189e-15
5.69914e-15
0
1
0
0
4.51861e-14
5.23193e-14
1
0
0
1
1
1
1
1
0
1
1
0
1.11022e-16
0
0
0
0
0
0
0
0
1.02696e-14
1
1.68384e-15
0
1.40998e-14
0
2.22045e-15
1
0
0
0
1
1.65146e-14
0
0
1
0
0
3.9968e-15
0
0
0
0
1.59132e-14
1
1
1
1
0
1
1
1
0
1.65978e-14
7.43849e-15
1
4.88498e-15
1.32394e-14
1
0
0
0
0
7.38298e-15
0
2.05391e-15
6.85563e-15
0
6.58732e-15
1.66533e-16
1
5.77316e-15
0
6.52256e-15
1
0
2.05946e-14
1.13798e-14
1.16018e-14
0
1
0
0
1.11022e-16
9.4554e-15
3.14193e-14
1
0
0
1.63758e-15
2.67286e-14
1
1
0
0
0
1
1.94844e-14
2.42861e-14
2.34257e-14
0
0
0
2.38698e-15
0
0
1.36002e-15
2.79499e-14
0
0
4.71845e-16
0
0
1
0
9.04832e-15
7.30897e-16
1
4.77396e-15
0
0
0
0
1.47105e-14
0
0
1
0
1.385e-14
9.49241e-15
-2.77556e-17
1
2.44249e-15
0
1
0
6.82787e-15
0
2.04929e-14
1
0
0
0
0
4.94049e-15
1
1
2.88658e-15
0
3.67484e-14
1
1
1.4197e-13
1
6.21725e-15
6.9574e-15
1
1
0
0
0
2.72893e-13
0
1.60427e-14
0
1.42386e-14
0
0
0
1.34059e-14
0
0
1
4.80171e-15
1
0
0
0
0
4.588e-14
0
1
0
1.35447e-14
1
1
0
2.60902e-15
0
0
1.78468e-14
1.38223e-14
1
2.63678e-14
2.9976e-15
0
0
0
1
1.4877e-14
1
0
0
1.3739e-14
1
2.02523e-14
0
0
0
0
2.9865e-14
0
0
0
0
1
0
0
1
1.82909e-14
0
1.22402e-14
1
6.7446e-15
0
1
2.47672e-14
0
0
1.47937e-14
0
0
0
1
1
0
4.19109e-15
0
1
1
0
6.60583e-15
0
1
6.05072e-15
2.43139e-14
1
7.49401e-16
0
0
1
1.0177e-14
0
0
1
0
5.55112e-16
1.94844e-14
0
7.04992e-15
0
0
1
0
1
0
0
1
1.68754e-14
1
0
1
9.34438e-16
0
0
1.07969e-14
3.94129e-15
1
1.0425e-13
1
0
0
2.85882e-15
0
0
0
1.30821e-14
1
0
0
1.13058e-14
1
0
0
0
1.42109e-14
1
1
0
3.55271e-15
0
4.61853e-14
1.46549e-14
1
1
1
0
1
1
2.77556e-16
0
6.66134e-16
2.0739e-13
0
0
1
4.01531e-15
0
1.11022e-16
0
1.31006e-14
0
0
0
1.41553e-14
1.4951e-14
1.55431e-15
1
1.4803e-15
0
0
1.29619e-14
2.498e-15
0
0
1
0
0
0
1
0
0
0
0
2.59052e-14
1
2.10665e-14
1
8.16939e-15
0
1
2.13718e-15
1.19349e-14
0
0
1
2.03448e-14
0
0
0
0
1
1.08524e-14
1
1
1
0
9.99201e-15
7.31822e-15
8.38218e-15
0
1.06026e-14
0
2.26393e-14
0
0
1
0
3.81362e-14
1
1.72085e-14
1
1.03251e-14
0
1
2.18529e-14
6.55032e-15
2.77556e-17
0
2.91434e-15
6.02296e-15
0
1.68384e-15
1
0
0
0
1
1
3.58047e-15
0
0
0
0
1
0
7.35523e-15
1.29896e-14
0
0
4.26326e-14
1.73195e-13
0
0
1
1
3.75625e-15
1
1.11022e-16
1.29896e-14
1.67089e-14
6.71685e-15
5.27356e-16
1
0
4.60743e-15
0
0
0
2.36755e-14
0
0
0
0
0
0
0
0
2.77556e-17
0
6.93889e-15
6.66134e-16
1.32672e-14
1.03528e-14
5.738e-14
2.21489e-14
4.57319e-14
0
0
1
8.79944e-14
0
0
1
0
1
1.67644e-14
1
1
0
1.00475e-14
0
4.60743e-15
7.54952e-14
1.8067e-13
0
3.73868e-14
0
0
1.33227e-15
0
0
3.26683e-14
9.4369e-15
0
0
2.4758e-14
1
1
1
1
0
0
0
1
0
1
0
0
1.03806e-14
1
7.60503e-15
0
1.41831e-14
3.16192e-13
1.11022e-16
1.42553e-13
1.44329e-15
0
2.25098e-14
0
0
1
0
5.68989e-15
0
0
1
9.9365e-15
1
1
2.91915e-13
0
1.79301e-14
0
1
0
0
0
1.56079e-14
3.44169e-15
0
0
0
0
1.56541e-14
1
1.44773e-13
1.27676e-15
0
1.84667e-14
0
0
1.31839e-14
0
0
4.4964e-15
0
0
6.77236e-15
0
0
0
1.18239e-14
0
3.41394e-15
5.88418e-15
1.41553e-14
1.01863e-14
1.3628e-14
0
1.43681e-14
0
2.38698e-14
1
4.07082e-15
0
0
0
0
1.68199e-14
0
0
1
1
0
0
1.46272e-14
1.90126e-14
4.66294e-15
1
8.85403e-15
0
0
0
0
7.49401e-15
1.34337e-14
2.59607e-14
1
3.06144e-14
1
0
0
0
0
3.30291e-15
1.10282e-14
3.21965e-15
0
1.47382e-14
0
0
0
1
9.38138e-15
2.16022e-13
0
1
0
2.00897e-14
1
0
6.245e-14
0
1
1
1
0
1
1
2.77556e-16
0
1
2.84772e-14
0
2.89491e-14
2.61735e-14
3.38063e-14
0
0
0
1
8.21565e-15
0
1
0
0
2.52206e-14
2.77556e-17
0
1
1.01585e-14
0
1.98175e-14
0
0
0
1.08802e-14
0
0
1.85962e-14
0
3.58047e-15
3.2474e-14
1.43321e-13
0
0
0
5.9952e-15
5.96745e-15
1.91791e-14
1
1
1.17129e-14
0
0
2.35367e-14
0
4.55376e-14
0
1
1
1.60427e-14
0
4.71845e-15
1.86517e-14
0
1.86795e-14
0
0
4.38538e-15
1.77636e-15
0
1.43219e-14
0
8.21565e-15
0
1
1.93179e-14
3.81362e-14
0
0
1
3.33344e-14
0
1.18239e-14
3.05311e-15
0
6.50406e-15
0
0
0
2.05391e-15
1
1
2.13163e-14
1
0
1
1
0
0
0
5.41234e-15
7.46625e-15
1.14631e-14
0
7.21645e-16
1
0
1.50898e-14
2.84032e-14
0
1.16203e-14
0
1.11022e-16
0
8.04912e-15
1
0
0
4.71845e-16
0
0
1
1.22865e-14
0
0
0
0
0
0
0
1
0
6.02296e-15
1.22957e-14
0
4.82947e-15
0
0
8.88178e-16
1.04639e-14
0
0
0
1.42849e-14
1
1
1
1
0
1
0
1
3.47777e-14
1
1.35447e-14
1
1
0
0
0
2.69507e-14
1
0
1.16851e-14
1.67644e-14
0
0
4.03381e-15
1
2.30371e-15
2.08167e-15
0
0
3.46945e-15
0
0
0
8.63198e-15
0
0
1.02973e-14
2.12608e-14
0
0
0
1
0
2.50355e-14
0
0
0
0
1.24456e-13
0
0
1
0
0
3.58047e-15
0
1
0
1
0
3.14563e-15
0
0
1
1.00198e-14
1
2.43046e-14
1
0
5.86568e-15
0
1.19904e-14
0
1.32949e-14
1
0
1.17684e-14
1
2.09092e-14
0
6.38378e-15
4.79339e-14
0
0
0
0
1
0
0
0
0
1.91513e-15
1
9.74221e-15
0
0
1
1
2.77556e-16
0
4.2096e-15
0
2.06224e-14
0
0
0
1
0
0
3.58047e-15
0
0
1.25733e-14
0
0
0
3.42615e-13
0
1
1.53766e-14
1.46179e-14
0
0
1
0
8.79852e-15
0
4.27436e-15
1
0
0
0
9.04832e-15
0
0
0
5.27356e-15
0
1.57097e-14
7.38298e-15
0
3.15766e-14
0
5.05151e-15
1
5.7454e-15
0
2.41751e-14
0
9.13158e-15
1
0
0
1
1
0
4.80727e-14
0
0
2.75335e-14
1
1
0
1
0
0
7.52176e-15
1
0
1
0
0
8.54872e-15
0
9.76996e-15
1.66533e-15
1.41553e-15
1.20737e-14
3.85988e-14
0
0
0
0
1
3.53051e-14
1
1.26473e-14
0
9.49241e-15
0
2.16493e-15
1
0
0
0
0
1.13798e-14
3.94407e-14
2.09832e-14
1
0
5.9767e-15
0
0
1
1.66533e-15
0
2.64418e-14
0
7.74381e-15
1
0
0
0
7.08692e-15
1.88738e-15
1
0
0
1
0
0
0
0
3.94129e-15
0
1
0
0
0
0
0
1
0
1.1019e-14
1
0
4.17703e-13
0
0
0
2.60902e-14
2.60902e-14
3.05589e-14
8.88178e-16
1
1
2.22045e-16
0
1
1
1
3.81917e-14
1
1
0
1
1
0
0
2.97262e-14
2.69414e-14
0
0
0
7.40149e-17
4.75731e-14
4.16611e-14
0
0
0
0
1
0
1
0
1
1
1
0
1.21847e-14
3.70074e-17
1.77636e-15
2.95689e-14
1
1
0
0
0
1
0
0
2.2482e-15
4.27436e-15
0
0
0
0
1.37945e-14
0
0
1
1.93456e-14
0
1
0
7.34875e-14
0
1
4.24105e-14
0
1
1
1
1
1
0
1
1
1
0
3.68594e-14
9.9365e-15
0
7.16094e-15
1.19349e-15
2.45914e-14
0
0
0
1
5.66214e-15
1
1.02881e-14
1.00753e-14
1.03806e-14
3.65448e-14
1.22125e-14
1.62648e-14
2.16493e-14
0
0
1.19904e-14
1
0
1
0
0
1.54876e-14
0
1.57652e-14
1.58142e-13
2.07057e-14
5.32907e-15
0
0
3.55271e-15
0
1
1
1
1.05749e-14
0
1
0
0
1
1
1
0
2.38698e-15
1
1.7449e-14
0
0
0
3.69149e-14
1
6.50406e-15
0
0
0
3.09752e-14
1
0
1.249e-14
0
0
0
2.53871e-14
1.45717e-14
1
0
0
1
0
1
8.74301e-15
1
1.52933e-14
0
1.16296e-14
0
0
0
1
0
8.74301e-15
0
0
1
5.98595e-15
1.0103e-14
0
0
0
1
5.31242e-14
1.75415e-13
0
1
0
1
0
0
0
1.04731e-14
1
3.33067e-16
2.26485e-14
0
1
6.68909e-15
1.60705e-14
7.03141e-16
1
2.80331e-14
8.99281e-15
0
0
2.61458e-14
6.35603e-15
0
0
0
0
0
7.04992e-15
0
8.71525e-15
7.21645e-15
0
0
1
1.74787e-13
1.0163e-13
0
0
1
5.53631e-13
1
2.05391e-15
1
1.11022e-15
0
1
1
2.53964e-14
0
0
9.85323e-15
1.42997e-13
0
1
0
1
0
0
0
1
1
0
0
1
0
0
1.55986e-14
0
0
0
1
1
0
1
0
1.67644e-14
1.2268e-14
3.24463e-14
0
0
0
0
0
1.4988e-15
1.16573e-15
0
1.08247e-15
1
6.05072e-15
0
0
1.62093e-14
2.92525e-13
0
1
1.36002e-15
1
0
8.02136e-15
1.77081e-14
1
1
0
0
0
1
2.17049e-13
1
3.07809e-14
0
0
0
1
1
1
0
0
2.35367e-14
2.28151e-14
1.37205e-14
0
1.61815e-14
1
0
0
0
0
1.08524e-14
0
1.38223e-14
1
0
1
0
1
7.63278e-15
3.07162e-15
7.77156e-15
1.21847e-14
1
1
1
1.77081e-14
1
1
2.91989e-14
1
1
1
0
1
1
0
0
1
3.05311e-16
0
2.27596e-15
5.92119e-15
1
1
0
0
6.02296e-15
0
2.50355e-14
6.7446e-14
1
0
0
0
0
1
0
0
0
8.66529e-14
1
1
9.13714e-14
1
1
3.94407e-14
0
0
0
1.46994e-13
1
1
4.19109e-15
0
0
0
1
0
1
1
1
2.63678e-14
1
0
1
0
1
0
0
1.47105e-14
0
0
1
0
1.07414e-14
0
5.63438e-15
5.60663e-15
1
1
0
2.20934e-14
0
0
0
1
1
0
0
1
3.82805e-13
0
1
1
1.73935e-15
1
0
0
0
0
1
1.30451e-14
1
0
1
3.69149e-15
0
0
4.06342e-14
1
1
1
1
0
0
0
1
0
0
1.20459e-14
1
0
0
0
9.21485e-15
0
1.62093e-14
5.32907e-15
1.30451e-14
0
8.78927e-15
0
1.94289e-15
7.04992e-15
6.94074e-14
2.64788e-14
1
1
3.05311e-16
0
1
1
0
1
0
2.88103e-14
0
0
1
1.86795e-14
1.63758e-14
1.08247e-14
0
2.27596e-15
1
7.57727e-15
0
1
0
0
1
1
0
0
1
1
1
3.14954e-13
0
5.00711e-14
1
8.46545e-15
0
1.54321e-14
0
1
1
2.7256e-13
1
1
4.7351e-14
1
8.26006e-14
1
2.79961e-14
0
1
2.37588e-14
1.62648e-14
1
0
0
0
0
0
0
2.66454e-15
1
1
0
1.02696e-15
0
0
1
1
0
1
0
0
0
0
5.04041e-13
1
3.58047e-15
1
1
4.2429e-14
0
0
1
2.58127e-15
1
0
1
9.63118e-15
4.48493e-13
2.226e-14
1
6.35603e-15
7.49401e-16
0
0
1.62925e-14
0
0
0
2.58127e-15
8.07687e-15
0
1
1
0
0
4.00791e-14
1
0
1
0
1.21569e-14
0
0
0
0
0
1.67366e-14
7.54026e-15
0
1
1
3.4972e-15
6.57807e-15
1
5.55112e-17
0
0
0
1
1
0
1.06702e-13
0
1.29526e-15
0
5.82867e-16
0
0
0
2.14273e-14
1
0
1
5.7454e-15
2.91434e-14
0
1
0
0
0
0
0
1
0
1.10097e-15
0
0
1
1
1.33227e-14
1.08247e-15
0
1.20237e-13
1
0
0
1
1
3.14748e-14
1
0
6.96665e-15
1
1
6.55032e-15
1
2.4317e-14
0
1
1
0
1
0
1
1
0
0
1
0
0
1.04916e-14
0
0
0
2.46099e-15
0
0
0
0
0
1
0
1.77636e-15
1
3.07809e-14
0
5.34572e-14
0
0
2.5054e-14
0
1.05471e-15
0
0
2.29261e-14
0
1
1.02603e-14
1
1
8.10463e-15
0
1
1
1
1.70419e-14
1
0
8.38218e-15
1
0
1
2.01228e-14
1
1
1
0
2.14828e-14
5.31242e-14
0
0
1
2.35922e-15
1
0
1.17961e-14
4.60743e-15
0
1
2.20934e-14
0
0
1
4.82947e-15
0
0
0
1.34059e-14
1
0
0
3.77476e-15
9.71445e-15
3.24093e-14
0
1.12965e-14
4.26603e-14
2.41807e-13
1.81799e-14
1
1.98452e-14
1
1
9.85323e-15
0
0
0
1
1
1
0
0
0
1
0
0
1
1.31561e-14
1
6.35603e-15
1
8.87253e-15
2.90508e-15
1
9.4369e-16
0
2.68952e-14
1
1
0
1
1
1
1
0
1
9.38138e-15
1
0
0
1
3.31957e-14
2.99668e-14
2.16216e-14
1.35558e-13
0
1
0
1
1
1
1
1
2.85882e-15
0
1
0
0
1.94289e-15
3.60822e-15
4.19109e-15
2.58127e-15
0
0
1
0
0
0
0
0
1
4.71845e-15
0
1
0
0
0
2.7367e-14
0
8.18789e-15
0
1
0
1
1
1.20737e-14
0
0
1
1
0
0
0
9.71445e-15
2.38698e-15
0
1
2.52576e-15
0
0
0
1
4.22995e-14
7.32747e-15
1
5.83977e-14
6.22835e-14
0
0
0
5.4956e-15
0
0
0
2.08167e-14
2.8394e-14
1
0
0
0
0
1
2.29539e-14
4.94049e-15
1
1
0
0
0
8.24341e-15
8.43769e-15
0
0
0
0
2.7145e-14
0
2.31482e-14
4.88498e-15
0
2.2593e-14
0
2.08167e-14
1
0
1
0
0
1.97065e-15
1
1
0
1
0
1
0
0
1.8476e-14
7.49401e-15
5.55112e-15
0
3.68316e-14
2.37033e-14
1
0
1.38536e-13
1
1
1
1.20958e-13
0
1.73278e-13
1
1
9.52016e-15
1
3.50508e-14
0
1
0
0
0
0
1
1.0103e-14
0
1
1
9.27036e-15
8.71525e-15
0
1
0
0
2.28243e-14
0
2.69229e-14
3.28626e-14
0
1
1
0
1.34337e-14
0
0
3.77476e-15
4.76563e-14
0
9.91429e-14
0
0
1
0
4.71845e-15
1
0
0
1.81521e-14
1
8.65974e-15
1
0
1
0
1
0
1
0
0
0
2.60902e-14
1.08247e-14
1.58207e-14
3.4861e-14
0
0
0
1
1.66533e-16
0
2.82811e-13
0
0
1.94844e-14
5.55112e-16
0
1.62463e-14
1
0
1.93179e-14
0
1
0
0
0
0
1
1.27676e-15
3.70259e-14
1
6.66134e-15
2.1307e-14
2.92359e-14
0
0
2.22738e-14
5.34295e-14
0
1
0
0
0
1
1
1
1
0
0
0
0
1.83187e-15
1
1
0
0
0
1
1
9.74221e-15
1.43034e-14
1.2601e-14
1
0
0
1
0
7.7105e-14
1
1
0
0
1
1
0
2.41916e-13
0
7.40149e-17
1
1
1
1
0
0
0
1
0
1
1.05194e-14
1
0
0
1
0
2.16216e-14
0
1
1
0
1
1.48215e-14
1
0
3.21039e-15
0
1.44884e-14
2.66454e-14
0
1
1.50158e-14
2.72005e-15
3.05311e-16
5.81202e-14
0
1.22125e-14
2.86993e-14
0
1.11577e-14
1
1.12133e-14
1
0
1
1
1
2.2482e-15
0
0
1
1.47105e-15
1
3.93574e-14
0
0
0
1
1.31376e-14
1.6126e-14
0
2.88658e-15
3.20022e-14
0
0
0
0
0
0
0
0
1
0
6.52256e-15
1
1
1
1
1
3.44169e-15
5.57887e-15
1
1
0
0
1
1.34615e-14
2.78758e-14
0
0
1.83742e-14
0
0
1
5.34017e-14
0
5.55112e-17
0
1
0
0
0
0
0
2.07982e-14
0
0
1
1
1
1
1.18239e-14
1
0
1
0
0
0
1
1.2379e-14
1
0
4.53341e-15
1.05749e-14
6.16636e-14
6.02851e-14
1
4.88223e-13
0
0
1
1
2.70617e-14
2.09832e-14
0
1
1
0
1
1
1.24067e-14
1
1
1
0
1.66256e-14
1
0
5.55112e-15
0
1.41553e-14
0
2.07612e-14
1
1.10652e-14
1
2.88658e-15
1
0
0
0
1
1.16573e-15
0
0
0
1
7.07767e-15
0
0
2.41196e-14
0
1.11022e-15
0
1
0
0
0
0
1
0
0
1
1
0
7.27141e-13
3.58047e-15
1
0
0
1
0
1
2.53593e-14
0
0
1
1
5.2458e-15
0
0
0
0
1.43219e-14
1
1
1
1
1.72085e-15
0
0
0
1
0
1
0
0
0
2.60902e-15
0
5.77316e-15
2.77556e-17
1.38778e-15
1
3.66374e-15
0
0
1
0
0
2.55573e-13
1
1
1
0
0
0
0
0
4.13558e-15
3.55271e-15
1
0
9.99201e-15
0
1.32672e-14
0
1
1
1
0
0
1.56079e-14
0
1
1
3.26961e-14
0
0
0
0
1
0
0
1
0
1
0
1
0
1
0
1.81494e-13
1
4.86278e-14
0
1
0
0
1.79301e-13
0
1
0
1.81336e-15
1
1.97897e-14
1
1.10467e-14
0
1
0
1
1
1.34337e-14
0
0
1
0
1
1.72085e-14
4.05231e-15
5.16254e-15
2.05391e-15
1
0
1.15556e-14
4.20108e-13
0
0
0
1
1
1
1.86332e-14
0
1
1
0
3.68872e-14
0
3.49739e-13
0
1
3.02536e-15
1
0
1.55431e-15
0
1
1
7.85483e-15
8.10463e-15
1
4.35763e-15
2.1616e-13
0
0
1
0
0
1.4988e-14
0
1
0
0
4.96825e-15
9.80697e-16
0
1
1
0
3.60267e-14
9.54792e-15
7.93809e-15
0
3.38618e-15
2.04836e-14
0
1.19349e-15
0
1.72085e-15
0
1.32302e-15
2.50078e-14
0
0
0
1.95677e-13
0
0
0
1.30451e-15
0
1.4988e-15
0
1
1
1.82632e-14
0
1
0
1
1
4.78321e-15
1
1
0
0
0
1
2.60902e-15
2.26208e-14
0
7.35523e-15
0
1
0
0
3.23441e-13
1
1.40545e-13
0
4.83832e-13
0
0
1
1
0
1
1.93045e-13
0
1
0
0
0
5.22637e-14
1
5.16254e-15
0
0
0
0
0
0
1
0
1
0
0
2.48227e-14
5.10703e-15
1
0
1.28786e-14
3.4787e-15
0
0
0
2.12608e-14
4.76563e-14
0
0
1
1
0
1
0
0
4.16334e-15
0
8.74301e-15
0
2.16216e-14
9.56642e-15
7.12393e-15
0
0
1
0
0
1
0
2.90878e-14
1.88923e-14
1
0
1
0
1
0
1
3.58047e-14
8.31742e-15
0
0
2.61272e-14
1
1
2.09832e-14
0
0
0
0
0
0
0
1
0
0
1
1
0
4.996e-15
0
0
1.92624e-14
7.86408e-15
0
1
1.12688e-14
0
0
1
0
1
1
1
0
0
0
0
1
0
1.56541e-14
1
3.06144e-14
0
1
0
1
1
1
2.18159e-14
2.30926e-14
1.87443e-14
0
0
0
0
2.84772e-14
4.5756e-13
1
0
0
1
0
0
1.20958e-13
0
0
1
1
0
1
3.50508e-14
3.14471e-14
0
2.93099e-14
1
1
0
1
0
8.41919e-15
2.87548e-14
1
0
0
1
0
1
0
0
1
0
0
0
1
0
0
3.71925e-15
1
0
1
6.89171e-14
0
1
1
3.16414e-15
0
1
1.43774e-14
0
2.05946e-14
0
0
2.96337e-14
0
1.54321e-14
1
1
0
0
1
0
0
1
1
1.39055e-14
9.21485e-15
5.55112e-17
0
0
0
1
1.67644e-14
0
1.39611e-14
7.76046e-14
0
4.44089e-14
9.02056e-15
0
0
8.2064e-15
1
1
1
0
4.79246e-15
5.93969e-15
0
0
1
0
8.24341e-15
3.23908e-14
0
1
1
1
0
2.05391e-15
0
5.34295e-14
2.32814e-13
1.8624e-14
0
1
7.52176e-15
5.58165e-14
0
0
1
2.35922e-14
0
0
0
0
1
1
1
1
0
0
0
1
0
1.8735e-14
0
0
1
1
1
7.7105e-14
1
0
1
0
3.35287e-14
0
3.45742e-14
4.11845e-13
3.66374e-14
0
1
1
3.46112e-14
1
1
6.27276e-15
0
0
0
1
1
5.17641e-14
0
0
1
1.02973e-14
1.19349e-15
1
0
0
0
0
9.76996e-15
1
1.43034e-14
1
1
1
1.47937e-14
3.70074e-16
1.16712e-14
1
0
0
0
0
0
0
1.43496e-14
3.33067e-15
0
0
0
0
1
2.52576e-15
0
9.27036e-15
0
1.4766e-14
0
1.14075e-14
9.76996e-15
5.38458e-15
0
2.03171e-14
0
0
1
0
0
2.10942e-14
0
1.2379e-14
1
1
0
0
1
1
0
1
1.39888e-14
0
0
0
1.05841e-14
0
1.70142e-14
4.77396e-15
3.09197e-14
3.04756e-14
0
1.83187e-14
0
1.31561e-14
0
2.31296e-14
1.70697e-14
2.69229e-15
1
1
1.28508e-14
9.73296e-15
1.95122e-14
1.35447e-13
6.99441e-15
1.34448e-13
0
0
1
0
1
1
1
0
1
8.7245e-15
1
1
1
1.16018e-14
1
0
1
0
0
3.33622e-14
1.4988e-15
2.56276e-15
1.85407e-14
1
1
0
0
2.28928e-13
0
7.1349e-13
0
0
2.05391e-14
6.71685e-14
0
1
0
1
2.55351e-15
0
1
1
5.32352e-14
1
0
1
1
2.56184e-14
1
0
5.64363e-16
0
0
0
1
1
1
2.76631e-15
1
1
1
1.66533e-14
1
1
3.69149e-15
0
3.88578e-15
0
0
1
0
4.69624e-14
8.38218e-15
1
2.09277e-14
1
0
0
0
1.26288e-14
1
0
1
0
0
1
1
1
1
1
0
1.23512e-14
1
3.44169e-14
0
0
2.35645e-14
1
1
1
3.11788e-15
3.062e-13
9.41839e-15
0
1.67089e-14
0
1
2.49245e-14
1.7227e-14
1
0
4.63518e-15
0
1.57004e-14
1
4.19109e-14
0
0
1
0
0
0
1
0
0
2.32592e-14
0
1
0
1
0
1.87628e-14
4.02789e-13
1.35077e-15
4.44311e-13
0
0
0
3.67114e-14
1.7375e-14
0
0
0
0
7.82707e-15
0
0
3.4539e-13
0
1
1
0
1
1.85407e-14
1
1
1
1
0
3.94129e-15
0
0
1
2.84772e-14
0
0
0
1
0
0
1
1
1
0
0
1
1
0
0
2.71718e-13
1
0
1.8735e-14
1
5.59737e-15
1
1.11022e-15
1
3.40376e-14
0
0
0
5.55112e-17
0
8.14164e-16
1
0
0
0
0
0
1.1056e-14
1
5.55112e-17
0
1
0
0
1
2.11164e-13
0
1
0
1.10097e-14
0
1
1.41553e-15
1
0
2.44249e-15
0
4.77396e-15
1
1
1
0
2.05021e-14
0
2.65066e-14
0
0
0
0
1.27676e-15
0
1
1
0
4.47975e-14
1.44051e-14
1.02141e-13
1
0
1
0
1
0
1
0
0
0
3.11973e-14
3.04756e-14
1
3.44169e-15
1
0
1
9.24261e-15
2.43694e-14
0
0
0
1
1
1
2.03541e-14
1
2.40363e-14
3.9968e-14
0
0
1
0
1
0
6.99441e-15
8.35443e-15
3.35842e-15
2.85882e-14
4.66294e-14
1
1
0
1
0
1
0
0
1
0
0
1
0
0
1
0
1.52582e-13
0
6.39959e-13
0
0
0
7.46625e-14
0
1
7.5967e-14
1
0
1.51545e-14
1
1
0
0
8.23785e-14
0
2.35589e-13
0
1
2.94209e-15
1
0
1.4988e-14
2.04929e-14
1
4.44089e-16
0
0
3.70537e-14
8.99281e-15
0
1
0
0
0
0
1
0
0
0
0
0
5.38736e-14
1
0
0
1
1.44329e-14
8.16014e-15
4.91274e-15
1.42664e-14
0
9.60343e-15
0
1
1
0
0
0
1
0
1.55431e-15
2.28983e-14
0
2.96985e-14
1
0
1
5.93969e-15
0
0
3.34177e-13
6.4948e-15
0
0
0
0
1
1
0
2.35922e-15
2.86808e-14
0
1
0
1.55431e-15
0
2.06224e-14
0
1
0
2.4869e-14
1.16573e-15
1
1.75693e-14
1
0
0
4.71845e-15
1
0
8.62366e-14
1
2.70339e-14
1
1
1
0
1.49325e-14
1
3.339e-14
2.42029e-14
0
1.70974e-14
5.9582e-15
0
1
1
5.08852e-15
1
2.05114e-14
3.94129e-15
5.16254e-15
8.79852e-15
0
3.30014e-14
0
9.60343e-15
0
1
7.33672e-15
0
0
0
1
0
0
1
5.17919e-14
8.25937e-13
0
1.75721e-13
1
1
0
1
1
0
1
1
0
0
1
0
1
0
0
5.32907e-15
0
0
1.90681e-14
2.53131e-14
0
0
1
0
1.05749e-14
0
1
1
0
0
0
1
1
0
2.77556e-17
7.11375e-14
0
7.71605e-15
1
0
1
1.01585e-14
1
1
0
0
0
4.73695e-15
0
6.19875e-16
0
0
0
0
1
0
1
0
0
0
0
1
0
1.16296e-14
1
5.68434e-14
0
0
0
0
1
1
0
0
1
1
0
1
1
6.7446e-15
0
8.82627e-15
3.58047e-15
1.94567e-14
2.73115e-14
1
1
0
0
3.38063e-14
1
1.53766e-14
0
1
0
9.6867e-14
0
1
1
2.87548e-14
2.47025e-15
1.21939e-14
1
0
7.60503e-15
0
1
0
0
0
1
1.21014e-14
1
1.08247e-15
0
1
0
3.12528e-14
1
1.31006e-14
0
1
0
1
7.38298e-15
1
0
1.71712e-13
0
0
1
5.29576e-14
0
1
1
1
0
1
1
1
1
0
0
1
0
0
1
1
1
1
0
4.33912e-15
1.14445e-14
0
1.3517e-14
0
0
1.08802e-14
1
0
0
7.71605e-15
0
0
1
1
1
0
0
0
3.45094e-14
0
1
1
1
0
0
1
1
1
0
1
0
0
1
0
7.89369e-14
4.86e-14
4.91274e-15
1
1
0
0
0
0
0
0
4.21885e-14
9.15934e-15
9.55902e-14
1
8.88178e-15
1
1
5.2162e-14
1.00938e-14
1
1
1
2.86623e-14
0
0
1
1
1
1
0
0
4.14483e-15
0
0
6.7446e-15
1.06581e-14
1
0
3.747e-15
1
0
1.37113e-14
0
0
1.19904e-14
0
1
0
0
1
1
0
0
3.42781e-14
1
1
1
1
0
1.385e-14
0
1.14492e-14
3.69704e-14
0
0
1
3.64893e-14
0
0
0
1
0
0
1
0
1
1.87628e-13
1.62056e-13
1
1
1
1
1
1
1.18128e-13
2.24265e-14
1
2.84217e-14
0
0
1
1
0
1
0
1.2564e-14
1
1
5.7454e-15
0
1.58022e-14
0
1
0
1.51823e-14
8.71525e-15
0
0
0
3.33067e-14
3.27516e-15
0
0
1.77636e-14
0
4.79339e-14
2.59792e-14
0
2.27596e-14
1.54321e-14
0
0
1
2.03448e-14
1
5.68989e-15
3.33067e-16
0
0
3.05866e-14
1.14353e-14
0
0
0
0
1
0
5.97855e-14
0
1
0
0
1
1
0
4.94049e-15
1
2.3398e-14
3.9635e-14
2.18344e-15
1
0
0
1
7.57727e-15
3.58047e-15
1
0
0
0
0
1.14631e-14
1
1
2.44249e-13
0
1
5.55112e-17
1.63758e-15
1
1.42664e-14
1.21847e-14
0
0
2.59792e-14
0
3.01426e-14
0
1
0
1
0
0
1
1
1
3.27516e-15
3.16691e-14
4.82947e-15
0
1
0
1
1.07692e-13
0
0
0
0
0
0
1
3.77106e-14
1
1.33409e-13
1.47216e-13
1
1
1
0
0
4.4964e-15
0
1.11577e-14
1
4.70457e-14
1
1
4.36318e-14
8.4673e-14
1.05749e-14
4.7462e-15
0
1.20552e-14
1
1
0
1.58762e-14
1.55154e-14
0
0
1.17129e-14
1
4.1254e-14
0
0
6.59102e-14
0
1
0
0
0
1
0
0
1
1.65423e-14
1
0
1
1.8166e-13
0
1
0
1
1
1.58207e-15
0
1
1
7.77156e-15
0
1
1.87766e-13
0
0
0
1
7.86686e-14
1.05471e-15
1
1.26843e-14
1.05471e-15
1
0
1
8.06947e-14
3.02536e-15
0
1
1.10467e-14
4.16334e-15
1
1
1
0
0
1
1
1
0
1
7.86778e-14
0
1.3603e-13
0
1.19719e-14
1
1
1
1
0
0
0
2.77556e-17
0
1
4.35763e-15
1
1
9.99201e-16
0
0
8.00286e-15
0
0
1
1
1.88738e-14
0
0
1
0
0
0
1.11836e-13
0
0
7.26086e-14
2.3237e-13
1
1
0
1
1
1
0
2.48782e-14
6.99441e-15
7.21645e-14
0
1
1.95122e-14
0
0
0
0
5.64641e-14
1
0
9.71445e-16
0
2.66454e-14
0
0
0
1
0
1
0
1
0
0
4.80449e-14
0
5.31797e-14
4.27436e-15
1
4.10227e-14
0
3.2363e-14
2.10387e-14
0
0
1
0
0
0
1
4.15779e-14
0
3.88578e-16
1
2.16493e-15
1.57097e-14
0
0
1
1.58207e-14
0
6.93612e-14
0
1.31561e-14
2.19639e-14
5.10703e-14
1
0
0
1
1
8.40994e-15
0
8.73375e-15
0
0
1
2.73115e-14
1
2.94209e-15
1.87813e-14
0
1
2.91434e-15
1.08062e-14
2.00118e-14
0
0
1
1
5.37348e-14
1.11022e-15
1.15741e-14
0
0
1
0
2.498e-15
0
0
0
0
0
0
1
1
1
0
0
0
0
1
2.91434e-15
1
1
1
1
3.59435e-14
1
7.58652e-14
3.9968e-13
2.76223e-13
1.22458e-13
1
2.77334e-13
0
1
1.44329e-14
1
0
0
1
1
1
1.10745e-14
1.06748e-13
0
1
2.72282e-14
0
1
1.51175e-14
0
1
0
1
9.71445e-16
3.2474e-15
0
1
1
0
2.18714e-14
0
1
0
0
1
1
1.58207e-14
0
0
4.64073e-13
0
1
1
1.31284e-14
0
0
1.44607e-14
2.60902e-15
0
0
0
0
3.87042e-13
7.49401e-15
1
1.00475e-14
1.62925e-14
0
4.06064e-14
0
1
1
8.35443e-15
1
1
1
0
4.76286e-14
0
4.71179e-13
4.21903e-13
4.08007e-15
1
0
1
2.66176e-14
0
3.69149e-15
0
1
0
1
4.41129e-14
1
7.82707e-15
1.94289e-15
8.9373e-15
1
6.80012e-15
0
1.37113e-14
0
0
1
8.11573e-14
1.2601e-14
1
0
2.31759e-14
1
0
1
0
0
1.77636e-15
5.40309e-15
1
0
1
2.07334e-14
1
0
1
0
5.10703e-14
0
1.79301e-14
2.22045e-16
0
1
1.72917e-14
0
1
2.15716e-13
0
0
1
1.11503e-13
0
0
1
1
1
0
0
1
0
1
0
0
0
0
0
1
1
0
1
0
1
8.77076e-15
1
1
0
2.81719e-14
0
1.53488e-14
2.57572e-14
0
0
1
1
0
4.996e-15
0
0
0
1
0
9.4369e-16
0
3.57214e-14
1
2.1233e-14
1
1.55431e-15
0
1
0
0
2.45637e-13
0
1
2.38976e-14
1
4.71845e-15
0
1
0
0
0
1
1.30729e-14
1
1
0
0
0
0
0
0
0
1
1
0
3.08364e-14
0
0
0
1
0
1
0
1
5.55112e-17
0
4.46865e-15
0
0
0
0
1
3.04479e-14
2.9754e-14
1
5.66214e-15
0
0
1
0
0
0
1
1
1
3.53606e-14
0
1
1
1
0
1
1.40443e-14
1
1.44329e-14
1
3.74978e-14
1
0
0
0
5.73985e-14
5.1692e-13
0
1
0
0
0
1
1
1
0
1
1
2.4758e-14
1
0
7.92699e-14
0
1
0
1
2.43139e-14
0
1
1
1
0
1.94289e-15
0
2.32962e-14
2.1122e-14
0
1
0
1.21569e-14
1.46549e-14
2.67286e-14
1
0
1.66533e-15
0
1.83742e-14
1
0
0
0
1
1
1
1.19071e-14
1
6.89726e-15
0
1
6.02296e-15
0
1
0
1
0
1
5.38458e-15
1
1
0
0
1
1
1
0
0
1
0
8.8235e-14
0
2.4869e-14
2.75058e-14
1
2.75335e-14
0
7.91034e-15
0
0
1
0
0
1.44144e-14
1
1
2.04559e-14
0
0
6.4948e-15
0
1
1
0
0
1
0
0
9.78847e-15
0
1.66533e-16
1
4.30211e-15
0
1
0
0
0
0
0
1
1
1
0
0
2.18991e-14
0
1.7486e-15
1
1
2.0095e-14
1.80411e-15
0
0
1.52989e-13
0
0
0
1.93179e-13
6.2339e-14
2.46914e-13
0
2.41696e-13
1
1
1
1
1
0
0
0
1
1
0
1
1
0
0
1.56541e-14
0
4.94049e-15
1.53488e-14
1.55154e-14
0
0
0
1
0
1.30451e-15
1
1.13798e-15
0
1
0
0
2.03171e-14
0
1
1
0
1
1
0
0
1
0
1
1
1
0
5.68712e-14
2.34257e-14
1
3.9968e-14
2.38143e-14
0
1
0
3.13638e-15
0
1
0
0
5.32629e-14
1
2.83662e-14
1
1
1
0
1
0
0
1
0
0
1.32394e-14
4.67681e-14
0
0
0
0
0
0
0
4.12633e-15
8.71525e-15
1.68754e-14
3.83027e-15
0
3.18264e-15
7.04992e-15
0
0
0
6.60583e-15
1
0
1.75693e-14
0
1
0
1.57097e-14
1
1.39888e-14
0
1
1.60705e-14
1
1.45439e-14
0
6.66134e-16
1
0
1
0
0
4.82947e-15
0
7.28306e-14
1
1
0
1.8573e-13
1
0
0
0
1
2.9976e-14
1
1.26565e-14
2.31704e-13
1
4.77359e-14
1
0
0
1.34244e-14
1
0
1
0
0
3.33067e-14
9.40914e-15
1.66533e-15
1
1
5.05151e-15
0
0
1
1.41553e-14
0
1
1
4.2466e-15
1
0
1.02696e-14
0
0
7.41351e-14
1.29119e-13
1
0
1
1
1
0
1.06026e-14
0
0
0
1
0
1
0
1
0
1
8.32667e-15
4.60743e-15
2.06501e-14
2.08629e-14
0
1.7375e-14
6.96665e-15
2.31574e-14
1
3.91354e-15
0
0
0
1
6.85563e-15
1
0
1
1
0
1.79301e-14
0
1.4988e-14
1.51545e-14
0
1.6015e-14
3.22797e-14
0
0
3.71925e-15
0
1
0
1
0
0
1
0
0
3.75311e-13
0
2.84495e-14
0
0
1
0
1
9.83473e-15
1
1
2.82829e-14
1.76794e-13
1
1
0
0
1
1
0
0
1
1.89848e-14
1.61815e-14
0
0
1
1.19904e-14
0
0
1
1
1
0
1
1
1
0
5.83422e-14
1
0
1
0
1
0
1.35669e-13
0
1
1
1
3.40283e-14
0
2.33147e-15
0
0
0
0
0
1.47937e-14
0
1
2.20102e-14
1.27676e-15
0
4.88498e-15
1
0
0
6.66134e-14
0
1.73195e-14
0
1
1
1
1.4877e-14
4.93124e-15
0
0
0
1
0
0
5.55112e-15
0
1
0
0
0
1
1
1
0
1
0
8.04912e-16
2.13718e-13
6.93889e-16
1
0
0
1
0
1
1
0
7.49401e-16
0
3.27516e-14
1
1.66533e-15
0
0
1.94659e-14
0
8.57647e-15
3.66374e-15
0
1
1
9.1871e-15
0
0
0
1
1.71807e-14
0
5.51503e-14
0
1
1.00198e-14
0
0
0
0
1.7486e-15
1
1
0
0
1
1
1
3.40746e-14
0
1
0
4.44089e-16
1
0
1.21384e-14
1
0
3.70481e-13
0
1.04288e-13
0
0
1
4.11893e-14
5.45342e-13
0
1
1
1
1
1
1
1
7.54952e-15
0
1
0
0
1
0
1
3.19189e-15
3.16414e-14
1.31561e-14
5.94895e-15
1.38778e-16
1
0
0
1
1.38778e-16
0
0
0
1
1.24067e-14
0
1
1
0
1.855e-14
3.95795e-14
7.49401e-15
1
0
1
1.42664e-14
0
1
0
0
0
0
1
1
6.27276e-15
1
1.21939e-14
0
1
0
1
0
8.60423e-15
0
1.12965e-14
0
1
0
4.77396e-15
0
0
1
0
1
2.58127e-14
1
4.07729e-14
1.23235e-14
0
1
0
0
1
0
0
0
1.17129e-14
1
1.08802e-14
0
8.85403e-15
0
1.64035e-14
1
1
5.4512e-14
0
1
1
4.02456e-15
0
1
0
1
0
0
1
2.86808e-15
2.57017e-14
0
0
1
1
3.63598e-15
1
0
0
0
4.19109e-15
7.60503e-15
3.52773e-14
0
1
0
0
0
0
1
1
0
0
1
1
1
6.66134e-16
4.04121e-14
1
0
1
1
1
2.85882e-14
2.09832e-14
4.996e-16
1
0
2.7478e-15
1
0
1
1
0
1.25455e-14
0
0
0
1.14908e-14
1
3.76921e-14
0
2.05391e-15
1
1.90681e-14
1
3.55826e-14
4.94604e-14
0
0
1
1
0
0
1
1
1
0
1.47937e-14
1.19904e-14
0
3.2141e-14
1
0
1
0
0
1
0
1.00475e-14
1.25455e-14
4.52416e-15
4.10783e-15
1.41831e-14
5.55112e-16
5.42066e-14
1
1.94752e-14
1.12133e-14
0
0
0
1
1
0
0
0
0
1
7.06379e-15
0
7.35523e-15
0
1.78653e-14
9.52016e-15
0
2.05761e-14
0
0
1
0
1
4.16334e-15
1.07969e-14
7.81597e-14
5.71765e-15
1
0
1.97065e-15
0
0
1
1
1.57097e-14
1
0
1.65423e-14
0
1
1
1
0
1
1
5.27356e-15
0
0
0
0
1.02696e-15
1
0
2.36478e-14
0
0
0
0
0
3.38618e-14
5.47118e-13
0
0
1
1
1
1
1
1
0
0
1
2.47136e-13
1.37668e-14
1
0
0
1
4.70179e-14
5.08852e-16
3.04756e-14
0
1
1
1
6.60583e-15
0
1.01308e-14
2.77556e-15
0
1
0
9.99201e-16
0
0
1.66533e-15
0
3.9968e-14
0
0
1
5.80092e-15
0
1
1
1.00475e-14
4.60743e-15
5.82867e-16
1.39611e-14
0
6.99163e-14
1
1
0
1
2.04281e-14
9.1871e-15
0
0
0
1.55986e-14
0
0
3.21604e-13
1
2.83107e-14
0
0
3.61424e-13
0
1
0
8.32667e-15
1
0
1
1.89293e-14
0
0
1
1
0
0
0
2.63308e-14
1
1.1352e-14
1
0
0
0
1
1
0
0
1
0
1
1.59039e-14
1.57097e-14
0
0
0
1
1.04916e-14
0
0
4.4964e-15
1
1
0
0
0
1
1
0
0
0
8.02136e-15
0
1
0
0
0
1
1
0
2.34076e-13
1
1
1
1.48326e-13
6.63358e-15
1
0
1
1
0
0
2.19824e-14
2.80331e-14
1
0
0
0
1.75415e-14
0
1
1
2.16493e-15
0
1
0
7.32747e-15
0
1
4.77396e-15
1
3.98848e-14
4.66294e-15
1.58207e-15
1
3.83027e-14
0
0
3.57029e-14
3.64893e-14
2.58404e-14
9.02056e-15
8.27116e-15
1
0
0
1
0
1
0
1
1
1
1
0
1
0
0
0
0
6.96665e-15
4.42794e-14
1
5.42344e-14
0
0
1.44329e-14
4.07433e-13
3.7668e-13
1
1
1.72085e-14
1
1
1
1.76525e-14
3.3501e-14
1
0
1.19904e-14
0
0
1.33227e-14
0
0
0
1
1.51268e-14
1
0
2.42769e-14
1
1.2701e-13
1.88183e-14
1
0
1.00845e-15
1
0
0
1
4.60743e-15
1.67644e-14
1
2.50078e-14
0
1
1
1
0
1
0
0
0
0
1
0
0
0
0
1
0
0
0
1
9.79772e-15
7.60503e-14
0
1
1.27953e-14
1
1.258e-13
1
1
0
1
1
0
1
2.35367e-14
0
1
0
0
0
0
1
0
0
0
4.94049e-15
0
1
0
0
6.32827e-15
0
0
1
0
1.16573e-14
1
5.32907e-15
0
9.54792e-15
1
0
3.93297e-14
0
1
0
0
1.06304e-14
0
1
1
1
0
4.88221e-14
1
1
1
0
4.81837e-14
0
1
3.80251e-15
1.32764e-14
4.76471e-15
1
1
0
0
0
0
1
0
0
0
1
2.46562e-14
0
1
1.03528e-14
2.81164e-14
1
1
1
0
0
0
0
0
0
2.71542e-14
1
0
0
1
9.81437e-14
3.68039e-14
1
0
0
0
0
0
1
1
0
0
1
4.35207e-14
1
1
1
1
5.07002e-15
0
0
1.70142e-14
0
8.82627e-15
0
1
0
1
6.26166e-14
5.51781e-14
0
4.72753e-13
1
6.60953e-14
6.18672e-14
0
3.21965e-15
2.56128e-13
1
1
0
1
2.18714e-14
1
0
1
0
5.2236e-14
8.13238e-15
1
0
0
0
7.49401e-15
3.24185e-14
1
1.85962e-15
1
0
1.7597e-14
0
4.10783e-15
0
2.44249e-15
1
0
0
0
1
0
2.61458e-14
0
2.53131e-13
0
4.63518e-14
1.80689e-14
1.82354e-14
0
0
1.07414e-14
0
1.7264e-14
1
0
1
1.80217e-13
1
5.12645e-14
0
1
0
0
0
1
0
0
0
1.60982e-15
1
1.82077e-14
0
5.96745e-15
0
1
0
1
0
0
3.00223e-14
1
1
0
1.86795e-14
6.80012e-15
0
1
1
1.17684e-14
0
1
1
1
1
0
0
1
1
0
0
1
1
0
0
5.55112e-17
1
0
0
0
5.4956e-15
8.92804e-15
3.83027e-15
2.28428e-14
4.996e-15
1
3.66374e-15
0
1
1
1
0
1
2.05391e-15
0
1
1
1
0
8.02913e-13
0
1
1
0
0
1
0
1
0
1
1
5.78426e-14
1
0
1
0
0
1.12133e-14
1
5.80369e-14
0
1
1
1
1
0
0
0
0
0
5.66214e-15
0
1
1
0
6.38378e-16
6.18949e-15
0
0
0
0
2.89306e-14
0
0
3.95795e-14
0
1
1
1.79301e-14
0
1
1
1
7.21645e-16
1
1.49325e-14
0
0
0
0
0
1
2.36755e-14
1
0
0
0
1
0
0
1
0
1
9.27036e-15
1
0
1.90681e-14
1.85407e-14
5.85643e-15
0
0
0
1
0
2.26485e-14
1
0
0
1
1.83187e-15
1.60705e-14
0
3.01796e-14
0
0
1
0
0
0
0
1
1
0
0
1
0
0
0
1
0
1
0
1
1
0
1.20737e-14
1
1.80411e-14
3.82657e-14
0
1
3.58232e-14
8.55797e-15
0
1
0
0
0
0
1
0
8.38285e-13
0
1
1
1
0
1
1
1
2.49893e-14
1
0
0
6.93889e-16
1
1
0
0
0
0
0
1
0
1
0
1
1.11577e-14
1
0
0
1
0
0
0
0
0
0
0
1
0
1
7.43849e-15
6.16174e-15
0
0
0
1
1.22125e-15
1
2.86808e-14
3.29431e-13
0
1
1
9.4369e-15
2.2408e-14
1
0
2.30464e-14
2.28983e-14
1.53766e-14
0
0
1
1
0
1
5.4623e-14
1
1
1
1.70604e-14
4.34097e-14
0
1
3.68039e-14
0
0
0
2.38698e-15
0
5.80092e-15
0
0
1
1
3.75533e-14
1
0
0
1.60982e-14
1
7.41629e-14
4.15779e-14
1
0
0
1
1.17129e-14
0
0
0
0
7.57727e-15
2.95597e-14
0
0
0
1
0
3.79419e-14
0
1.37668e-14
0
0
2.16493e-15
2.59237e-14
0
0
0
1
1.11022e-16
0
0
0
0
6.75016e-14
0
0
4.16889e-14
1
1
1
1
1
1
6.28941e-14
2.59792e-14
0
0
1.37945e-14
1.47105e-14
1
0
1
0
0
0
1
0
1
0
0
1.96787e-14
4.996e-15
0
0
1.60705e-14
0
1
0
1
2.16493e-15
2.39808e-14
0
0
2.9754e-14
0
0
1
5.05151e-14
5.88418e-15
0
1
1
0
0
1
0
1
0
1.57374e-14
0
0
0
2.26763e-14
0
1.09357e-14
1.31469e-14
0
1
1
3.2141e-14
0
1
1
1.66533e-15
1
0
1
0
8.40994e-15
5.51226e-14
1
1
1.1241e-14
0
0
0
0
2.04744e-14
0
0
2.91989e-14
1
1.90403e-14
1.85685e-14
0
1
1.44773e-13
0
1
0
1
5.23193e-15
0
0
1
1
1
1
1
1
1.27417e-13
0
1
1
3.27516e-15
0
0
0
0
0
0
1.34985e-14
0
0
1
0
0
0
1
1
0
0
1
0
1
4.996e-14
0
1
0
3.34732e-14
0
0
0
2.25375e-14
1.41831e-14
1
0
0
1
1
0
8.63198e-15
1
0
0
1
0
4.08099e-14
2.70987e-14
4.57967e-15
1
1
1
0
1
0
0
0
1
0
0
7.9751e-15
1
1.06674e-14
0
0
0
0
2.22045e-15
1.08247e-14
0
1
0
3.72202e-14
1
0
1
1
5.86753e-14
1
0
0
0
2.08167e-15
5.42066e-14
9.79772e-15
1.34337e-14
0
2.77556e-14
1
0
1
4.63518e-15
0
0
0
1.9873e-14
0
1
1
0
1.22495e-14
2.35922e-15
4.85723e-15
0
1
1
3.80251e-15
1
0
0
1
1
9.37028e-14
5.38458e-15
1
1
0
0
1.47105e-15
1
0
0
1
0
1.79671e-14
2.43694e-14
1
2.77001e-14
1
1
1
1.66533e-15
0
0
2.55629e-14
4.27436e-15
1.21014e-14
0
1
0
3.70481e-13
0
9.03115e-14
0
0
2.47025e-15
0
5.45342e-13
0
5.82867e-15
1
1
4.59632e-14
1
1
1.59872e-14
5.55112e-17
0
1
2.2804e-13
1.37668e-14
1
1
1
0
0
0
1.64313e-14
1
0
1
1.18794e-14
0
0
1
0
1
1.38778e-16
0
9.02056e-15
0
1
2.16493e-15
2.42584e-14
0
4.05231e-15
2.33424e-14
6.43929e-15
0
0
0
1.64313e-14
1
1
2.53408e-14
1
1
1
1
1
1.23605e-14
0
0
0
1
1
7.32747e-15
1
2.94209e-15
1.55431e-15
3.21104e-13
1
4.77396e-15
0
0
1
1
1
0
1
3.06699e-14
1.38778e-15
1
1
4.23735e-14
5.91101e-14
0
1
0
0
3.43336e-14
1
0
1
0
9.10383e-15
0
0
1
5.31242e-14
0
4.92328e-13
0
1
0
1
4.3493e-14
3.90243e-14
0
0
1
1
2.25375e-14
8.43769e-15
1
1
1
4.46865e-15
5.92119e-16
1
1
1
0
1.97527e-14
0
1.60057e-14
1.6348e-14
0
1
0
1
1
1
5.90361e-14
0
1
1
1
6.66134e-16
1
1
0
1
0
0
1
6.01963e-13
4.996e-16
1
1
1
0
0
0
4.06619e-14
1
0
1.54321e-14
1.50805e-15
1
0
2.37773e-14
1
0
3.9968e-15
0
0
0
0
4.996e-15
1
3.07162e-14
0
0
0
0
0
0
2.79776e-14
0
2.8616e-14
4.46865e-15
2.62013e-14
3.08642e-14
1
0
1
3.33067e-14
0
1.90958e-14
0
0
1
8.52096e-15
0
0
0
1
1
0
1.53396e-14
0
0
0
1
0
1
2.89491e-14
0
0
0
0
1
0
0
2.02061e-14
1
0
1.19349e-14
0
9.6867e-15
2.12885e-14
8.32667e-15
1
6.68909e-15
4.71845e-14
7.81597e-14
5.71765e-15
1
0
0
0
0
1
0
1.84112e-15
0
3.747e-14
1
0
8.94562e-14
5.44009e-15
1
4.31322e-14
3.34917e-15
1
1
0
0
1
1.52656e-15
9.85323e-15
0
1
1
0
0
0
1
1
0
0
1
0
1
0
0
1
0
1
1
0
5.80092e-15
0
0
1
0
1
2.55351e-14
0
0
1
1
2.10665e-14
1
0
0
0
0
0
6.02018e-14
0
2.40363e-14
1
0
0
0
0
0
1
0
0
0
3.4639e-14
6.10623e-16
0
0
1
1
0
3.83027e-15
0
0
1
0
0
0
2.34812e-14
0
4.71845e-14
0
4.64443e-15
1
1
1
0
0
1
1.00364e-13
7.28306e-14
1.48585e-14
1
3.77476e-15
3.91354e-14
0
1.83927e-14
1
1.27953e-14
1
0
0
1
2.41474e-15
2.44249e-15
4.71845e-16
0
1
0
1.00753e-14
0
1.32672e-14
1.16573e-14
1
6.50591e-14
3.68039e-14
1
6.10623e-15
0
1.61908e-14
1
1
0
0
0
1
0
0
1
0
1
2.13718e-15
1.02326e-14
1.03621e-14
0
0
0
0
0
0
0
0
1
0
0
4.72753e-13
1
1.56652e-13
0
0
0
1
1
1
0
1
0
1
1
1
4.27436e-15
0
3.9783e-15
1
0
1
1
1
0
1.26565e-14
0
0
1.04639e-14
0
0
0
0
0
1
0
0
0
0
5.55112e-17
1.00198e-14
1.31006e-14
2.72005e-14
2.34812e-14
1
2.55906e-14
1.38223e-14
0
1
0
0
0
1
0
1.27121e-14
1
1
1
9.15934e-15
0
0
0
5.21805e-15
9.61268e-15
0
1
1
0
1
1
0
2.59515e-14
1
4.45255e-13
0
1
1.77636e-15
0
1
1.69309e-14
1
0
0
7.91034e-16
1
7.51251e-15
1
6.10623e-16
2.08722e-14
0
1
1
9.71445e-15
0
2.18991e-14
1.33227e-14
1
0
3.71925e-15
1
3.01981e-14
1
1
1
8.54872e-15
6.02296e-15
1.96417e-14
0
5.96745e-15
1
0
0
1
1
0
0
0
1
1
1
0
1.85407e-14
1
1
0
0
0
3.73647e-14
0
0
3.11788e-14
2.75613e-14
2.78677e-13
5.83054e-14
0
1
1
1
1
1
1
1
1
1
3.38618e-15
0
7.25068e-14
3.78586e-14
1
0
0
4.11893e-14
1
1
9.15934e-16
1
0
1.67089e-14
3.9968e-15
0
2.39808e-14
1
9.10383e-15
7.17944e-15
0
1
0
3.91354e-15
1
1
6.27276e-15
1
2.65066e-15
0
0
1
1
1.44329e-15
6.99441e-15
0
0
1
1
2.03911e-14
1
0
0
0
0
1.30451e-14
0
0
1
5.55112e-17
1
1
0
0
5.20139e-14
1.51157e-13
4.0946e-13
2.76723e-14
1
1
0
3.83027e-15
0
2.77556e-17
1
0
0
1.4729e-14
2.9976e-15
1
0
9.83473e-15
0
0
0
0
0
2.69229e-14
4.58245e-14
1
0
0
0
3.73775e-15
0
0
3.48332e-14
0
0
0
0
0
0
0
2.12885e-14
0
1
1
9.71445e-15
1.35077e-15
1
1
0
1.0672e-14
1.58484e-14
1
0
0
1
0
0
5.00843e-13
1
0
0
0
1
1
1
0
0
1
0
1
1.66533e-14
1
0
4.14113e-14
2.70894e-14
0
0
3.33344e-14
0
1
1
0
1.17406e-14
0
1
3.13268e-14
1
0
0
0
0
8.04912e-15
1.05194e-14
3.46945e-15
1
0
1.58207e-14
3.5999e-14
1
0
0
0
0
0
8.88178e-15
0
0
7.93809e-15
4.72955e-14
3.68316e-14
6.12288e-14
1
1.23512e-14
1
8.40994e-15
0
0
1
1.62648e-14
1
0
0
0
0
4.27158e-14
2.4758e-14
0
0
0
1
2.05391e-14
1
0
1
1.42571e-14
1
1.09357e-14
0
0
1
0
0
0
0
0
0
1
1
0
0
0
1
1
3.1064e-13
0
4.28629e-13
3.07994e-14
1
0
8.27116e-15
0
0
1.56541e-14
2.37033e-14
0
1
1
1
4.24938e-14
1
1
7.32747e-15
0
4.62223e-14
0
1
0
7.04992e-15
1
1.44051e-14
4.16334e-14
0
5.01821e-14
0
4.06853e-13
1
1
0
0
1
0
1
0
0
1
1.92294e-14
1
1
1.63758e-14
0
0
1.26565e-14
1
0
4.55191e-15
0
0
1.52933e-14
1
1
0
1
0
5.81017e-15
0
0
0
0
1
1
7.71605e-15
0
1
0
4.11338e-14
2.22822e-13
0
1
7.13318e-14
0
0
3.02536e-14
7.51251e-15
0
0
2.37588e-14
0
0
1
0
1
1
1
1
0
0
2.77556e-16
0
1.33782e-14
1
0
1
2.59052e-15
0
1.385e-14
0
0
1
1
0
3.66374e-15
1.19349e-14
0
0
0
3.39543e-15
1
2.53964e-15
1
0
2.77556e-17
1
2.50633e-14
3.88578e-15
2.29909e-14
0
1.19349e-14
0
0
1
0
2.21489e-14
1
1
1
1
0
1
2.51188e-14
0
5.55112e-15
1
5.82867e-15
0
1.87073e-14
1
1
2.15383e-14
0
2.06224e-14
0
1
8.49321e-15
1
0
1
0
0
1
0
0
0
1
3.09863e-13
2.93099e-14
0
1
1
1
0
0
1
1.59683e-13
1
1
0
0
0
6.66134e-16
1
0
0
0
0
1
2.52298e-14
3.62488e-14
1
0
1
1
0
1.53488e-14
1.36835e-14
7.46625e-15
2.62753e-14
1.03251e-14
1
0
4.44089e-16
0
6.71685e-14
0
1
1.22125e-14
3.05034e-14
0
7.24421e-15
0
2.78111e-14
1
6.8473e-14
0
0
1
5.57758e-13
3.53051e-14
0
0
0
0
2.42861e-14
1
6.66134e-15
1.4803e-16
5.64363e-15
1
0
1
8.60423e-15
0
0
7.88258e-14
1
0
1
0
1
1
1
2.0095e-14
3.27516e-15
0
0
1
0
9.32587e-15
0
1
1.57097e-14
0
7.27196e-15
0
0
5.52336e-15
0
1
1
2.40918e-14
1
0
1
1
0
3.10307e-14
1
2.362e-14
0
0
3.11973e-14
1
1.3281e-13
0
0
1
0
0
0
1
0
1
1.15186e-14
0
5.30131e-15
9.00668e-14
1
1.25455e-14
0
0
1
1
0
2.16382e-13
1.76359e-14
0
1
1
1
1
0
1
0
1
3.57492e-14
0
0
1
2.49245e-14
0
3.27516e-14
0
9.35363e-15
0
1
2.08167e-14
1
0
0
0
1
5.91194e-15
1.05471e-14
1
0
0
0
0
4.40759e-14
9.12233e-15
6.40377e-13
1
2.27318e-14
1
2.52021e-14
1.68754e-14
1
1
0
2.498e-14
0
1.44607e-14
0
5.76048e-13
2.8047e-14
1
2.84495e-14
0
1
0
0
0
0
0
1.66533e-14
1.4766e-14
1
1
2.74225e-14
0
0
5.4215e-13
1
1
2.498e-15
0
1
0
0
1.65701e-14
0
0
2.80979e-14
0
0
0
0
7.66054e-15
0
1.76525e-14
1
1.51545e-14
1
4.16334e-15
1
1
2.44527e-14
1
2.02616e-15
1
0
0
0
1
1.1352e-14
1.79023e-14
0
0
3.1003e-14
0
0
1
2.07057e-14
0
1
1
1
0
0
0
2.77556e-17
1.07137e-14
3.94684e-14
2.24339e-13
0
0
5.7091e-13
1
1
0
0
1
0
1
0
0
1
1.39777e-13
1
0
0
5.53261e-15
1
1.15741e-14
0
1
2.70062e-14
3.39173e-14
0
2.49523e-14
2.32037e-14
1
0
0
1
0
1
0
9.9365e-15
0
0
2.88658e-15
1
0
0
1.4803e-16
0
0
0
0
2.89491e-14
8.18789e-15
0
3.02536e-15
0
0
0
0
0
2.9828e-14
4.57615e-13
0
1
0
1.80411e-14
0
1
0
0
0
0
1.21384e-14
0
0
4.71845e-15
0
0
0
0
1.3628e-14
0
0
2.32037e-14
1
0
1
1
3.61933e-14
2.53686e-14
0
1
2.10757e-14
1
3.76366e-14
2.23155e-14
1
0
1
3.42319e-15
1
1
1
2.10942e-13
0
1
1
0
3.33067e-16
4.88498e-15
0
6.13398e-15
1
1
1
9.62193e-16
4.09117e-14
3.48777e-13
1
1
0
1
0
1
1
3.0892e-14
5.27356e-16
0
3.9968e-15
0
0
1
1
0
0
1
2.86993e-14
4.14113e-14
0
1
7.91589e-14
1
5.83172e-14
0
1
0
1
1
1
0
6.03517e-13
0
1
3.1003e-14
1
6.68632e-14
2.65898e-14
0
1.66533e-15
1
1
0
1
0
5.05151e-15
0
1
3.71925e-15
1
0
0
0
0
2.42029e-14
5.52336e-14
0
1.55801e-14
1
1
0
1
0
1
3.80251e-15
2.29261e-14
1
0
1
1
0
1
2.21212e-14
2.11775e-14
0
0
0
0
1
0
1
2.9643e-14
1
1
0
1
0
1
0
2.84495e-14
1
1
1
0
3.95517e-14
0
0
1
1.52656e-14
0
0
0
6.38378e-15
1.113e-14
1
1
0
0
0
6.82787e-15
1
1
2.97355e-14
1
2.53131e-14
0
1
1
2.29816e-14
0
0
0
1
1
2.12608e-14
0
0
2.51743e-14
0
0
3.49073e-14
3.63598e-14
7.24421e-15
1.03806e-14
0
0
0
2.59885e-14
0
1
3.52496e-14
6.4533e-13
0
1.39444e-13
1
0
1.25739e-12
0
0
1
1
5.9545e-14
1
1
1
1
0
0
0
0
3.94129e-15
4.09302e-14
0
0
1
0
0
3.18634e-14
1.78376e-14
0
0
1
0
0
3.17524e-14
9.04832e-15
1
0
2.8838e-14
9.75146e-15
0
1.96139e-15
1.26843e-14
3.36398e-14
0
1
1
0
1
0
2.93654e-14
1
1
1.60057e-14
1
0
2.74493e-13
1
0
0
9.65894e-15
6.02296e-15
1.07692e-14
1.42941e-14
1
1
0
0
0
0
2.30649e-14
0
1
0
0
1.90958e-14
0
1
0
1
1
0
0
4.61853e-14
1
0
1
1
1
0
1.756e-14
2.94764e-14
2.73948e-14
1
2.09832e-14
1
1
2.30094e-14
5.25469e-13
0
6.3613e-13
0
1.36002e-14
1
0
1
1
0
2.90046e-14
5.13478e-15
0
2.52576e-15
0
2.02061e-14
1
1.19904e-14
0
1
1
0
1.87073e-14
0
1
0
7.63278e-15
6.89448e-14
1
0
0
0
1
1
0
4.36984e-13
1
0
1
2.16493e-14
1
0
0
1
1
0
1
1.00475e-13
3.03739e-14
0
1
0
1
1
8.32667e-16
1
1
1
1
1
1
8.89566e-15
1
1
0
8.08242e-14
1.14353e-14
0
0
1
1
1.1241e-14
0
4.40759e-14
1
1.1241e-14
0
0
1
0
1
2.72005e-15
9.33142e-14
6.60583e-15
2.67009e-14
2.26485e-14
1
0
1.50435e-14
1.06026e-14
1
1
1
2.21212e-14
6.66134e-14
1
1
0
0
1
0
3.4972e-15
1.02696e-14
5.72875e-14
0
1
1
0
2.42306e-14
0
0
0
1
0
1
0
1
1.86795e-14
1
0
0
1
1
0
2.87548e-14
1
0
1.74305e-14
1
1.58484e-14
0
0
0
1
0
0
1
2.76168e-14
0
1
1
1.66533e-15
0
0
1
0
0
1
1
0
0
0
0
0
0
1
0
1
0
0
1
1
1
1.57374e-14
0
1
1
0
4.55191e-14
1.89015e-14
3.40838e-14
4.45755e-14
1.4988e-15
1.15741e-14
1
1
1
1.08247e-15
2.90323e-14
0
0
1
0
0
1
0
0
1
1
0
1
5.04966e-14
0
0
1.08247e-15
1
1
1
0
0
0
1
1
0
1
8.60423e-16
1
0
2.49523e-14
2.3398e-14
2.4795e-14
1
0
1
0
1
0
1
0
1
1
1
0
0
0
0
4.19109e-15
0
0
1
4.29194e-14
0
0
3.91909e-14
1
1
7.10543e-15
1
1
1
1.66533e-16
2.17419e-14
1
1
0
1.84297e-14
1
1
1
0
1
2.05946e-14
0
0
0
1
0
1
0
5.02376e-14
0
0
1.41553e-15
0
0
1
6.9648e-14
0
2.51372e-13
0
0
0
4.41869e-14
0
1
0
1
0
1.12521e-13
1
1
4.10783e-15
3.02536e-14
4.724e-14
1
1
0
1
0
1
0
0
0
1
0
0
0
1
1.46549e-14
4.51491e-15
1.65701e-14
1
1
0
1
0
4.20219e-14
0
0
1
0
1.40998e-14
1.85777e-14
1.8513e-14
0
0
3.30939e-14
3.18356e-14
1
1
4.66294e-15
0
1
3.2363e-14
0
1
1
0
5.77871e-14
4.44089e-15
0
3.08087e-15
1
0
1
1.97065e-15
1
1.21847e-13
1.23512e-14
1.32672e-14
0
1
1
8.71525e-15
1
5.85365e-14
2.22322e-14
1
0
1
1
0
1
1
1
0
0
0
1
0
1
0
0
1
0
4.17166e-14
0
1
0
4.52231e-14
1
1
4.34097e-14
0
1
0
0
1.1452e-13
0
1
1
5.44009e-15
0
1
1
1
0
0
0
0
1
1.90681e-14
0
0
2.44249e-13
1
1
5.4697e-14
1
1
1
1
0
5.60663e-14
1
9.17784e-15
8.64864e-14
0
1
0
3.05866e-14
0
3.73312e-14
1
1
0
5.64178e-14
0
1
5.30964e-14
2.44804e-14
1.77358e-14
0
0
0
8.81517e-14
0
0
1
0
1
2.02893e-14
1
1
4.2133e-14
1
4.00791e-14
1
1
0
1
3.33622e-14
1
0
1
1
0
1
1.65423e-14
1
3.19467e-14
1
0
6.03961e-14
1
1
1
0
1.27676e-14
0
3.44169e-15
4.04399e-14
0
1
0
1
0
0
0
0
0
0
1
1
1
1
1
1
5.20417e-14
1
5.27356e-15
0
8.38218e-15
1
5.50671e-14
0
1.45717e-14
0
0
0
8.21565e-15
6.85563e-15
0
6.9574e-15
0
1
1
1
0
1
1
0
1
1.28508e-14
1
0
4.17444e-13
2.03689e-13
0
1
0
5.40605e-13
1
1.33504e-14
1
0
1
6.28386e-14
1
1
1
1.26843e-14
0
0
0
3.64801e-14
0
0
1.63758e-14
1
3.61378e-14
1.55431e-14
2.90323e-14
1
0
1
0
1
6.87228e-14
1
2.0058e-14
1
1
1
2.69229e-14
1
0
0
3.44169e-14
4.29101e-14
0
1
1
0
0
1.32394e-14
0
1
0
1
2.59237e-14
1.23512e-14
1
0
0
0
0
0
0
0
0
0
0
0
1
0
4.38261e-14
4.08562e-14
1.90958e-14
0
1.20182e-14
0
0
1
1
0
1
1
0
0
1
7.51621e-14
1
0
0
9.46465e-15
1
0
3.19189e-15
0
1
0
1
1
0
1
1
0
5.37348e-14
1
0
1.20459e-14
1
1
1
1
1
1
1
7.54952e-15
0
1
1
9.96703e-14
0
0
0
5.20333e-14
1
0
0
0
1
1
1
2.19288e-13
1
1
1
1
1.20182e-13
1
0
1
1
1.34892e-14
0
1.42941e-14
3.62673e-15
0
0
2.47302e-14
1
1
5.4956e-15
1
7.03604e-14
0
0
0
1
0
0
6.18949e-14
0
1.5854e-13
0
0
2.64233e-14
1
2.78388e-14
2.78944e-14
1
1
6.91114e-14
1
0
1
1
1
1
0
0
0
6.02851e-14
1
0
1
5.67324e-14
0
0
0
3.13638e-14
0
0
0
1.68754e-14
1.18424e-15
2.03448e-14
1
8.46545e-15
0
0
1
1
1
0
1
6.26166e-14
0
1
0
0
0
1
1
8.31279e-14
1
4.996e-16
0
4.69624e-14
1
2.81442e-14
1
1
3.4972e-15
0
1
0
1
1.05749e-14
0
1
1
4.04121e-14
3.75255e-14
3.87745e-14
0
0
0
8.79852e-15
0
1
1
2.96073e-13
0
1.07025e-13
0
2.12663e-13
0
1.35946e-13
8.21843e-14
1
1
1
1
1
1
1
0
1
0
0
1
1
1
8.16014e-15
1
1.61908e-15
1
0
1
1
1
0
1
0
0
0
1.83464e-14
0
1
4.33542e-14
0
1
1.34337e-14
0
5.20139e-14
2.75058e-14
0
2.80331e-15
1
0
0
1
1.83742e-14
3.19189e-14
1
3.04756e-14
1
1
1
2.45359e-14
7.66054e-15
7.27196e-15
2.77001e-14
5.65104e-14
1.11022e-16
7.69107e-14
1
2.20934e-14
1
1
1
1
1
0
1
7.63278e-15
3.66374e-14
1
1
0
0
0
0
0
4.11893e-14
0
1
0
1
0
1
1
0
0
7.88258e-15
3.70074e-17
0
1
1
0
1
0
0
3.06144e-14
0
2.56184e-14
2.29261e-14
7.24235e-14
1
0
5.29206e-15
3.2585e-14
1
0
0
1
5.92304e-14
0
7.08322e-14
7.0749e-14
0
0
2.9754e-14
1.60723e-13
1
0
1
1
1
3.24185e-14
1.72917e-14
1
1
0
2.77556e-17
1.0586e-13
0
1
1
5.52336e-15
0
0
4.09302e-14
0
1
1
0
0
1
1
9.82547e-15
9.4369e-16
2.15938e-14
5.41234e-16
0
0
1.29526e-15
0
0
3.55549e-14
0
1
1.4988e-15
0
6.94815e-15
2.24265e-14
0
1
0
4.66571e-14
1
1
5.90916e-14
1
1.01215e-14
1
1.77636e-15
1
0
1
3.57122e-15
6.05072e-15
3.21965e-15
0
1
0
1
1
1
1
3.8497e-14
1
1
0
1
1.5173e-14
3.18218e-14
1
0
3.05311e-16
2.31759e-14
6.53366e-14
0
0
1.39888e-14
1
0
1
1
1
1
1
1.80966e-14
0
1
0
1
1.20274e-15
3.9968e-15
0
0
2.96985e-14
0
2.67841e-14
1.57467e-14
7.60503e-15
1
0
0
1
1
0
1
0
0
2.74503e-14
1
1
5.94247e-14
0
2.16002e-13
0
1.06637e-13
1
0
1
0
1
0
0
1
1
1
1.25178e-14
1
0
0
1.06859e-14
1
2.8394e-14
1
1.46549e-14
0
0
0
2.45359e-14
1
1.92069e-14
1.70142e-14
1
1.72085e-15
1
2.20934e-14
4.4964e-15
1
0
3.20022e-14
0
0
0
0
2.0058e-14
0
1
0
0
2.15013e-14
0
1.46179e-15
1
2.01876e-14
1
1
9.71445e-15
0
2.37588e-14
1
1
0
1
3.4639e-14
8.88178e-16
0
1
0
1
0
0
0
0
3.66929e-14
0
1
1
1.12096e-13
1
1
1
1
0
8.6875e-15
0
0
0
0
1
0
6.85563e-15
1
1
0
3.39266e-14
0
0
0
0
0
1
1
0
1
0
5.01451e-15
0
1
1
2.29446e-15
3.38618e-14
0
1
1
0
4.04399e-14
0
0
1
0
4.7462e-15
0
0
0
1
0
0
0
1.9662e-13
1
1
7.77156e-15
1
1
1
0
0
0
0
0
1.51545e-14
0
0
0
7.02216e-15
1
1
0
1
0
2.04281e-14
0
1.77636e-15
0
3.55549e-14
0
1
1.79856e-14
1.06304e-14
0
0
0
0
0
0
0
1
0
9.4702e-14
1
1.74583e-14
1.79486e-14
2.02616e-14
0
1
0
1
0
1.42109e-14
0
0
0
1
1
1
1
1
7.49401e-15
0
1
0
0
1
0
0
0
4.996e-15
0
1
0
2.17511e-14
1
1
0
2.04651e-14
0
1.84667e-14
0
8.22953e-14
1
0
1
0
1
5.08621e-14
0
1
7.59393e-14
1
0
0
0
0
1
1
0
3.90243e-14
1
0
8.21565e-15
0
0
2.70154e-14
9.99201e-16
1
0
0
1
1
0
6.07514e-13
0
1
0
0
0
0
0
1
1
7.37188e-14
5.9619e-14
6.40599e-14
1
1
1
0
1.29285e-13
1
1
6.93889e-16
1
0
1.26843e-14
5.88418e-15
0
0
0
0
1
4.62593e-15
0
0
1
0
0
5.55112e-17
0
1
0
1.49566e-13
1
9.13158e-15
0
1
1
1
0
2.86993e-14
1
1
1
1
1.65978e-14
1
0
0
5.94247e-14
1
1
2.2593e-14
1
1
1
1.66256e-14
0
1
0
1
0
1.16573e-14
0
1
0
1
0
0
0
0
0
0
3.85803e-15
0
4.44089e-16
9.31662e-15
1.60705e-14
1.22125e-15
0
1
1
1
6.19227e-14
1.69216e-14
0
0
0
0
1.41553e-15
1
1
7.18869e-15
1
4.63518e-14
6.16174e-15
2.27318e-14
0
1
1
0
0
0
6.2376e-14
6.42079e-15
0
0
1
1
0
9.57567e-15
0
0
0
1
1
0
1
0
1
0
0
1
1
1
6.66134e-16
5.21805e-15
1.39796e-14
1
1.68754e-14
0
1
1
2.15938e-14
0
1
0
0
5.00988e-14
0
1
1
5.29021e-14
1
1
0
0
1.2675e-14
0
1
9.5618e-14
0
0
1
1.29341e-14
1
0
0
1.53211e-14
1
1
4.15779e-14
1
0
1
1
0
3.45002e-14
1
0
1
7.40149e-17
0
1
1
1
0
1
0
1
1
1
1
1
0
0
9.76996e-15
1
7.50788e-14
1
2.9643e-14
1
5.05429e-14
2.42029e-14
0
0
0
0
0
5.91194e-15
5.98595e-15
1
1
1
0
0
1
1
1
1
0
1
1
1
0
1
2.24265e-14
0
1
0
1.3628e-14
0
0
1.62648e-14
1
1
1
0
0
3.9968e-14
0
0
1
0
0
0
0
0
1
1
1
1
0
2.9643e-14
0
0
0
1.59595e-14
1
1
2.53131e-14
8.77076e-15
0
1
1.45994e-14
1
1.39611e-14
1
3.41856e-14
0
1.86517e-14
0
0
2.3509e-14
1
0
1.43774e-14
1
2.33147e-15
1
1
1
0
0
4.14113e-14
1
1.38778e-17
5.03486e-14
1
0
4.71845e-15
1
2.44804e-14
1
8.60423e-15
0
0
2.01968e-14
1.54506e-15
0
1
0
1
1
0
4.93772e-14
1
0
1
0
4.19942e-14
1
1
0
1
1
1.29711e-14
3.44169e-15
2.31482e-14
1
1
3.57492e-14
8.04912e-16
1
0
1
3.02536e-15
1
1
0
1
0
0
6.16174e-15
0
4.60743e-14
0
0
3.36953e-14
1
2.634e-14
2.20194e-14
4.76563e-14
9.99201e-16
0
1
1
1
2.04096e-14
1.52101e-14
1
1
0
1
0
9.21485e-15
1
0
0
9.88712e-13
2.05269e-13
8.88178e-16
1
1
0
0
1
1
1
6.8695e-14
1
1
1
1.91513e-15
3.42226e-14
1
6.87598e-14
0
0
0
1
0
1
1
1.12133e-14
9.29812e-15
0
1
2.27596e-14
0
0
2.67564e-14
1
0
0
0
0
1
5.54834e-14
8.98726e-14
9.65894e-15
1
1
1
1.87905e-14
0
3.21965e-15
1
0
0
3.41116e-14
1
1
1
0
0
1
0
1
1
0
0
0
1
1
1
0
0
1
1
0
3.16414e-15
1
2.69229e-15
0
0
1
0
0
4.71845e-15
1
1
0
1.11577e-14
0
0
1
0
1.94289e-15
1
1
7.01291e-15
0
0
0
0
1
1.83187e-15
1
1.66533e-15
0
1
1
1
0
1
0
5.55112e-17
3.05866e-14
4.92939e-14
1.0103e-14
0
0
0
0
1
1
0
0
3.82639e-13
5.9619e-14
0
9.71445e-14
0
1
0
1
0
1
1
1
0
1
7.75491e-14
6.2339e-14
1
0
0
4.55191e-15
0
0
0
0
0
1
1
1
1
1
1
0
0
6.4948e-15
0
1
0
0
1.15186e-14
0
1
0
0
8.63198e-15
9.88098e-15
1
1
1
0
1.16296e-14
0
8.85403e-15
1
1
1.719e-14
1
1
3.13083e-14
0
0
4.44089e-15
0
0
1
0
0
3.25018e-14
1
4.7462e-15
0
0
3.19189e-14
1
1
1
7.32747e-15
1
0
1.94289e-14
0
1.00475e-14
1
0
0
1
1
0
5.46785e-15
1
1
1.1217e-13
0
1
0
1
0
2.62383e-14
2.10942e-14
9.82547e-15
2.01228e-14
2.3657e-14
0
0
0
4.15223e-14
0
0
0
4.10783e-15
0
2.30371e-14
2.9754e-14
2.62568e-14
0
0
1
0
0
0
8.18168e-14
1
0
0
0
0
1
1
1
0
1
0
1
1
1
4.44089e-16
2.81164e-14
1
1
0
2.65713e-14
0
4.82947e-15
5.92489e-14
1
1.52101e-14
1
0
1
0
0
0
5.91194e-15
0
0
2.86993e-14
9.21485e-15
1
0
0
0
1
1.32672e-14
0
0
1.10652e-14
1
0
3.747e-15
1
0
0
3.9968e-15
1
0
0
6.99441e-14
1
4.89608e-14
1.11022e-15
0
0
0
1.39666e-13
0
0
1
1
1
1
0
1
0
0
0
0
0
2.40918e-14
5.4956e-15
2.65158e-14
1
4.29101e-14
1
0
0
2.88658e-15
1
1.16018e-14
1
1
1.83742e-14
0
0
1
1
1
1
0
1.15186e-14
1
1
0
1
0
3.52773e-14
0
0
0
0
1.82077e-14
1.22125e-15
0
1.05471e-15
3.34825e-14
1
0
2.99871e-13
5.16254e-14
0
0
0
0
2.30371e-15
0
1
0
1
0
0
1
1
1
4.31137e-15
0
1.45994e-14
1
1
1
1
0
0
1
1.76525e-14
6.21725e-15
1.11577e-14
1
0
1
0
0
2.86808e-14
1
0
0
1.18424e-14
1
1
1
1
1.63203e-14
1
1
0
1
1
1
1
9.10383e-15
1.82077e-14
2.94209e-15
0
8.61533e-14
1
0
0
1
1.47105e-14
1.36928e-15
0
0
0
0
1
0
1
4.47697e-14
1
8.86791e-14
2.26208e-14
0
1.37113e-14
1.80411e-14
6.80012e-15
0
5.55112e-16
0
1
2.06501e-14
0
0
3.86635e-14
5.54279e-14
1
8.22675e-14
1
9.76996e-15
0
1
1
0
0
1.63425e-13
3.10585e-14
1
4.33079e-14
1
0
0
0
1
0
1
0
1
1
0
1
0
1
0
0
0
1
0
1
1
0
0
0
1
0
0
3.37707e-13
8.32667e-15
1
1
1
0
1
5.92859e-14
1
1.94289e-14
1
1.50158e-14
1
0
1
0
0
1
1.72917e-14
0
0
1
0
0
9.71445e-15
5.16254e-15
0
1.28231e-14
0
0
0
1
0
4.25215e-14
0
1
1
1
1
1
0
1
1
0
1
1
0
1
0
2.23155e-14
1
1.58762e-14
0
0
0
0
0
1.70974e-14
0
1.03019e-13
1
0
0
1
0
7.25808e-14
0
0
1
1.39055e-14
1
1
0
4.66294e-15
1
0
1.81799e-14
1
1.01215e-14
1
0
0
1
1
1
1
1.06998e-14
1
0
0
4.7462e-15
0
0
4.29101e-14
0
1
0
0
1
1.09079e-14
7.60503e-15
1
0
0
0
1
0
0
0
1
0
1
1
0
0
0
1
0
4.72677e-14
0
2.73506e-14
1.36928e-15
1
1
1
3.66374e-15
0
1
0
0
0
0
0
0
1
3.95239e-14
0
0
1
9.60343e-15
1
0
0
0
0
1
1
0
0
1
0
0
2.93099e-14
0
4.63518e-15
0
6.16174e-15
0
3.71925e-15
1
1
1
1
0
3.11418e-14
2.498e-15
0
2.84772e-14
1
1
0
1
0
1
6.90189e-15
7.01291e-15
1
0
5.15699e-14
1
1
1.66533e-15
6.11363e-14
1
0
0
0
0
0
3.80529e-14
1
1
0
1
0
9.6867e-15
0
1
2.03541e-16
1
1
0
1
1
0
0
5.00155e-14
2.83662e-14
3.88578e-15
1
0
0
1.40813e-14
0
0
0
1.9984e-14
3.65263e-14
4.97935e-14
0
1
5.60663e-15
0
1
1
1
1
0
0
3.90799e-14
1
1
0
0
0
1
0
0
0
3.01981e-14
1
1
1
0
1
0
1
1
1.39333e-14
1.07137e-14
1
0
4.57967e-15
1
0
4.84612e-14
1
2.82552e-14
0
0
1
6.71685e-15
1
2.39531e-14
1.72362e-14
0
1
5.36238e-14
0
0
2.12608e-14
1
0
5.43315e-14
0
0
1
1
1.02696e-15
0
0
0
5.41234e-15
1.74583e-14
1
0
1
1
1
0
4.51491e-15
1
0
0
0
1
0
1
1.11022e-16
1
3.59527e-14
2.15106e-14
0
1
0
0
0
0
1
0
0
0
6.02296e-15
0
1
3.50275e-14
0
1
7.16094e-15
0
1
0
0
1
1
1
1
0
3.33067e-16
1
1
0
0
1
6.30977e-15
0
0
3.44169e-14
0
3.475e-14
0
0
0
0
1.55431e-15
0
0
0
0
1
2.0813e-13
1.02733e-13
6.05738e-13
1.58984e-13
1
1
5.17919e-14
2.30926e-13
6.70575e-14
3.12676e-13
1
1
1.37446e-13
6.62248e-14
5.16254e-14
1
1
0
1
0
0
5.81757e-14
0
1
0
0
0
0
1
1
1
0
0
0
1
1
1
1
1
1
0
1
2.41474e-14
1.32302e-15
0
1.3739e-14
1
0
1
0
1
0
0
9.88098e-15
0
1
0
9.10383e-15
0
0
1
1.4951e-14
1.12595e-14
1
0
1
1
0
1
1
3.69149e-14
1.04694e-13
4.34375e-14
0
0
1
1
1.14908e-14
1.76155e-14
1
0
0
1
0
0
1.52656e-15
1
2.34165e-14
4.40203e-14
1
0
1
1
0
0
0
1.4877e-14
1
0
1
2.4758e-14
0
9.76996e-15
2.44157e-14
2.70894e-14
1
0
1
1
3.9635e-14
0
2.59237e-14
1
0
0
0
0
0
1
1
0
0
3.03723e-13
1
0
0
0
1
0
1
5.75096e-14
1
0
4.44089e-16
1
1
1
0
0
1
1
1
1
1
0
0
0
1
0
0
0
1.07692e-14
0
1
1
0
2.60902e-14
2.362e-14
1
1
0
0
0
1.28231e-14
0
0
1.11022e-15
3.53051e-14
1
0
1
3.93019e-14
6.60028e-14
0
0
1
0
6.08772e-15
1
1
0
4.64906e-14
3.74423e-14
0
1
1
1.88738e-15
1.113e-14
0
1
0
0
0
1
0
1
1
1
0
0
2.35922e-15
1
0
1
1
1
0
0
1
0
0
1
1
1
1
1
0
1
1.16573e-14
1
2.76168e-14
1
1
0
2.72005e-15
1
0
0
6.30052e-15
0
0
0
2.60902e-15
0
0
9.38138e-15
1
1
0
1.68865e-13
0
0
1
0
0
3.72333e-13
0
0
1
1
1
1
4.44089e-16
1
1
5.21805e-14
1
1
0
0
2.42769e-14
1.9873e-14
0
0
0
0
8.10463e-15
1.41553e-15
1
1.21292e-14
1
0
1.18424e-15
1.86795e-14
0
0
1.25178e-14
1
0
1
0
0
7.82707e-15
1
0
3.90058e-14
1
1
1
0
0
0
0
1
1
1
8.38218e-15
0
0
3.09197e-14
1.21569e-14
2.64788e-14
1
0
1
1
1
1
0
0
1
0
3.98293e-14
0
1
1
1
0
3.12528e-14
0
1.249e-15
2.55351e-15
3.07532e-14
5.62883e-14
1
2.02338e-14
2.44249e-15
1.91884e-14
9.32587e-15
0
1
1
1.79023e-14
1
0
9.15934e-15
0
1.65423e-14
1
1
0
1
1
1
0
0
0
1.67644e-14
0
5.47895e-14
7.37743e-14
1.67089e-14
2.2482e-15
1
1
1.83187e-15
1
1
0
0
1
1
1
1
3.28591e-13
0
7.77156e-14
1
1
0
1
0
1
1
0
0
0
0
0
0
0
1
0
1
0
0
0
0
0
2.32037e-14
1.27676e-15
1
0
1
2.41751e-14
1
1
0
1
0
7.10265e-14
0
0
1
0
1
0
0
0
1
3.2474e-14
0
0
1
6.29126e-15
0
2.41196e-14
0
0
0
0
1
1
0
0
0
2.77556e-17
1
1
0
3.49165e-14
2.14088e-14
1
1
5.21527e-14
0
1
1.13798e-15
2.77556e-17
3.9746e-14
1
0
0
0
2.58127e-14
1
1
0
1.38778e-16
1
1
1
1
3.21965e-14
0
4.49085e-14
1
1
1
1
0
1
1
1
1
1
0
6.30052e-15
0
0
6.60583e-15
0
2.13718e-15
3.27238e-14
0
0
1
0
0
0
0
0
0
8.33111e-13
1
1.81336e-14
1
0
1
1
1
1
0
1
1
1
0
4.83502e-14
0
9.99201e-15
2.73115e-14
0
0
1
1
1
0
0
0
1
2.02061e-14
0
0
0
0
1
4.996e-16
0
2.08555e-13
1
1
0
3.08087e-14
1.58207e-15
1
1
0
1.29619e-14
0
0
0
0
6.41154e-15
0
0
0
0
0
0
3.75718e-14
0
1
0
3.32697e-14
1
0
1
0
1
0
3.20022e-14
1
0
1
1
0
0
1
1
3.85803e-15
0
8.88178e-16
0
0
0
0
2.1011e-14
1.78191e-14
1
1
1
1
3.40006e-15
0
2.37588e-14
2.08167e-14
0
0
0
0
1
2.15291e-14
8.7097e-14
2.07612e-14
3.55271e-15
0
0
0
2.2371e-14
0
2.27596e-15
1
0
3.10862e-15
0
3.70814e-14
1.68865e-13
0
4.11443e-14
1
1
1.16795e-13
0
0
1
1
1
0
1
4.44089e-16
1
1
4.85167e-14
1
1
0
5.07557e-14
3.05404e-14
1
1
0
0
1
1.27676e-15
0
4.2096e-15
1.14353e-14
6.10623e-15
0
1
1
1.50435e-14
0
3.48055e-14
0
1
5.34017e-14
8.00841e-14
1
0
0
0
2.67841e-14
0
0
0
0
0
1
0
1
5.26616e-14
0
1
1
1.54876e-14
0
1.02696e-14
1.81707e-14
6.03684e-14
8.32667e-17
5.68989e-15
1
0
1
1
1
0
2.69229e-14
0
1
1
3.44169e-15
1
9.99201e-16
1
0
1
2.58127e-15
0
4.33542e-14
1.22587e-14
1
1
0
1
1
1
1
2.94209e-14
0
8.32667e-16
4.69902e-14
0
0
1
0
0
1.23605e-14
6.14508e-14
2.85882e-14
1
0
0
1
0
1
0
1.82077e-14
0
1
0
1
1
1
0
0
5.40632e-13
1
1
0
2.63342e-13
1
0
1
0
1
1.11022e-15
4.44089e-16
1
0
0
0
1
0
0
0
0
1.94289e-15
0
1
1.61815e-14
0
2.60902e-15
1
1
4.82947e-15
0
1
1
8.56815e-14
0
3.56104e-14
3.99125e-14
2.41474e-15
2.29816e-14
4.98583e-14
0
3.83027e-15
4.90349e-16
0
0
0
0
8.52096e-15
0
0
1
1.44051e-14
1
2.07612e-14
1
0
1
1
0
1.77081e-14
0
9.29812e-15
0
0
1
1
1
1
0
0
5.66214e-15
0
1
0
2.43694e-14
0
0
1
0
3.41949e-14
0
0
0
1
1
0
0
1
0
1
4.80727e-14
0
1
1.11577e-14
1
0
0
0
1.10745e-14
0
0
0
1
0
0
0
1
1
6.97498e-14
1
1
1.4877e-14
2.59237e-14
9.27036e-15
2.31482e-14
1
1
0
0
2.87021e-13
1
1
5.10703e-14
8.24786e-14
0
1.27676e-13
0
1
1
1
0
1
1
1
9.36288e-15
0
1
1
0
1.2675e-15
0
5.14866e-14
1
1
0
0
5.63438e-15
1.42109e-14
0
1
1
0
3.02166e-14
0
0
0
1
1
1.72085e-15
1
1
9.99201e-15
1
0
1
6.79086e-15
0
0
0
0
1
1
1.49603e-14
1.32394e-14
1.22957e-14
0
8.9373e-15
2.26763e-14
1
3.94129e-14
2.2593e-14
8.71525e-15
1
1.19349e-14
0
0
0
5.66214e-15
1
1.7227e-14
0
0
2.95874e-14
1
0
0
0
1.33227e-14
3.4602e-15
2.04189e-14
0
1
1
0
0
6.10623e-16
8.80777e-15
1
1
1
0
1
0
0
0
0
1
1.29896e-14
1
0
0
0
5.96745e-14
1
0
1.07414e-14
3.16414e-14
1
8.02136e-15
0
1
0
0
1.63018e-14
1
1
1.65146e-14
0
0
0
0
1
4.03637e-13
5.55112e-16
1
1
1
0
2.35367e-14
1
1
1
1
2.02616e-14
1
0
1
1
0
6.30052e-15
1.13243e-14
0
1
0
0
5.86753e-14
2.54796e-14
1.41831e-14
0
1
0
0
0
6.2228e-14
3.14193e-14
1.11022e-16
0
0
1
3.1225e-14
0
0
5.07927e-15
2.22045e-15
0
0
1
1
0
0
7.63833e-14
0
1
1.29063e-14
0
0
1
0
1
0
0
0
6.32827e-15
1
8.57647e-15
1
1
1
1
0
1
0
0
0
0
1.59595e-14
1
1
8.60423e-15
5.33462e-14
0
0
1.5099e-14
1
1
0
0
1
3.91354e-14
3.91354e-15
1
0
0
0
6.99996e-14
0
3.747e-15
2.52298e-14
0
0
2.52576e-14
1
8.57647e-15
1
0
0
1
0
0
0
5.86753e-14
1
0
0
2.77556e-17
4.17444e-14
8.32519e-13
0
1
7.29491e-13
1
0
0
0
1
1
4.59632e-14
2.03726e-14
1.66533e-15
5.14773e-14
0
1
0
4.60558e-14
0
1
1
4.06897e-14
0
2.20934e-14
1
3.27793e-14
8.9373e-15
1.14908e-14
0
0
1
0
0
1
0
1
0
7.12023e-14
2.70339e-14
1
1.90218e-14
0
1
1.47937e-14
1.58207e-15
4.08007e-15
0
1
6.05072e-15
0
1
1
1
1
1
0
0
1
1
1
0
9.88098e-14
1.64313e-14
1
0
1
1
1
1
1
1
0
0
0
0
2.08167e-14
0
1
1
0
1
1.96232e-14
2.10942e-15
1
0
2.16493e-15
1
0
0
1
1
1.64868e-14
1
9.93094e-14
0
1
0
1
1.06581e-14
1.08247e-14
1.21292e-14
0
0
0
0
0
0
2.57017e-14
1
0
1
1.87073e-14
3.42411e-14
0
0
1.44329e-14
0
1
1
0
4.09084e-14
1
1
5.3596e-14
3.28591e-13
0
4.77396e-15
1
1
2.63012e-13
1
0
1
0
0
1
0
1
1
4.65368e-15
0
6.42542e-14
0
1
1
1.46827e-14
0
0
1
2.2334e-14
1
1.35725e-14
2.3398e-14
0
0
0
1
0
1
0
0
2.96985e-14
0
1.44051e-14
2.90508e-15
0
1.46827e-14
4.98213e-14
0
4.27158e-14
2.35922e-15
0
0
1
0
1
1
0
1
0
1
0
0
1
2.80609e-14
1
8.39606e-14
0
0
1
5.81202e-14
1
0
0
0
4.62408e-14
1
0
1
0
1
1
0
1
0
0
0
1
0
1
1
1
0
1.95399e-14
8.53021e-15
0
2.0095e-14
0
1
0
4.96825e-15
1
1
1
7.16094e-15
1
3.33067e-15
0
4.02456e-14
1.37483e-14
1
0
0
0
3.79141e-14
0
2.75335e-14
1.96509e-14
5.95672e-13
8.06762e-15
1
0
1.78191e-14
6.36354e-13
1
1.37002e-13
1
0
0
0
0
1
0
1.34892e-14
0
0
1
1
1.33227e-14
0
9.40914e-15
3.46945e-14
0
0
0
0
0
3.38618e-15
4.2466e-14
1
5.4734e-14
1
3.77476e-15
0
0
1
0
1
7.26086e-14
0
4.82947e-15
1
1
1
0
1
0
1
2.61735e-14
1
1
2.22045e-16
0
0
0
0
0
1
0
0
1.90403e-14
1
1
3.80251e-15
1
0
0
3.1225e-14
0
1
1
0
1
1
1
2.37033e-14
0
0
5.32907e-15
1
3.32512e-14
9.96425e-15
2.19824e-14
9.71445e-15
1
1.25455e-13
1
4.60743e-15
1
1
1
0
0
1
1
0
2.40918e-14
1
0
0
2.27596e-15
2.54241e-14
1
1
1
1
0
2.38698e-14
1
1
1
1
0
7.0934e-14
0
2.77556e-16
1
1.0866e-12
0
0
0
4.33265e-14
0
1
0
1
0
0
1
1
1
1.72362e-14
0
9.15101e-14
1
1
0
2.15383e-14
0
7.41074e-15
1
0
1
7.40149e-17
0
0
0
0
1
1
0
0
0
1.27676e-14
0
0
1
0
1
0
3.52218e-14
0
1
1
1.1019e-14
2.77001e-14
1
1
0
1
1
4.7462e-14
1
3.16414e-15
1
0
2.05114e-14
2.44064e-14
1
2.40363e-14
1.72455e-14
1
3.20947e-14
1
0
1
6.54476e-14
1.09607e-13
1.15463e-14
0
1
0
0
1
0
0
1
0
0
8.26839e-14
0
0
4.06342e-14
1.9762e-14
1
1
0
1
1
0
1
0
0
1
0
3.05311e-16
0
0
7.88258e-15
0
1
0
1
1
1
1
0
0
2.52021e-14
1
1
0
1
1
1
0
0
0
0
2.48468e-13
0
0
1
1
1
0
1
1
1
1
2.23432e-14
1
0
4.17583e-14
0
3.87468e-14
0
1.98175e-14
1.09912e-14
2.58682e-14
0
1.56541e-14
1
9.9365e-15
0
1
0
1
0
0
2.22045e-15
2.01783e-14
0
0
1
1
0
1.1019e-14
1
0
0
1
4.05231e-15
0
1
0
0
0
1
1
1
1
0
0
0
6.41154e-15
1
0
1
0
9.4443e-14
0
1
0
1
1
1
1
2.48412e-14
1
0
3.76551e-15
9.71445e-15
2.69044e-14
0
0
1.83742e-14
0
1
4.44089e-16
0
2.65621e-14
0
0
0
0
0
0
1
0
2.7256e-14
0
1
0
0
1
0
1.28601e-14
0
1.33412e-14
0
2.56462e-14
1.69309e-15
0
6.82787e-15
6.83897e-14
0
1.88738e-14
1.20274e-14
1
1.42386e-14
0
0
1
0
2.48269e-13
0
0
4.14946e-14
0
0
1
0
1
0
0
1
1
1
0
1
2.55351e-15
5.09592e-14
1
0
0
0
0
3.17339e-15
0
0
0
1
0
0
1
0
2.49245e-14
0
0
1
1
1
0
1
1
1
2.19824e-13
1
0
1
0
4.19109e-15
1
1
0
0
1
1
0
1
0
0
0
0
1
0
0
1
1
0
0
0
0
1.62093e-14
0
0
0
1
0
1
1.9984e-15
1
2.23895e-15
2.4647e-14
0
0
1
0
0
0
0
1.7486e-14
1
0
1
1
9.15934e-15
2.83662e-14
1
0
0
0
1
5.78704e-14
0
1
1
0
1
1.20274e-15
1
1.70142e-14
0
1
0
2.61458e-14
1
4.88498e-15
1
9.34808e-14
0
1
0
1.01075e-12
0
1
2.48875e-13
0
9.91563e-13
1.18017e-13
7.43849e-14
1
1
3.07902e-14
1
1.19016e-13
1
4.71845e-15
1
1
0
1
1
4.82022e-14
0
0
7.83632e-15
1
0
1
6.09512e-14
0
0
1
0
0
3.22797e-14
1
1.42109e-14
0
0
1
2.87825e-14
0
0
1
0
0
1.05471e-14
0
1
1
1
0
0
1
1
1
1
1
1
4.69994e-15
0
4.13558e-14
0
0
1
0
1
1
1
1
1
1
1
1
0
1.76248e-14
4.45755e-14
0
2.53964e-14
0
1
4.03566e-14
0
0
1
2.08167e-14
1
1
1.92439e-15
1
1.4766e-14
1
1
1
6.02296e-15
0
0
0
0
1
0
4.80171e-15
0
0
1
1
1.1241e-14
1
1
2.02893e-14
1
3.27793e-14
1.36002e-14
0
0
0
0
6.41709e-14
0
0
0
0
0
1
1
0
1
5.5278e-13
1
0
9.05942e-14
1
1
1
1
1
1
1
1.63758e-14
1.93734e-14
0
0
8.21565e-15
0
0
1
0
0
0
0
9.38138e-15
0
1
2.10017e-14
0
1
0
2.24265e-14
1
1.34892e-14
7.17482e-14
3.07902e-14
0
0
1
3.58047e-15
5.18752e-14
0
0
0
3.93852e-14
2.42399e-15
0
0
0
1
1.61722e-14
1
1
3.43707e-14
1
0
0
0
0
1
1
1
0
2.70894e-14
0
1
0
2.15383e-14
1
0
0
3.30846e-14
1
2.15106e-14
1
1
1.25733e-14
1
1
7.91034e-15
1
0
5.91194e-15
1.58207e-14
1
0
0
1
1
0
0
0
0
1.249e-15
0
1
0
1
1
0
1
2.14551e-14
1
0
3.27516e-15
0
2.64233e-14
0
0
7.27196e-15
1
1
1.49214e-13
0
2.62961e-13
1
4.54636e-14
0
0
1
0
1
5.75096e-14
6.81214e-14
1
4.44089e-16
1
1
1.24678e-13
2.78111e-14
3.85803e-14
0
1
1.80411e-15
3.83027e-15
1.05471e-15
0
1
5.71765e-15
1
0
2.498e-16
0
5.82867e-15
0
0
0
2.05946e-14
0
0
0
0
9.70612e-14
1
1
1
0
0
1
1
0
1
0
0
3.5999e-14
0
0
8.9373e-15
0
1.50435e-14
1
8.65974e-15
5.46785e-15
0
3.63043e-14
1
1
3.94684e-14
3.56382e-14
0
1
0
1
3.475e-14
0
2.10942e-15
1
0
3.1299e-14
0
1
1
1.0103e-14
1
0
0
1.55709e-14
1.22125e-15
7.16279e-14
0
1
0
7.54952e-15
1
9.04832e-15
4.85723e-15
6.07847e-15
3.38618e-14
1.14445e-14
2.38605e-14
1
0
0
0
0
0
2.58497e-14
1
0
1
0
0
2.85327e-14
1
0
0
0
0
2.30371e-15
0
0
1
0
3.03723e-13
1
1
1.36335e-13
0
1
0
1
5.75096e-14
1
0
4.44089e-16
1
0
1
1.40166e-14
0
0
1
0
4.66294e-15
1
0
0
0
0
1.52101e-14
0
3.69149e-15
0
0
1
0
0
7.74381e-15
2.18344e-15
1
1
0
2.71912e-14
1.47382e-14
1
0
0
1
1
1
1.80689e-14
2.12608e-14
0
1
0
5.16254e-15
0
1
1
0
1
0
7.91034e-15
3.85247e-14
1
1.51545e-14
1
1.80966e-14
1.37205e-14
1
0
1
1
6.82787e-15
1.52656e-14
0
0
1.01215e-14
5.02376e-15
2.44434e-14
0
1
2.30371e-15
1
1
0
1
1
1
0
1.30174e-14
0
1
0
1
0
1
1
1
6.66134e-15
0
0
0
8.49321e-15
0
1
1
0
1
0
8.10463e-15
0
1
0
0
5.44564e-14
0
1
1
2.41196e-14
6.4726e-14
0
0
1
8.00471e-14
0
3.28591e-13
3.83218e-14
9.41469e-14
1
1
1
1
0
1
1
1
1
1
5.41234e-15
0
0
0
0
0
1
2.84957e-15
6.58917e-14
0
0
1
1
4.48715e-15
0
0
1
0
0
0
1
1
8.46545e-14
0
0
1
0
1
5.37625e-14
1.34892e-14
6.75293e-14
0
3.3501e-14
3.20022e-14
1
0
0
1
0
1
0
0
7.34875e-14
0
4.27991e-14
1
1
1
1
0
1
1
1
1
0
1
1
2.37033e-14
6.4948e-15
0
0
1
5.28466e-14
1.58484e-14
0
1
0
1
0
0
0
0
1
4.63518e-14
0
5.55112e-14
0
1.7264e-14
0
1
1
0
1
1
1
1.67644e-14
0
1
0
1
8.21565e-15
1
0
0
1
0
0
0
0
5.08482e-14
0
0
0
0
0
0
0
1
1
1
0
1
2.85882e-14
1
1
3.09845e-14
1
8.89011e-14
1
0
0
1
1.21014e-14
1
0
0
1
1
0
0
0
1
9.82547e-15
1
0
0
0
0
1
1
2.18936e-13
8.67362e-14
1
1
1
0
0
0
0
0
0
0
3.4972e-15
0
8.53762e-14
1
1
7.79006e-15
1
0
0
1
0
1
0
0
0
1
0
0
1.4692e-14
0
1.53211e-14
1
1.84297e-14
1
0
0
0
3.17524e-14
1
0
0
0
1
0
1
1
0
0
1
1
0
0
1
1
0
1.16851e-14
2.75243e-14
7.49401e-15
0
7.54952e-15
0
1
1.21014e-14
1
0
1
0
0
1
0
2.10017e-14
0
6.55032e-15
0
1
0
1
4.57782e-14
0
0
1
0
9.76996e-15
0
1
1
1
5.75096e-14
0
1
4.44089e-16
1
0
1
0
1
1
0
2.01228e-14
0
0
0
0
1
1
1.79579e-14
0
0
1
0
1
1
0
0
1
0
0
2.82552e-14
1
1.32857e-14
3.12898e-14
1.11022e-16
1
0
1.33227e-14
1
1.53488e-14
0
1
1
1
0
0
2.58127e-14
1
0
0
0
5.41234e-15
1
0
0
0
0
1
1
1.69309e-14
1.69309e-14
0
2.69229e-14
1
1
0
1.47382e-14
0
1
1
0
1
1
1.52101e-14
2.33702e-14
1
0
1
0
1.08247e-15
4.40759e-14
1
1
1
0
9.6867e-15
0
0
1
0
3.69149e-15
0
1
1
1.03621e-15
0
0
1
2.04836e-14
1.05471e-15
0
4.27991e-14
0
1
1
4.28639e-14
1.65978e-14
1
0
1.68865e-13
0
0
0
1
1.16795e-13
6.09242e-13
0
1
0
1
6.01852e-13
1
1
1
0
1
0
1
1
5.42899e-14
1
0
1
1
1
1
3.60822e-16
1.2379e-14
0
2.58682e-14
1
0
1.57282e-15
1.00013e-14
1
0
1.82632e-14
0
1
1.11022e-16
1
1.10467e-14
2.77556e-15
0
0
1.67366e-14
0
0
6.85008e-14
0
0
0
7.29972e-15
1
1
3.50275e-14
7.45237e-14
0
0
0
1
0
3.01148e-14
1
1
1
1
0
8.54872e-15
2.08435e-13
0
0
3.21965e-15
1
1
0
0
1
4.98721e-14
0
0
1
1
4.71012e-14
7.96585e-15
4.32987e-15
1
0
8.07687e-15
1
1
1
1
1
1.13798e-15
2.01228e-14
0
0
0
0
0
1.15574e-13
0
1
0
0
0
0
0
1
0
1
1
1
1.36002e-14
0
0
1
8.39144e-15
0
4.63518e-15
1
1
1.97342e-14
0
0
7.77156e-14
1
1
1
7.4829e-14
0
1
1
0
1.94844e-14
0
1.94844e-14
1
4.12633e-15
1
5.30872e-14
0
1
0
3.23815e-16
6.32827e-14
1.87628e-14
0
4.94327e-14
1.50713e-14
0
1
0
8.30447e-14
0
1
0
1
1
1
0
0
6.76311e-15
1
0
0
2.73392e-14
5.90269e-14
0
1
0
1.9799e-15
0
2.22322e-14
0
0
1.34707e-14
0
1
0
0
1
1
0
0
1
1.71761e-14
1
1.249e-14
0
1
0
1
0
1
0
2.36848e-15
1
1
4.0884e-14
0
0
0
2.2482e-14
2.60625e-14
4.30396e-14
1
0
1
1
1
1
1
3.61378e-14
0
1
1
0
1
1.63203e-14
9.82547e-15
0
1
0
1
2.07612e-14
0
0
0
0
0
1
1
3.81269e-14
0
1
0
8.941e-13
5.71245e-14
1
1
0
0
1
1
1
1.72973e-13
0
1
1.22125e-15
1
0
1
9.14269e-14
1
0
1
1
1
4.16334e-15
0
1.49047e-14
3.38896e-14
5.34572e-14
1
0
7.95475e-14
5.23748e-14
1
2.02153e-14
1
9.60343e-15
1
2.77556e-15
1.9984e-15
0
4.71845e-15
0
0
1
0
1
1.51545e-14
5.41234e-15
1
4.27436e-15
0
1.9984e-15
0
0
1.85037e-17
1.52101e-14
4.44089e-15
1
0
4.12448e-14
0
0
0
1
0
1.33227e-15
1
1
0
1
1
0
0
8.88178e-15
0
1
1
6.05072e-15
1.6015e-14
0
1
1
0
0
3.43799e-14
0
1
4.69624e-14
1
0
0
1
1
0
1
0
0
0
0
0
1
0
5.10703e-14
7.04159e-14
1
1
1
0
1.09218e-14
3.16414e-14
0
0
0
0
1
0
0
1
1
0
0
0
1
1
3.66374e-15
0
0
0
1
1
0
1
0
1
0
1
1
1
5.37718e-14
1
0
1
0
1
0
4.00791e-14
1.75878e-14
0
1
4.32339e-14
0
1
1
1
0
0
0
2.01505e-14
2.70339e-14
5.86198e-14
1
2.45914e-14
0
0
1
2.50078e-14
0
3.31124e-14
0
0
0
1.25085e-14
1
0
7.21645e-16
1.10005e-14
1
0
0
1
2.35645e-14
4.44089e-16
8.10463e-15
1
1
1
0
1
0
1
1
1.02141e-14
0
1
0
1.40998e-14
1
8.43769e-15
1
1
0
0
1
0
1
0
1
1
0
3.00593e-14
1
0
2.05391e-15
1.03362e-13
4.64721e-14
0
1.10467e-14
4.45199e-14
0
1
0
7.63926e-14
1
1
0
1
0
0
0
2.02338e-14
0
1
0
1
1
2.42861e-14
0
3.65967e-13
1.34448e-13
0
0
1
0
0
9.87268e-13
3.90282e-14
4.25771e-14
1
1
0
0
0
1
0
3.47222e-14
8.85125e-14
0
2.83107e-15
1
0
1
1
1
0
5.36608e-15
1
0
1
3.96905e-15
0
0
7.01291e-15
1.95399e-14
0
1
1.66533e-16
6.66134e-15
1
0
0
1
0
1
0
1
0
0
0
0
1
1
2.33424e-14
0
0
2.93469e-14
0
1
0
1.01585e-14
0
2.07057e-14
1
1
0
1
1
5.93969e-15
0
1
1
3.71925e-14
1
0
0
0
8.49321e-15
0
1
0
3.50275e-14
1
2.82274e-14
1
0
1
1
0
0
2.37403e-14
0
1
1
0
0
1.23512e-14
0
0
5.4734e-14
0
0
1
2.01783e-14
0
1.73195e-14
5.44009e-15
1
0
1
1.04361e-14
1
0
0
0
4.16056e-14
0
1
1.07359e-13
1.4011e-13
0
2.70006e-13
1
1
4.55191e-14
2.08426e-13
1
0
1
0
9.45355e-14
1
0
1
1
0
1
1
2.30371e-14
1
0
0
1
0
1
1.16111e-14
1
1
0
0
1
0
1
0
2.4647e-14
0
0
1
8.21565e-15
1
1
1
1
0
6.91114e-15
0
1.16851e-14
0
0
2.07612e-14
1
0
1
1
1.80411e-15
1.27676e-15
1
1
0
1.53211e-14
1
0
1
0
1
1
1
1
1
5.60385e-14
1
1
1
1
1
0
1.65701e-14
0
0
0
0
0
1.90588e-14
1.72362e-14
1
5.4956e-15
0
1
1
1.40443e-14
1
0
5.05151e-15
1
3.3575e-14
1.09912e-14
1.26288e-14
4.91274e-15
1
1
1
0
0
1.02141e-13
0
1.45162e-14
0
0
5.60108e-14
0
1
1
6.10623e-16
1
0
1
1
0
6.19875e-16
0
0
0
1.94271e-13
1
0
1
0
0
0
1.08025e-13
1
1
1
0
0
5.35127e-14
1
8.96505e-15
1
1
1.08709e-14
0
0
0
0
1
0
0
1
1
1.52378e-14
0
4.78506e-14
1
1.11022e-16
1
2.45174e-14
1
1
1
3.69704e-14
0
1
0
0
3.96905e-15
0
1.7486e-14
1
1
1
5.22082e-14
1
1.22125e-14
1
0
0
3.44169e-15
0
4.28546e-14
0
0
2.77556e-17
1
0
0
1
0
1
0
0
0
1
0
5.55112e-17
1
0
1
2.9976e-14
4.27436e-15
1
5.43454e-14
1
1.71807e-14
0
0
1
0
1
1
8.27394e-14
1
0
0
1.00198e-14
2.01783e-14
4.32524e-14
1
0
6.9759e-15
1
0
0
7.66054e-15
2.36848e-14
0
1
0
1
0
0
1
1.32949e-14
0
1
0
1
0
5.68434e-14
5.68434e-14
1
1
0
0
1
1
1
0
0
1
2.88658e-15
1
1.94567e-14
1
0
1
1
1
0
1.13798e-15
0
1
1
1.57652e-14
0
0
1
0
0
1
0
0
5.87863e-14
1
0
1
0
0
6.53366e-14
1
7.93809e-15
0
4.63888e-14
1
1
0
6.03221e-15
5.55112e-17
2.38143e-14
0
6.57252e-14
0
0
2.6007e-14
0
0
0
1.81521e-14
0
0
2.29261e-14
0
0
0
0
6.32827e-15
1
1
1
0
0
0
4.91551e-14
1
0
1
0
0
1
2.32777e-14
0
3.77476e-15
0
1.20737e-14
0
2.26208e-14
1
8.46545e-15
1
3.29181e-14
0
1
0
8.46545e-15
9.9365e-15
0
0
0
0
1
2.55906e-14
3.60822e-14
3.29736e-14
0
0
1
1
9.1871e-15
0
0
0
3.53606e-14
3.81917e-14
1
1
0
1.68865e-13
5.68434e-14
1.21384e-14
1.23605e-14
1
1
0
1
0
1
0
1
1
1
1
0
1
0
1
4.02733e-14
1
4.8711e-14
1.63203e-14
1
0
1
3.2585e-14
0
1.33227e-15
1
0
0
1
0
0
0
1
1
0
1
9.38138e-14
0
1
1.27676e-15
1
0
0
1
0
0
1
2.53131e-14
1
0
3.7581e-14
0
0
1.23975e-15
2.18344e-15
0
0
0
0
1
8.54872e-15
0
1
1
1
1
1
1
6.31994e-14
0
1
0
0
0
1
0
1
0
0
0
1
0
0
1.40443e-14
1
1
0
1
1
0
1
0
1
0
0
8.40994e-15
1
1
0
0
0
1
4.52416e-14
4.94049e-15
0
0
1
1
4.60743e-15
0
0
1
2.97262e-14
1.12743e-13
0
0
0
0
1
0
5.17364e-14
1.23387e-13
0
1
1
1
0
1
0
1
0
1
0
1
1
1
9.04832e-15
0
1
0
1
1
1.27676e-15
0
0
0
1
0
0
1
1
0
0
1.76803e-14
4.38538e-15
1
0
3.06977e-14
0
0
0
1
1.63758e-15
0
4.11338e-14
0
0
1.39888e-14
0
0
1
9.02056e-15
1
0
0
1.42479e-15
0
1
1
6.30052e-15
0
3.05311e-15
1
1
1.10134e-13
1.43496e-14
0
0
1
1
0
0
5.38458e-15
0
1
8.56722e-15
0
2.63678e-14
1
0
4.41314e-15
1
1.54876e-14
1
2.31204e-14
1.13798e-14
1
0
1
1
7.21645e-15
0
0
1
5.55112e-16
1
1
0
5.03209e-14
0
1
1.45162e-14
3.48888e-14
1
1
4.77396e-15
1
1.01308e-14
8.14164e-16
1
1
0
0
2.03282e-13
0
0
0
0
1
0
0
0
1
1
1
0
4.92939e-14
1
1
1
1
2.08999e-14
0
0
1
0
1
1.39333e-14
4.23828e-14
1.13243e-14
0
1
5.13941e-14
0
2.49245e-14
0
5.26986e-14
1
0
1.31561e-14
0
1
0
2.28151e-14
0
0
0
1.32117e-14
0
0
0
0
1
0
2.52298e-14
0
0
0
0
6.84267e-14
0
1
1
1
1
1.54599e-14
1
0
1
0
1.21199e-14
1
7.63278e-15
9.15009e-15
6.25056e-14
0
1.50713e-14
1
0
0
5.14218e-14
0
2.05946e-14
1
0
6.39488e-14
1
1
1.64313e-14
1
1
1
1
0
1
1
0
1
1
0
1
0
0
9.99201e-15
0
1.3739e-14
1.48492e-14
1
1
0
1
1
1
0
0
1.19904e-14
0
0
2.55629e-14
0
1
1
1
0
0
5.85512e-13
1
1
0
1.02988e-12
0
0
1
1
0
1
0
1
1
0
1
0
0
0
0
6.44762e-14
0
0
0
0
1.64591e-14
2.41196e-14
1
1
0
1
3.00038e-14
0
3.10862e-15
0
1.014e-14
0
1.16573e-15
0
0
1.46272e-14
0
0
4.9738e-14
4.10042e-14
1
0
0
0
5.62328e-14
1
1
0
1.65423e-14
1
1
1
0
2.2482e-15
4.2133e-14
1.16851e-14
0
1
1
0
0
1
0
1
0
1.97342e-14
0
0
0
1
9.4369e-15
1
0
1
0
1
8.43769e-15
0
6.71685e-15
1
0
0
0
4.70457e-14
1
8.92064e-14
1
2.62938e-14
1
5.07927e-15
1
0
1
0
1
3.15303e-14
0
0
4.4964e-15
0
1
2.35922e-14
0
0
1
1.32117e-14
1
1
1
0
1
1
0
0
3.3351e-13
0
1
1.11022e-13
0
1
1.17073e-13
1
2.30815e-13
0
0
1
1
4.02271e-14
1
0
4.83502e-14
0
1
0
1
1.79856e-14
6.50036e-14
1
4.03751e-14
0
0
1.15463e-13
6.01741e-14
1.34522e-14
2.12053e-14
0
0
0
2.26671e-15
3.52496e-15
2.02616e-14
1.5099e-14
5.07372e-14
3.22705e-14
0
5.37903e-14
1
3.47685e-14
1
1
0
0
1
1
0
1
0
0
0
0
1
1
0
0
1
3.52496e-14
3.60822e-14
0
1
1
0
1.53266e-13
7.63695e-14
0
1.14353e-14
4.52878e-14
1
0
1
0
3.35842e-15
9.0622e-14
5.77316e-15
1
4.15223e-14
0
0
0
1
0
0
0
0
1
8.36831e-15
0
0
1
1
1
1
0
0
0
0
0
1
0
0
1
0
1
3.35842e-15
1
1
0
0
1
0
1
1
1
0
5.07256e-13
1
2.69377e-13
0
0
1
0
1
1.2701e-13
2.43694e-14
1
6.66134e-16
1
1
0
3.04941e-14
1
1
1
0
1
1
0
1
0
1.60427e-14
0
0
0
7.14151e-14
0
1
0
1
0
1
5.21805e-15
1
7.18869e-15
0
0
1.8513e-14
1
0
0
1
0
1
0
1
2.36478e-14
1
0
2.80146e-14
1
6.75386e-16
1
1
1
0
3.48703e-14
0
3.93944e-14
0
1
0
1.68569e-14
5.10147e-14
1
1
0
1.49603e-14
0
5.55112e-17
1.9984e-15
0
1
1
4.72955e-14
0
1
1
0
0
1
0
1
1
0
1
0
0
0
0
0
0
1.7375e-14
0
7.02771e-14
0
1
0
2.63678e-14
1
1
1
1
1
1
1.36002e-15
0
0
1
1.89386e-14
0
1
1
0
0
5.25923e-13
1
1.17989e-13
0
0
1
0
1
1.66533e-15
0
1
1.7697e-13
1
3.06144e-14
1
2.10665e-14
0
1
0
2.22045e-16
0
1.19071e-14
3.25295e-14
1
0
2.88103e-14
0
1
1
2.84402e-14
0
1
1.39888e-14
0
0
1
0
0
0
1
1
3.83027e-15
2.57017e-14
1
8.27116e-15
0
1
0
1
1.66533e-16
3.15303e-14
2.53686e-14
0
2.05391e-15
1
0
1
0
0
7.00273e-14
0
0
0
1
1
0
0
0
1
1
0
0
1.97065e-14
1
0
9.85323e-15
1
8.65974e-15
1.51545e-14
2.27596e-15
0
0
1
0
0
1
6.80012e-15
1.3702e-14
1
1
1
1
0
1
0
4.82947e-15
0
0
0
1
1
0
0
1
1
0
1.17906e-13
1
0
1
2.70894e-14
1
0
0
1
0
0
8.27671e-14
0
0
0
1
0
0
1
1.7486e-13
1
0
1
1
1
1
0
1
0
1
0
1
1
3.40283e-14
0
0
3.60822e-15
0
1
0
1
2.21489e-14
1
1
1
7.17482e-14
0
1
5.32907e-14
0
1
0
7.67719e-14
8.60423e-15
1
1
1.72362e-14
3.89318e-14
1.94289e-15
1
1
0
0
1
0
0
1
0
1
1
0
0
1.19904e-14
0
1
0
0
1
0
1
1
0
0
1
0
0
0
4.60743e-15
2.82922e-14
1
1
1
1
1
4.44367e-14
1
1
1.38685e-14
6.77236e-15
1
1
1
1
0
0
0
1
1.84852e-14
0
5.95635e-14
1
1
1
0
1
0
8.42659e-14
1
1
0
2.13718e-14
1
1
6.50406e-14
0
5.26986e-14
0
2.09277e-14
1
1
4.7388e-14
1.64055e-13
0
0
0
1
0
1
0
1
0
1
1
1
1
1
1
1
1
1.77081e-14
1
1
1
0
0
1
1
0
0
1
1
0
1
0
6.64283e-14
1
1.76525e-14
0
0
1
1
4.71567e-14
2.02616e-15
5.19029e-15
0
3.88578e-16
0
0
0
0
1
1
3.13638e-14
1
0
0
2.93099e-14
1
6.93149e-14
0
0
1
4.00791e-14
0
0
1
2.68304e-15
0
1.06026e-14
6.31717e-14
8.37802e-14
3.82472e-14
1
0
1
1
0
0
0
1.79301e-14
1
3.2474e-14
1.28786e-14
0
8.32667e-17
0
0
0
1
0
0
1
0
1
7.31359e-15
0
0
0
3.68409e-14
1.01493e-14
1
0
0
0
0
0
6.29496e-14
1
1.88183e-14
1
1
1
4.64998e-14
1
1
1.35077e-15
0
1
1
1.37945e-14
0
6.64495e-13
1
1
1
0
1
2.11053e-13
1
7.52876e-14
0
1
4.14113e-14
1
2.35275e-14
9.26342e-14
5.18104e-14
2.00719e-13
1
0
0
0
0
0
1.19349e-15
1
2.59607e-14
3.99958e-14
1.66533e-16
0
1
0
4.51491e-15
0
3.93019e-14
0
0
1.12688e-14
3.16414e-14
0
0
1
1
0
3.63598e-15
5.4586e-15
0
1.30451e-14
1
0
1
2.85882e-14
0
1
1
0
1
1
1
0
2.22045e-15
3.00315e-14
1
1
1
1
0
0
2.44249e-15
1.60677e-13
1
1
1
1
0
0
6.85008e-14
0
1
0
4.04306e-15
1.47937e-14
0
4.46865e-15
0
6.57807e-15
4.06157e-15
0
1.25872e-13
0
1
1.39333e-13
1
3.20299e-14
0
0
1
1
1
0
1.94011e-14
1
1
0
1
0
2.21119e-14
0
0
0
5.00711e-14
1.89663e-14
3.27516e-14
0
0
0
1
0
5.55944e-14
0
3.27516e-14
0
0
0
0
1
4.97102e-14
1
4.76286e-14
6.03295e-13
1
1
1
0
1
2.3842e-14
0
0
1
8.32667e-15
3.06699e-14
2.15938e-14
3.56382e-14
1
1
6.60028e-14
1
1
1
1
1
0
1
1.59872e-14
1.64091e-13
1
0
1
0
9.67004e-14
1.80689e-14
1
0
1
1
2.92821e-14
0
2.45914e-14
0
0
1
1.6237e-15
0
1
1.53766e-14
1
1
1.69309e-15
1.72085e-14
0
0
0
1
0
0
0
1
1
3.89244e-13
0
1
4.3493e-14
1.53858e-14
1
0
4.94049e-15
1
0
9.63118e-15
1.53581e-14
0
0
1
0
1
1.03528e-14
1
0
0
1
1
0
0
0
0
0
0
1
8.87438e-14
1.38223e-14
0
0
2.65898e-14
1
0
1
4.03289e-14
0
2.83384e-14
0
3.90428e-14
0
0
2.43139e-14
0
0
1
1
7.07457e-13
2.86746e-14
1
0
2.22045e-16
5.74022e-14
1
1.80078e-13
1
0
0
1
8.00471e-14
1
1
0
1.30451e-14
1
0
1.11577e-14
1
8.65974e-15
0
2.79499e-14
0
4.69069e-15
1
1
2.81442e-14
0
2.03541e-14
0
0
5.35127e-14
3.33067e-16
0
0
1
0
2.92174e-14
0
8.35443e-14
7.39223e-15
0
1
0
1
0
0
1
1
4.51861e-14
0
1
1
2.21582e-14
1
9.54792e-15
1
0
0
0
9.46465e-15
1
1
1.66533e-14
1
0
1
5.83792e-14
0
1
0
2.16493e-15
1
6.55032e-15
0
0
0
0
0
1
2.99575e-14
1
4.57967e-14
1
3.71647e-14
1
1
1
1
0
0
0
0
6.74831e-14
1
1
2.1011e-14
0
1
1
0
0
1
1
4.39093e-14
0
1
0
0
0
0
0
0
0
0
1
1
0
1
1
1
1
0
1
4.9701e-14
1
1.26787e-13
1
1
1.66755e-13
1
1
7.59115e-15
0
1.00845e-14
1
0
1
1
3.66374e-15
0
1.32672e-14
1
1
0
0
1
1
1
0
4.01901e-14
1
0
1
0
7.49401e-15
0
1.58762e-14
7.43849e-15
1
3.50553e-14
1
0
5.39383e-15
0
8.10463e-15
0
0
0
3.08642e-14
1
0
8.88178e-15
0
6.04794e-14
3.14748e-14
0
1.65423e-14
1
3.33344e-14
1
1
0
1
0
4.22995e-14
1
1
0
1.37945e-14
1
0
5.04041e-14
5.37718e-14
6.43929e-15
0
0
1.92624e-14
1
0
1
1
0
3.23399e-14
1
1
9.24261e-15
1
3.33067e-15
0
1
0
1
3.48332e-14
2.52853e-14
3.51386e-14
1
1
0
0
0
0
0
1
1
2.8838e-14
1
1
0
0
0
0
0
1
1
0
0
0
1
1
1
0
9.71445e-14
1
1
1
3.88023e-14
1
0
1
1
3.38618e-15
0
1
1
1
1.90126e-14
0
1
0
1.77451e-14
0
0
1.8624e-14
2.70617e-14
1.31839e-14
1
1
0
1
1
4.23735e-14
0
0
4.724e-14
0
0
0
1.63758e-14
2.37588e-14
7.91496e-14
5.4623e-14
3.30291e-14
0
0
0
2.34812e-14
1
1
1
1
0
0
0
1
1
1.43774e-14
0
0
1
1
1
0
1.54876e-14
1
1
0
0
2.42306e-14
0
1
1.6237e-14
0
3.80806e-14
5.04596e-14
4.55747e-14
0
1
1
0
0
1
1
1.49325e-14
2.55351e-15
0
1
1.77081e-14
0
0
0
1
0
0
1
1
1
1
1
1.77636e-14
1.25983e-13
0
1.10023e-13
1
0
5.82867e-14
1
4.16889e-14
3.64153e-14
1.22772e-14
1
0
0
0
9.3342e-14
0
1
0
0
0
0
0
1.7561e-13
0
0
0
8.97615e-14
0
4.86278e-14
0
0
0
0
4.51306e-14
1
0
3.19097e-14
0
0
5.31797e-14
0
1.00919e-13
3.88578e-16
1
2.44249e-14
0
0
5.97855e-14
0
0
0
4.81559e-14
0
0
0
0
5.75558e-14
4.42516e-14
5.5983e-14
0
1
0
0
2.40086e-14
0
0
3.43336e-14
0
0
0
0
5.9841e-14
1
1
0
1.15463e-14
0
0
6.35418e-14
0
0
0
0
0
8.08242e-14
1
2.83107e-15
0
1.27037e-13
0
4.996e-15
3.49998e-14
0
1
0
1.0103e-14
0
0
0
1
0
1
0
0
0
0
1
2.86808e-16
0
1
0
1.72085e-15
5.21527e-14
0
1.25677e-13
0
0
0
0
3.05311e-15
9.09828e-14
1
1
7.26086e-14
3.55549e-14
0
1.61075e-14
0
1
3.15858e-14
2.65343e-14
4.94049e-14
0
4.21885e-14
1.48492e-14
1.20709e-13
4.77951e-14
1
7.02216e-14
0
0
0
0
7.6078e-14
1
0
0
0
0
1.58392e-14
4.61113e-14
0
3.38618e-14
2.19019e-13
1
1
0
3.43614e-14
2.88658e-14
4.80727e-14
0
5.738e-14
1.33171e-13
0
0
0
3.01426e-14
6.12843e-14
8.02691e-14
6.93519e-14
9.2056e-15
0
1
0
0
0
0
8.99281e-15
0
0
1
0
1.39444e-13
0
1
3.2585e-14
1
1
0
1
1.95029e-14
5.16254e-15
0
0
0
1
5.0987e-14
0
1
0
0
0
1.11892e-13
0
9.78662e-14
4.7129e-14
1.3269e-13
1
3.85247e-14
4.27436e-14
2.37033e-14
0
1
0
0
0
3.19744e-14
0
0
6.80012e-15
0
8.91509e-14
0
8.26283e-14
1.2379e-14
0
0
0
0
1
1.12688e-14
0
1
1
0
1
1
6.43929e-15
0
0
1
3.36398e-14
2.43139e-14
0
1
0
0
1
6.04516e-14
1
1
2.64511e-14
0
1
0
1
0
1
1
1
1
0
4.05231e-15
1.01955e-14
2.82552e-14
1.73472e-14
0
1
4.08007e-15
0
9.27036e-15
0
1
7.38298e-15
1
0
0
0
1
1
1
1
1
0
0
0
3.33067e-16
4.08007e-15
0
0
0
0
0
0
1
0
0
0
1
0
1
2.83662e-14
0
1
1
0
0
0
1
0
0
0
1
0
0
0
1
1
1
0
9.54792e-15
0
1.54876e-14
0
1
3.83027e-15
7.21645e-16
8.32667e-17
1
0
4.05231e-15
1
3.64708e-14
1
0
1
3.8719e-14
1
0
2.16493e-14
1.55431e-15
0
0
3.51941e-14
1.53211e-14
1
7.93809e-15
1.33227e-15
1
9.71445e-15
2.64788e-14
0
0
0
0
1
1
0
4.74065e-14
7.04992e-15
0
0
0
0
1
1
1
0
1
1
1
0
1
1.84852e-14
1.24345e-14
0
1
0
2.04836e-14
0
0
1
3.05311e-16
2.58127e-14
6.66134e-16
1
0
2.23987e-14
0
1
1
1
2.94764e-14
0
1
0
1
2.15476e-14
1
1
2.66268e-14
1.07044e-14
0
1
2.37588e-14
3.32512e-14
2.99205e-14
1.27676e-15
1.13613e-14
0
5.22082e-14
1
0
0
2.81164e-14
0
1
9.31662e-15
6.82787e-15
2.58127e-14
1
0
0
1
1
1.45717e-14
1
1.14908e-14
1
5.82867e-16
1
1
0
1.71529e-14
0
1
1
1
1
1
1.94567e-14
0
1
5.13478e-16
0
0
1.19904e-14
0
2.95874e-14
1
1
0
1
1
0
2.91434e-14
4.26973e-14
1
0
1
1.01863e-14
1
1
6.05627e-14
0
1
1
2.14828e-14
1.7597e-14
1
3.35287e-14
0
1
1
1
0
5.66214e-15
1
1
1
0
1
1
1
0
9.07607e-15
5.85643e-15
1
0
1
0
3.70259e-14
1.21477e-14
1
0
0
1
1
0
0
3.10862e-15
1
0
1
1
0
2.90323e-14
0
1
1
0
1
7.16094e-15
1
1
3.2585e-14
1
1
1
0
1.10467e-14
1
1
1
1
1
2.10942e-14
2.65898e-14
1
0
2.96985e-14
0
1
1
0
1
0
2.08444e-14
1
1
1
1
1
0
0
1
0
1
1
0
0
0
0
1
1
1
1.87905e-14
1
7.42462e-15
1
0
1
1
1
1
0
1
0
1
0
2.63678e-14
1
1
0
1.60011e-14
1
0
1
0
1
2.85882e-14
1
0
0
0
1.94567e-14
0
0
1
0
1
1
1
0
0
1
4.57967e-15
1
0
1
0
1.29526e-15
8.18789e-15
1
1
1
3.88578e-15
1
1
0
0
0
0
1
1.33689e-14
0
0
0
1.41276e-14
0
0
0
0
1
8.32667e-17
0
0
0
1
4.17721e-14
1
1
1.44588e-13
0
0
1
1
0
1
2.45914e-14
0
1
0
2.63678e-14
0
1
1
0
1.87628e-14
1
0
1.82262e-14
1.13798e-14
4.62593e-17
1
0
0
1
0
1
2.32037e-14
1
0
1
0
0
3.09197e-14
3.46945e-15
1
1
3.66929e-14
1
1
1
0
1
8.57647e-15
1
0
1
1.28231e-14
0
0
1.41553e-14
1
1
1.71807e-14
0
1
0
1
0
0
0
4.66294e-15
1
1.22402e-14
0
1
1.32209e-14
1
3.62673e-15
1
0
1
0
1
3.83027e-15
1
0
1
1
1
1
0
1.73472e-14
2.28983e-14
0
1.32672e-14
1
0
1
1
1
1.46642e-14
0
0
1.95029e-14
1
0
0
0
1
1
9.21485e-15
0
0
2.23432e-14
0
0
0
0
1
0
0
0
0
2.48135e-14
1
1
0
1
1
0
1
1
1
4.1106e-14
0
0
1.42109e-14
2.48135e-14
1
0
1
0
0
1
1
1
1
0
1
0
1.66533e-16
1
0
1
1
2.05946e-14
0
1
1
0
0
6.46705e-15
2.48412e-14
1.01308e-14
1
1.90126e-14
1.32024e-14
1
1
4.46865e-15
0
0
1.31839e-14
0
4.8711e-14
1
0
3.85247e-14
0
1
0
0
1
1
1
2.47302e-14
1
1
1
0
0
1
1
0
1
0
0
2.47302e-14
0
0
1
0
0
1
1
2.05669e-14
1
0
0
1
1
1.49047e-14
0
0
0
2.47857e-14
1
0
1
1
0
1
1
0
0
0
0
2.4758e-14
1
0
1
6.43929e-15
1
1
1
0
1
0
1
0
1
0
1
9.79772e-15
0
2.30649e-14
9.88098e-15
1
1.44329e-15
0
7.52176e-15
0
7.32747e-15
1
0
1
0
1
0
1
1
0
0
0
1
1
0
1
0
0
0
1.30729e-14
1
0
0
1
0
1
1
1
1
0
1
1.11022e-16
0
0
0
7.42924e-15
1
1
0
1
1
0
1.96232e-14
1
4.724e-14
1.49047e-14
2.47302e-14
0
1
0
2.97123e-14
3.89503e-15
1
2.226e-14
1
0
1
0
1
0
3.89226e-14
4.4964e-15
1
0
2.96707e-14
1
2.4758e-14
1
1
2.4758e-14
1
1
0
1
0
0
0
3.46667e-14
1
1
1.90496e-14
0
1
6.66134e-16
1
2.48412e-14
1
0
1
1
4.4742e-14
0
0
1
1
1
1
5.68989e-15
1
7.43849e-15
1.73195e-14
1
1
0
4.60743e-15
1
1
2.26485e-14
2.48412e-14
7.43849e-15
1
1
1
1.47105e-14
1
1.30821e-14
1
1
1
1
1
0
1
0
0
1
1.95677e-14
1
1
1
0
1
0
1
0
1
1
1
0
1
1
0
1
0
5.55112e-15
1
1
1
0
2.09092e-15
2.00118e-14
3.71925e-14
1
1
1
0
0
1
2.65621e-14
2.62753e-14
5.38458e-14
2.47302e-14
2.84495e-14
3.89688e-14
1
1
1
2.74225e-14
2.46747e-14
1.6015e-14
0
1
9.85323e-15
0
1
1.32487e-14
1.61815e-14
0
0
0
1
2.32314e-14
0
1
1
1
4.69902e-14
1.89293e-14
1
0
1
1
1
0
0
1
1
1
0
1
1
1
0
1.25733e-14
1
1
5.55112e-15
0
0
1
0
0
1
1.98452e-14
1
1.14353e-14
0
0
0
3.49165e-14
0
3.49165e-14
0
3.53051e-14
0
3.53051e-14
0
1
1
2.74225e-14
1
0
0
3.21826e-14
2.48135e-14
1
1.39611e-14
2.61458e-14
1.39333e-14
1
0
0
0
0
1
1
1
0
2.4758e-14
1
1
3.33067e-14
0
1
0
3.49998e-14
0
0
0
2.62475e-14
1
1
1
1
1
2.01505e-14
3.58047e-14
0
2.46192e-14
1
2.20379e-14
0
1
0
1
0
0
1
2.47025e-14
0
2.30371e-14
2.92451e-14
1
5.55112e-17
0
0
0
1.34892e-14
1.7375e-14
1
1
1
1
1
1
1.02696e-15
0
1.03806e-14
1
0
1
0
0
1
6.6965e-14
0
0
1
0
0
0
1
0
0
0
0
0
1
0
1
9.89024e-15
7.54952e-15
1
0
1
1
1
1.37113e-14
0
0
1
4.32987e-15
0
1
0
1
0
1
1.88738e-14
1
2.48042e-14
1
1
1
8.41919e-16
1
0
1
1
0
1
1
1
1
0
0
1
1
1
1
0
0
0
1
0
1.40721e-14
1.39333e-14
1
1.01585e-14
1
2.9976e-15
1
0
1
0
1.01585e-14
0
1
1.04083e-14
1
5.55112e-15
1
5.28281e-15
1
1.56264e-14
1
1
1.3628e-14
0
1
0
1
1
1
1
0
0
1
1
0
1
1.34892e-14
1
2.0021e-14
1.32487e-14
0
1.32487e-14
0
0
0
1
0
1.83187e-15
0
1
0
1
8.84478e-15
1.04083e-14
1
1
0
0
0
0
1
1
1
0
0
1
1
0
0
1
1
3.55826e-14
1
2.47025e-14
1
1.42664e-14
0
1
0
0
1
0
1
0
1
0
1.30081e-14
1.79301e-14
0
1
0
1
1
3.08364e-14
1
1
1
1.49603e-14
0
3.45279e-14
1.22865e-14
1
4.62778e-14
0
0
0
1
1
0
0
0
0
0
0
1
1
4.27436e-15
1
4.81837e-14
1
1.96509e-14
1
6.21725e-15
0
1
0
1
0
1.01585e-14
1.44329e-14
1.01585e-14
0
4.93124e-15
0
1
1
1
0
1
1
0
4.76471e-15
1
1
0
1
1
1
1
1
2.47857e-14
4.66294e-15
4.996e-16
1
1.88738e-14
1
2.47025e-14
0
1
1
1
0
0
7.16094e-15
0
2.48135e-14
0
2.91989e-14
1
1
1
1
1
0
3.63043e-14
1
1
1
1
0
2.47025e-14
1
0
1
0
2.47302e-14
2.54796e-14
1.29063e-15
2.7589e-14
1
0
1
1
2.4758e-14
1
2.13718e-14
1
0
0
1
0
7.77156e-15
0
5.02376e-15
1
2.47302e-14
1.37113e-14
0
1.38223e-14
1
2.4869e-14
0
0
1.79301e-14
0
0
1
0
1
3.20022e-14
9.82547e-15
1
1
0
5.55112e-17
1
1
1
4.996e-15
1
1
2.98095e-14
2.90878e-14
2.60625e-14
6.71685e-15
1
1.36928e-15
1
1
0
1
1
4.19664e-14
1
2.4869e-14
5.16254e-15
1
2.25375e-14
1.70419e-14
0
1
0
0
1
1
1.23374e-14
1
0
0
1
1
7.43849e-15
2.48135e-14
1
1
1
1
1
0
0
1
1
0
0
1
1
2.47025e-14
1.49186e-14
2.46747e-14
3.27793e-14
0
0
1
0
0
3.53606e-14
2.48042e-14
1
2.46655e-14
1.68199e-14
1.89201e-14
1
1
0
0
1
1
0
0
0
1
2.8727e-14
1
1
1
1
7.27196e-15
1
0
0
1
5.4956e-15
1
1
0
1
2.12608e-14
4.16334e-14
1
1
1
1
3.44724e-14
6.02296e-15
1
0
1
4.95992e-14
1
0
0
1
1
7.43849e-15
2.23155e-14
1.04083e-14
1
0
1
0
0
0
0
0
1
1
1
0
0
0
1
0
1
2.38698e-15
1
1
1
1
2.63123e-14
5.701e-14
1
2.32037e-14
1.84297e-14
1
1
1
0
0
0
1
0
0
0
1
1.0103e-14
0
0
0
1
3.45002e-14
1
3.45279e-14
1
0
1
5.94432e-14
2.10942e-14
5.4512e-14
2.46932e-14
0
0
1
0
2.47857e-14
0
1
1
0
1
1
1
0
1
0
1
3.56937e-14
1
1
1
2.34165e-14
1
1
0
2.4721e-14
0
0
0
2.48135e-14
1
0
0
0
1
0
1
0
1
0
0
1
2.03726e-14
0
2.94209e-15
6.63358e-15
0
1
0
0
1
1
1
1
1
0
0
0
1
1
0
4.78414e-14
1
1
0
0
0
1
0
4.41314e-15
0
4.44089e-15
1
0
1
0
0
5.93969e-15
5.55112e-17
0
0
1
1
0
0
0
0
0
0
1
1
0
0
1
0
1.08802e-14
0
1.10467e-14
0
1.87628e-14
1
0
0
6.30052e-14
1.32672e-14
0
1
1
1.35447e-14
0
1
1
0
1
1
0
1
1
0
4.7129e-14
6.94445e-14
0
1.04361e-14
0
0
1
0
1
1
3.46945e-14
1
1
1
0
0
1
1
0
0
0
2.47765e-14
1
7.29972e-15
0
1
1
0
1
8.69397e-14
0
1
0
0
6.4948e-15
2.47025e-14
1
0
0
3.50275e-14
0
1
1.32857e-14
1
1.5099e-14
0
0
2.48412e-14
2.06779e-14
1
0
1
1
0
0
0
0
0
0
1
1
0
1
1
1
4.996e-15
0
1
0
4.05231e-15
0
1.96787e-14
1.96232e-14
1
1.47845e-14
2.4869e-14
2.46284e-14
2.49523e-14
1
1
0
3.63228e-14
1
0
1
3.78031e-14
2.87825e-14
1
0
0
1
1
0
1
9.99201e-15
1
2.47857e-14
1.41831e-14
9.15934e-15
1
1
1
1.90126e-14
1
2.47857e-14
3.85803e-15
0
7.49401e-15
0
1
1
1.61121e-14
1
1
0
0
1
3.7248e-14
1.04916e-14
0
0
4.79246e-14
3.69704e-14
0
1.05286e-14
1
1
3.61655e-14
1.78191e-14
1.94289e-14
0
1
1
1
9.6867e-15
1
9.82547e-15
0
0
0
2.57202e-14
1
3.47222e-14
1
1
0
3.85247e-14
1
0
1
1
0
2.64603e-14
0
1
4.78136e-14
5.77316e-15
2.90323e-14
1
0
0
2.4869e-14
1
0
2.10387e-14
1
1
0
5.58442e-14
0
1
1
1
1
1
0
1
3.98293e-14
1
0
0
1.03621e-14
1.02973e-14
0
1
6.50591e-14
0
1
2.96615e-14
1
1
1.66533e-16
0
2.15383e-14
2.00395e-14
2.12793e-16
0
1
1
0
2.27318e-14
1
1
1
1
1
1
1
1
1.07941e-13
1.42664e-14
7.27196e-15
6.68077e-14
2.48135e-14
3.47777e-14
1
0
1
1
1
0
1
1
1
3.53976e-14
1
1
0
0
0
1
0
1.94011e-14
1.41276e-14
0
1
9.96425e-15
0
0
3.77661e-14
1.48307e-14
1
1
1
1
1
1.11022e-14
0
1.02418e-14
1
3.99125e-14
1
2.63678e-14
1
1
3.4639e-14
1
1
1
1
6.68909e-14
6.9611e-14
1
1
0
1
1
1
1
1
6.60028e-14
1
0
0
1
3.19189e-14
1
2.2482e-14
0
0
0
3.96072e-14
0
1
3.9968e-15
1
0
1
0
1
0
7.15816e-14
3.59157e-14
0
1
2.12053e-14
0
1.73195e-14
0
1
0
3.73035e-14
0
0
0
1
0
1
0
1
1
1
0
0
1
1
9.76164e-14
1
1
0
0
1
1
1
1
0
1
0
0
1
4.04676e-14
0
5.03486e-14
2.03448e-14
3.5083e-14
1
0
1
0
1
0
1.4729e-14
0
0
1
5.41696e-14
1
2.19824e-14
1
4.13003e-14
6.93889e-14
1.22125e-14
1
1
1.20737e-14
0
1.9762e-14
1.94289e-14
0
1
1
1
0
1
1.42941e-14
5.20695e-14
0
1
0
0
1
4.38168e-14
1
1
4.1254e-14
0
1.19627e-14
0
1
1.00753e-14
0
0
1
0
0
2.49245e-14
1
0
1
1
0
1
1
1
5.45582e-14
0
3.58602e-14
1
1
0
5.46785e-14
1
0
0
0
1
2.7478e-14
1
0
1
5.34017e-14
1
0
0
1.7486e-15
0
1
1
0
1.1241e-14
0
1
1
1
1.484e-14
6.245e-15
1.16018e-14
1
1
0
1
1
1
1
8.65974e-15
0
1
0
0
0
1.27121e-14
0
0
0
0
1
0
1
0
2.81997e-14
1
0
1
1
0
0
6.15064e-14
0
0
1
1.14908e-14
1
7.42369e-14
1.58207e-14
0
1
1
0
0
0
0
1.7375e-14
1
1
7.33302e-14
9.99201e-15
1
1.38223e-14
6.7446e-15
1
0
0
1
1
1
0
1
1
0
1
0
1
3.13916e-14
0
1
1
0
1
1
4.05231e-14
0
1
0
0
1
3.82194e-14
0
1
0
0
8.49321e-15
0
6.05072e-15
1
1
2.27596e-15
0
0
1.39333e-14
1
0
1
3.03276e-14
1
0
1
1
0
1
1
0
1
0
1
4.06064e-14
1
8.16014e-15
1
0
1
3.08087e-14
1
4.10783e-15
2.70154e-14
1.28231e-14
1.56541e-14
1
1
2.8394e-14
0
1
0
0
1
3.34455e-14
5.30131e-15
0
0
0
0
0
4.21885e-15
2.7256e-14
0
0
1
0
1.36002e-14
0
2.84217e-14
1
5.43454e-14
0
5.31797e-14
0
1
1.33782e-14
1
1.67274e-14
3.22242e-14
4.69994e-15
0
1
1.0103e-14
1
6.55032e-14
1
1
0
1
1
0
1
1
1.37002e-13
1
0
1
1
0
7.38298e-15
5.07927e-14
1
0
1
0
1
1
1
4.25863e-14
3.46205e-14
0
6.56697e-14
4.68792e-14
0
1
1.43774e-14
5.83977e-14
2.74225e-14
1
1
3.73312e-14
0
1
9.17599e-14
0
0
2.64788e-14
1
1
1
9.02611e-14
1
0
3.35287e-14
3.475e-14
1.66533e-16
1
7.40149e-17
1
0
0
0
0
3.16414e-15
0
0
0
1
6.27276e-14
1
0
0
8.56815e-14
1
1
1
0
1
1
1
0
1.78191e-14
4.9627e-14
1
0
5.55112e-17
1
1.04083e-14
0
0
1
1
1
1
1
0
1
0
1
1
1
0
1
1
1
1
0
1.85962e-14
1
1
5.21065e-14
0
1
1
0
0
0
1
1.51268e-14
0
0
1
1
1
0
1.16851e-14
1
6.93889e-14
1
1
1
1
0
0
1
1
0
0
0
1
1
0
0
1
0
1
0
0
0
1
0
1
1
0
4.4964e-15
1
1
0
0
1
1
0
1
7.13318e-15
3.60822e-15
1
0
1
1
1
1
1
1
1
1.55431e-15
1
0
1
0
1
0
1
0
1
1
1.16018e-14
0
0
0
1
0
3.77476e-14
0
0
1
1
1.46549e-14
0
0
1
1
0
6.10253e-14
1
2.9865e-14
0
1
1
0
0
4.62778e-14
0
1
2.86438e-14
0
1
2.77556e-17
1
0
1.03806e-14
1
0
1
0
0
1
0
1
1
4.67404e-14
1
1
1.94937e-14
1
1
0
2.60902e-14
1
1
0
0
0
1
0
1
1
1
1
0
1
1
5.83422e-14
0
1
0
0
1
1
1
1
2.41474e-15
1
0
0
0
1
1
1
6.87922e-14
3.475e-14
1.94011e-14
0
1.43774e-14
0
1
1
1
1
1
4.71845e-14
1.45439e-14
1.63758e-14
0
1
1
1
1
0
0
0
1
1.46827e-14
0
1
7.69385e-14
0
0
0
1
3.03368e-14
1
1
2.57572e-14
0
7.27196e-15
0
1
1
2.55629e-14
1.4766e-14
1.79301e-14
0
1
1
0
0
0
1
1
1
1
0
1.48492e-14
0
1
3.64523e-15
1.18794e-14
0
1
1
0
0
0
0
0
6.75571e-14
1
1
1
0
0
1.59872e-14
0
1
1
2.78944e-14
1
0
1.18424e-15
0
0
1
0
1
0
1
1
4.32154e-14
1.97065e-14
1.20459e-14
2.27873e-14
1
1
0
1
2.78666e-14
1
1
5.21805e-14
1
0
2.80886e-14
1.14168e-14
0
0
1.50435e-14
1
1
6.13398e-15
2.84772e-14
0
0
3.09937e-14
0
0
3.59157e-14
0
0
1
7.82707e-15
1
1
0
0
1
0
1
0
1
1.72085e-14
1
0
1
0
0
1
1
1
1
0
1
1
1
0
1
4.82114e-14
1
3.29551e-14
1
0
0
1
1
2.52853e-14
0
0
1
1
0
6.26351e-15
1.29619e-14
1
0
1
6.41709e-14
1
0
1
1
0
2.68304e-15
1
0
1
6.43097e-14
1
3.41949e-14
3.22242e-14
2.33702e-14
6.29219e-14
1
1
0
1
0
1
1
1.66904e-14
0
1
1
0
1
5.39568e-14
0
1
1
0
0
0
1
1
1
1
1
1
1
1
0
1
1
0
0
3.08087e-14
1
0
1
0
0
1
1
1.69124e-14
0
1
0
1
1
1
0
0
1
1
0
1
1.9984e-15
0
0
1
1
0
1
4.996e-15
0
1
1.58207e-15
1
4.30211e-15
2.14643e-15
1
0
0
0
5.55112e-17
1
0
1
7.77156e-16
0
0
6.38378e-15
0
1
0
0
8.88178e-16
0
1
0
0
1
1
0
2.91434e-15
1
1
1
1.48955e-15
1
1
0
1
1.38778e-15
1
0
1.44329e-15
1.05471e-15
1
1.66533e-16
0
0
1
1
1
0
5.25506e-14
0
1
0
2.44249e-15
0
1
0
1
0
8.9743e-16
1
0
0
1
3.66374e-15
1
1
0
1
1
1
4.7462e-15
0
1
0
1
0
0
6.75386e-16
1
1
1.78746e-14
1.3517e-14
0
1
0
2.73855e-15
1
0
1
1
1
1
1
0
0
0
1
0
1
1
1.94289e-16
0
1
0
1
1.77636e-15
0
1
0
1
1
0
0
1
1.60982e-15
0
9.49241e-15
0
1
0
0
5.55112e-17
0
0
0
1
1
1
5.46785e-15
2.2482e-15
0
1
0
0
0
0
0
4.82947e-15
0
1
1
2.66454e-15
1
0
2.35922e-15
0
0
1
1
0
1
1.27676e-15
1
0
0
0
9.96425e-15
1.22125e-15
1
5.87493e-15
1
0
5.82867e-16
1
3.2474e-15
4.7277e-15
0
1
0
4.44089e-16
0
1
1.16018e-14
0
1.53581e-15
0
0
0
1
0
7.21645e-16
7.21645e-15
0
0
1.33227e-15
1
0
0
0
