0
1
3.16414e-15
1
0
1
0
1
3.42763e-13
0
0
8.74301e-15
0
0
7.54952e-15
3.38618e-15
1
9.63118e-15
1
1
0
0
0
0
0
0
0
9.08533e-15
1.10745e-14
0
6.93889e-16
1.28231e-14
1
0
1.19904e-14
1
0
1
1
1
1.83187e-15
1
1
0
3.05311e-16
2.20287e-14
1
0
5.16254e-15
0
0
1
5.10703e-15
0
0
8.77076e-15
5.9952e-15
1
1.68199e-14
1
0
0
0
1
1
0
1
1.37668e-14
0
1
1.22125e-15
0
0
1
1
3.60822e-15
1
2.01505e-14
1
9.4369e-16
5.12553e-15
6.05072e-15
3.66374e-15
1
1
0
1
0
1.51545e-14
1
1
0
0
1
0
1
2.66454e-15
5.16254e-15
1
1.03806e-14
1.85962e-14
0
1
0
0
6.71685e-15
1
1.11022e-14
0
0
8.64124e-15
1
0
0
8.55797e-15
1
0
3.94129e-15
5.91194e-15
0
0
3.88578e-16
1
0
1
1
3.83027e-15
0
0
1
1
7.49401e-16
1
0
1
1.11022e-15
1.24067e-14
1.05194e-14
3.39543e-15
0
8.99281e-15
0
0
1
8.6875e-15
2.22045e-15
1
0
1
0
0
0
0
8.85403e-15
1
0
1
3.33067e-16
1
4.21885e-15
0
0
5.2458e-15
4.81097e-16
0
1
4.80171e-15
1
1.0103e-14
0
0
0
2.77556e-17
6.08402e-14
1
2.82552e-14
1
1
1.11022e-16
0
0
8.80037e-14
1
1.40166e-14
3.79252e-13
1
0
2.05391e-14
0
1
9.96425e-14
1
1
0
1
0
4.7462e-15
1
0
1
1
2.5091e-14
2.10387e-14
0
0
1
2.22322e-14
1.30729e-14
1
1.28786e-14
1
1
0
1
0
1
1
0
4.07637e-14
0
5.34017e-14
1
1
0
1
1.69309e-14
1.03251e-14
0
0
4.996e-16
0
1
0
0
0
0
0
0
1
1
0
1.77636e-14
1
1
0
1.54136e-14
1
1
1.21292e-14
1
1.52378e-14
0
0
3.67299e-15
0
1
0
2.21489e-14
0
0
1.7264e-14
0
0
0
1
1.44607e-14
0
0
1
1
3.71925e-15
1
0
3.21965e-15
0
1
1
0
0
0
1
5.55112e-17
0
1
9.99201e-16
2.02616e-15
0
1
0
0
6.85563e-15
2.87548e-14
0
1
1
0
2.34535e-14
1
3.27516e-15
6.10623e-15
1
0
1
0
4.38538e-15
0
8.38218e-15
1
0
1
3.53051e-14
0
1.40443e-14
0
4.7462e-15
0
1
0
0
0
1
2.15938e-14
2.68119e-14
1.26565e-14
0
1
1
0
1
0
1.14908e-14
1
8.49321e-15
0
1
0
1
1
1
0
0
1
0
1.69309e-15
1.18239e-14
0
1
1
0
1
4.38538e-15
1
4.71845e-15
1
0
1
0
1
1
0
0
0
9.03444e-15
0
0
1
0
0
1
1
1
1
1
1
0
8.71525e-15
1
1
1
0
1.11022e-14
8.00286e-15
1
1
0
0
1
0
1
6.19875e-15
8.54872e-15
0
0
0
0
1
1.97065e-14
1.44329e-14
1
1
0
1
0
2.60902e-15
0
0
1
0
9.90874e-15
1
0
1
0
1
1.14353e-14
0
0
0
1
1.69309e-15
0
9.74221e-15
1
7.44775e-15
4.71845e-15
1.88738e-15
1
1.76433e-14
1
1
0
0
0
1
2.72005e-15
1
0
1.59317e-14
0
0
4.60187e-14
1
1
9.21485e-15
1
1
8.60423e-15
1.52101e-14
1
1
0
1
1
0
0
0
2.41474e-14
0
0
1
0
0
0
1
1
0
0
8.27116e-15
1
0
1
1.29341e-14
1.63758e-14
0
1
0
0
5.82867e-16
0
1
1.05841e-14
0
0
0
1
0
0
1
1.43774e-14
0
7.18869e-15
1
0
4.69069e-15
1.92624e-14
1
5.07927e-15
1
0
0
0
0
1
0
0
0
3.04386e-15
1
8.57647e-15
1
0
0
0
0
1
1
0
1
1
1
1
0
0
1
0
1
0
0
1
1
3.77383e-14
1
0
1
1
0
1.18794e-14
1
0
1
1
0
2.42029e-14
1.69772e-14
0
2.77278e-14
7.03141e-16
0
9.40914e-15
1
1
0
1.94289e-14
0
1
0
1.26565e-14
2.89768e-14
1
0
0
6.36528e-15
2.10942e-14
2.93099e-14
1
1.24067e-14
1
1
0
0
1
2.53501e-15
1
0
4.26511e-15
1
0
7.09618e-15
0
0
0
1.60982e-15
0
1
0
1
1
0
0
0
0
1
6.07847e-15
2.10017e-15
5.35683e-15
0
1
0
1
0
1
0
1
0
0
1
9.99201e-16
0
1
1
0
0
1
0
0
1
1
0
1.83742e-14
1.25085e-14
1
1
0
1.19349e-15
0
0
0
0
0
0
1
1
0
4.38538e-15
2.77556e-17
1
0
1
0
6.4948e-15
1
1
0
0
0
0
0
0
1.62648e-14
1.24993e-14
1.55709e-14
4.59817e-15
1.44884e-14
1
0
0
1
3.61378e-14
1
0
0
1
0
0
6.71685e-15
6.60583e-15
0
8.35443e-15
3.26961e-14
0
2.7256e-14
1
0
0
0
1
1.39518e-14
0
1
0
1
0
0
1
1.93456e-14
1
0
1
0
0
0
4.66294e-15
0
0
1
0
0
0
1
1
0
0
0
0
1
1
1
9.99201e-15
1
0
1
1
0
0
1
1
8.32667e-17
1.82632e-14
7.04992e-15
1
1
0
1
0
1
1
0
0
1
0
1
1
2.09693e-14
0
1
9.96425e-15
0
1.68199e-14
0
1
1
1
0
8.32667e-17
0
1
2.60532e-14
1
0
0
1
0
0
0
0
0
2.69229e-14
1
3.56382e-14
2.02616e-14
0
0
0
0
9.71445e-16
5.88418e-15
3.58047e-15
1
1
1
0
1
0
0
0
9.32587e-15
1
0
2.68766e-14
0
1.38778e-15
0
5.71765e-15
1.04639e-14
0
1
0
1
0
1
0
0
1
1
1.66533e-16
1.02418e-14
7.21645e-16
0
1.38778e-15
0
0
0
0
1
0
0
1.32117e-14
1.04083e-14
0
0
3.51571e-16
0
0
0
1
1.02696e-14
1
0
0
1.08247e-15
0
2.60347e-14
0
2.67656e-14
9.38138e-15
1
2.38698e-15
6.38378e-15
0
0
0
1.00198e-14
1
0
0
2.02801e-14
1
1.39055e-14
2.38143e-14
2.42306e-14
0
1
1
6.10623e-15
1
1.31839e-14
1
0
1
1
0
1
1
0
1
1
0
1
1
1
0
1
1.34892e-14
1.19349e-14
6.05072e-15
0
1
0
0
1
1
1
1
0
6.88338e-15
1
1
1
2.82829e-14
0
2.80331e-15
1
1
1.01678e-14
1.45439e-14
1
1.1019e-14
1
1
3.06237e-15
1.01585e-14
1.94289e-15
0
0
1
1
0
1
0
0
1
1
0
3.88578e-15
0
3.30291e-15
0
0
0
2.47025e-14
1
1
0
0
9.02056e-15
0
1
0
1
1.08802e-13
0
0
0
1.47382e-14
1
0
0
1
1
1
1
1
3.31772e-14
1
1.19349e-15
1
0
1
0
0
0
1
0
0
2.28243e-14
1
0
1
1.77636e-14
1
9.10383e-15
0
1
0
1
1
0
0
0
1
1
1
1
0
0
0
1
0
0
1
1
0
0
1
0
1
0
1
1
1
1
0
1
1
1
0
0
3.0087e-14
0
1
1.04639e-14
0
0
1
0
1
1
1
6.13398e-15
1
1.53581e-15
0
0
0
2.05669e-14
3.10862e-15
1
2.44249e-15
0
1.42109e-14
1
0
1
0
0
0
0
1
3.34177e-14
9.312e-14
1
1
1
1
1
1
2.21675e-14
0
1
1
2.88658e-15
1
0
0
1
0
0
1
0
0
1
0
0
2.92266e-14
8.06762e-15
1
6.05072e-15
0
1.08987e-14
1
0
0
1
1
0
0
1
0
0
0
0
0
0
0
0
1.89386e-14
0
0
0
0
0
1.36002e-14
0
1
1
0
0
0
0
1
2.05391e-15
0
0
1
1
0
2.58312e-14
1.44884e-14
0
1.75693e-14
0
1
0
1.30451e-15
0
1.25455e-14
0
3.88578e-16
0
0
1
0
1.85962e-14
0
0
0
3.74145e-14
0
2.60902e-15
0
1
0
5.58812e-15
1
2.55351e-15
1.00475e-14
0
1
0
0
0
0
0
0
1
1
1
7.77156e-15
4.41314e-15
1
1
0
1.77636e-15
0
1.55986e-14
1.38778e-14
0
1
1.01585e-14
0
1
1
0
1
1
0
0
1.61352e-14
2.08167e-14
0
1
0
0
0
0
0
0
0
1.38778e-15
1
1.60982e-15
1
1.32672e-14
1
0
2.23155e-14
3.60822e-15
2.9976e-15
0
0
1.07137e-14
1
1
0
0
0
1
2.16493e-15
1.86888e-14
1
6.60583e-15
1
0
0
1
1.08247e-14
1
8.43769e-15
1
1
0
0
1
1
2.32037e-14
1.31561e-14
1
1
1
1
0
1
0
1.84852e-14
0
0
0
1
0
1
0
1
0
1.80411e-14
1
0
0
1
0
9.74221e-15
0
1
1
7.02216e-15
2.89953e-14
1
0
0
0
1
1
1
3.42504e-14
1
0
0
5.38458e-15
1
1
1
0
8.57647e-15
0
1
0
1
1.66996e-14
4.54266e-15
2.50725e-14
1
1
0
7.60503e-15
0
0
0
0
0
1.89293e-14
1
1
1.37205e-14
2.17326e-14
2.82274e-14
1
1
0
1
1
1
7.35523e-15
0
0
0
0
0
1
0
7.24421e-15
0
0
1
0
1
1
0
0
1
1.17129e-14
1
1
0
1
0
1
0
0
1
1
1.86517e-14
8.74301e-15
1
1
1.56541e-14
4.42979e-14
0
0
0
0
0
0
1
0
0
0
0
0
2.96059e-16
5.07927e-15
2.21304e-14
0
0
1
1
5.82867e-15
4.94049e-15
0
0
0
1
1
1
0
1
0
5.77316e-15
0
1.87905e-14
1.7486e-14
1
2.04003e-14
0
0
0
0
1
0
0
1
0
1
1.9984e-14
1
4.71845e-15
0
1
0
0
1.31284e-14
1
1
0
2.57849e-14
0
7.79932e-15
0
2.64233e-14
3.82102e-15
0
1
8.65974e-15
1
0
1
0
0
1
0
1
0
0
2.07519e-14
0
1
0
0
0
5.05151e-15
0
0
1
0
1
1
1
7.26271e-15
0
1
0
3.94129e-15
0
1.36002e-14
1.2379e-14
0
0
1.64313e-14
1
0
1.27676e-15
1.52933e-14
2.60902e-15
1
4.996e-16
0
0
0
2.77556e-17
1.09912e-14
2.04836e-14
7.21645e-16
0
1
1
0
0
1
1
0
4.9849e-14
0
0
4.49122e-13
0
0
9.10383e-15
4.20034e-15
4.07637e-14
1
2.34812e-14
0
1
0
8.04912e-16
1
0
0
0
1.30729e-14
0
1
3.73868e-14
1
1
1
1
0
0
0
8.99281e-14
1
1
5.93969e-15
1
0
1
0
1
0
1
0
0
0
1
1
0
0
1
1.28878e-14
1
2.26485e-14
1
1
2.77001e-14
1
5.52336e-15
0
1
2.46192e-14
2.66454e-15
2.26208e-14
1
5.32907e-15
1
3.66374e-15
0
1.19812e-14
3.59157e-14
1
0
1
3.48795e-14
1
0
0
1
1
1
0
1
1
0
0
5.41234e-15
0
0
0
1
2.13718e-15
1
1.18794e-14
0
0
1
0
0
0
1.68199e-14
0
0
0
4.55191e-15
0
0
0
1
1
1
0
9.9365e-15
1
1.69864e-14
0
0
0
1
1
1
1
2.47302e-14
8.32667e-16
1
0
1
1
0
1
1.31561e-14
0
1.11799e-13
5.05151e-15
1
0
0
1
2.57572e-14
0
0
0
1
1
1
1
1
0
0
1
1
0
0
0
0
1
0
1.3517e-14
1
1.44514e-14
1
0
0
1
3.3612e-14
1.60982e-15
0
1.08247e-14
1
1
0
0
0
1
0
1.60427e-14
6.99441e-15
1
0
2.46747e-14
1
0
1.85962e-14
1
1.42365e-13
0
0
0
0
1.35725e-14
1.46734e-14
0
0
3.60822e-16
5.82867e-15
1
1.39703e-14
1
1.25178e-14
0
0
1
1
1.59872e-14
0
3.17339e-14
2.04281e-14
0
0
0
0
0
0
3.42226e-14
1.94382e-14
9.73296e-15
1.54599e-14
0
0
0
0
1
0
1
0
3.05311e-15
2.17604e-14
0
1
1
1
0
5.9952e-15
0
1
0
0
0
0
3.90428e-15
0
1
0
6.4948e-15
1
1
1
1
0
1
0
0
3.4972e-15
6.02296e-15
0
0
0
0
8.07687e-15
0
0
4.57967e-15
0
0
1
0
1
1
0
1.4766e-14
9.35363e-15
1
1.64035e-14
1
1
0
1.62648e-14
1
4.05231e-15
0
1
0
0
1
3.38618e-14
2.77556e-17
0
0
0
0
7.88258e-15
1
1
0
1.02141e-14
0
2.05114e-14
1
1.96695e-14
0
1
1
0
1.72825e-14
0
2.33702e-14
0
1
0
1
0
0
0
1.26843e-14
1
1
0
0
0
1.22402e-14
0
0
-5.55112e-17
1
2.08167e-14
3.40468e-15
0
1
0
1.04083e-14
1.09079e-14
0
1.58947e-14
1
1
3.60822e-15
1.67551e-14
0
0
0
1
0
1.24623e-14
0
4.04029e-14
1.80411e-15
0
1
1
1
0
1
1.37113e-14
1
1
3.5046e-14
1
0
3.36398e-14
1
0
0
0
0
5.10703e-15
1
1.42109e-14
1
1
1
1
0
6.05072e-15
0
1
1
0
4.41314e-15
0
2.55906e-14
0
1
1.98452e-14
1
0
5.40309e-15
1.47567e-14
2.84217e-14
0
1
0
1.66533e-16
1.70697e-14
0
1
0
0
0
4.77396e-15
9.60343e-15
0
0
1
0
1
1.09635e-14
0
1
0
1
2.18344e-14
1.60982e-15
1.40166e-14
1
0
1
0
1.27676e-15
0
0
3.66651e-14
0
0
1
1.38778e-16
0
5.55112e-17
0
0
0
1
0
0
0
1
1
1
0
1
1
1
2.41474e-15
0
0
0
1.71252e-14
0
0
0
0
1
1.13983e-14
0
0
0
0
1
1
0
1
9.04832e-15
0
0
0
2.26763e-14
5.77316e-15
1
0
0
0
1
1.07692e-14
1
0
1
0
0
1
0
1
1
1
1
7.43849e-15
0
1
5.7454e-15
0
1
0
0
0
1
0
0
1
0
5.82867e-15
0
0
6.88338e-15
0
0
0
0
0
0
0
0
0
0
1
1.00475e-14
1
1
1.81521e-14
1
1
0
0
0
1
0
0
0
1
0
9.02056e-15
2.95874e-14
1.42941e-14
6.43004e-15
1
0
0
1
0
0
1.18609e-14
1.95677e-14
0
0
0
1.64683e-15
0
0
0
7.32747e-15
1
5.55112e-17
1
0
1
0
1
6.38378e-16
5.40309e-15
0
2.77556e-15
1.68476e-14
1
0
0
0
0
0
0
0
0
1
1
0
9.4369e-15
0
0
0
0
0
0
0
0
0
0
0
0
0
0
1
1
1
1
5.07927e-15
0
0
1
0
1
1
1
0
1
1
0
1
0
0
2.08999e-14
1
0
0
0
1
1
1
0
0
1
0
1
0
6.75016e-14
1
1.36002e-15
1
0
0
1
1
0
1
0
0
0
1
1
2.29446e-15
0
0
1
4.09036e-13
8.49321e-15
1
1
0
0
2.94394e-14
1.55154e-14
1
0
2.17049e-14
5.27356e-15
4.35763e-15
0
0
1
1
1
1
1
1
0
1
0
0
0
5.9952e-15
0
1
0
1
4.39648e-14
1
2.74225e-14
1.96232e-14
1
1
1
0
0
0
1
0
0
1
2.8777e-13
4.57967e-15
1
3.33992e-14
0
1.30451e-15
0
0
0
0
0
8.38218e-15
5.82867e-16
0
1
0
1.51453e-14
5.30131e-15
1
0
1
3.06977e-14
1.40906e-14
0
0
2.77556e-17
1.31839e-14
1.97527e-14
0
0
0
0
0
0
1
1
1
0
7.34598e-15
1
1
1
1
0
0
1
1
1
0
0
9.15934e-16
1.38778e-15
4.55747e-14
0
2.498e-15
0
0
0
0
1
4.27158e-14
0
1
1
1
0
0
1
0
0
2.94209e-15
0
0
0
1
2.36478e-14
1
1
0
9.17044e-14
1
0
0
0
1.66256e-14
1.10837e-14
0
1
2.14643e-15
0
0
9.06682e-16
1.40721e-14
1
0
1
0
1
1
0
0
0
1
0
1
1
1
1
0
0
0
4.18647e-14
0
2.68674e-14
1
1
0
9.49241e-15
0
0
0
0
1.31006e-14
0
1
1.47105e-14
0
6.77236e-15
0
0
0
1
1
1
1
1
0
1
0
1.05194e-14
2.41474e-14
7.81042e-14
0
1
0
1
1
0
0
7.32747e-15
0
3.60082e-14
1
2.39253e-14
0
0
1
1
1
0
1
1
7.27196e-15
1
1
1
0
1
1
0
0
1.66533e-15
1
0
1
1.39888e-14
4.4964e-15
0
0
0
3.46945e-15
0
1
1
7.83817e-14
1
0
0
0
0
1.46549e-14
6.245e-15
1
2.22785e-14
1
8.71525e-15
0
1.71529e-14
0
1
1
1
1
1
1
2.91434e-15
1
0
1
1
9.27036e-15
1
1
2.07057e-14
1
0
1.73472e-14
1
1.64683e-14
0
0
1
1
2.37033e-14
0
1.68199e-14
0
0
1
0
0
1
0
0
0
1.77636e-15
1.77636e-15
0
0
0
7.27196e-15
0
0
1
1.26288e-14
1.15186e-14
0
0
1
6.49295e-14
0
1
0
0
1.01585e-14
1
3.08087e-14
0
0
0
1
0
1.43774e-14
1
1
1
0
1.88738e-15
1
1
1
1
0
7.88258e-15
1.78746e-14
1
1
0
0
0
0
4.67959e-14
1
1.3628e-14
1.4988e-14
0
0
6.2265e-15
1
0
0
1
1
0
7.04714e-14
0
1
0
1.11022e-15
5.42436e-14
1
0
5.16254e-15
4.2466e-14
0
1.89293e-14
3.94684e-14
0
9.05942e-14
1
0
0
2.17696e-14
0
0
1.18794e-14
0
1.60427e-14
0
0
9.62193e-16
1.19071e-14
1
0
1
0
1
1
2.9976e-15
1.94289e-16
0
1
0
0
0
1
1
0
0
0
1
0
0
1
1
0
1.57652e-14
0
1
0
0
8.32667e-16
0
1
0
3.88578e-15
0
4.52416e-15
1
0
1
1
1
1
1
1
1
0
1
1
1
1
0
1
5.44009e-15
1
0
0
7.32747e-15
0
1
1
2.02801e-14
0
0
1
1
1
0
6.80937e-14
1
1.30174e-14
4.04954e-14
1
1
1.51823e-14
1.07322e-14
0
2.35922e-15
0
1.66533e-15
0
0
1
1.39611e-14
4.71845e-15
0
0
0
3.4972e-15
2.498e-16
0
1
8.20455e-14
8.0963e-14
0
0
0
0
1
1.96787e-14
0
1.49695e-14
1
1.43774e-14
0
2.60902e-15
1
1
1
1
1
1
1
2.05391e-15
1
0
1
3.43059e-14
0
1
1
2.9754e-14
0
1
1
1
1.91421e-14
0
0
1.98175e-14
0
2.00118e-14
0
3.83027e-15
0
1
1
0
0
1
1.63943e-14
3.2474e-15
0
1.77636e-15
0
0
6.32827e-15
0
9.35363e-15
0
0
1
1.07137e-14
1
0
1
0
1
0
0
0
1.90403e-14
1
3.31679e-14
2.89213e-14
0
2.35367e-14
0
0
0
1.56264e-14
1
1
1
0
0
1
1
1
2.67564e-14
5.88418e-15
5.27356e-15
1
1
1
8.60423e-16
0
0
0
6.87783e-14
1
1.0177e-16
1
1
0
1.00475e-14
1
0
1
1
1.46827e-14
0
1
1.4988e-15
1
1.94289e-15
8.35443e-14
0
0
0
0
9.52016e-15
1
0
6.63543e-14
0
0
0
0
0
0
0
5.91194e-15
0
0
1.8735e-14
0
0
0
1.20737e-14
1
0
1
1
1
0
1
0
3.60822e-15
0
0
0
0
5.06077e-15
0
6.82787e-15
1
0
0
1
1
1
1
5.16254e-15
0
0
0
0
0
1
0
0
1
1
0
5.60663e-15
1
0
3.27516e-15
1
1
1
4.48715e-15
0
0
2.01494e-13
1
1
0
1.07137e-14
0
1
1.32949e-14
1
0
1
0
1.04731e-14
5.05522e-14
3.56382e-14
6.69835e-15
1.16573e-15
0
1
1
1
1
0
0
0
0
1
1.82632e-14
3.60822e-15
1
0
0
0
1
2.37033e-14
2.47117e-14
1
0
0
0
1
1
0
0
0
0
1.83631e-13
0
0
1
6.03961e-14
7.60503e-15
1.2268e-14
1
2.26208e-14
3.35472e-14
0
0
1
1.36557e-14
7.4755e-15
1
1.02973e-14
1
0
1
1
0
1
0
0
0
5.55112e-16
0
1
0
1.38223e-14
0
1
3.30846e-14
0
1
1
1
1
0
2.7478e-15
1
1
1
1
1
0
0
0
1.29063e-14
0
0
2.96985e-15
0
4.08007e-15
1.18979e-14
1
1
7.79932e-15
0
0
1
0
1.20459e-14
1
9.6867e-15
0
0
3.83027e-15
0
0
1
2.91711e-14
3.71925e-15
7.24421e-14
4.15223e-14
1.10467e-14
0
0
1
1
1
0
5.4771e-15
0
1
1
1
0
2.77556e-17
1
1
1
0
0
0
0
0
4.12633e-15
0
1
1
1
0
1
6.01741e-14
1
1.77081e-14
0
4.77396e-14
0
1
0
0
1.14858e-12
1
0
1
1
0
6.38378e-16
0
1.19016e-13
8.21565e-15
0
4.21885e-15
3.80251e-14
1
0
1.36002e-14
6.10623e-16
0
0
1
2.28706e-14
0
8.90029e-15
0
0
1
1.31839e-14
0
0
1
0
0
4.55191e-15
1.31839e-14
0
0
0
1.55154e-14
1.63758e-14
0
2.40456e-14
2.16493e-14
1
1
0
6.21725e-15
1.249e-14
0
0
8.9373e-15
0
0
1.57559e-14
3.34917e-15
2.66454e-15
1.55894e-14
1
1.55986e-14
0
0
4.85723e-15
1.51916e-14
0
0
0
0
3.44724e-14
0
0
0
0
3.83027e-15
0
1.84297e-14
0
1.03251e-14
1
1
0
0
0
0
0
1
2.49523e-14
3.51756e-14
0
2.10017e-14
1
-5.55112e-17
0
1.27121e-14
0
0
8.32667e-15
1
1
0
1
1
1
0
1
0
0
0
0
0
1.93734e-14
1
0
0
0
0
7.21645e-16
1.00753e-14
0
0
0
0
0
0
3.88578e-15
1.21569e-14
1.11022e-15
0
1.28786e-14
1.24567e-13
0
1
1
1.00475e-14
1.06581e-14
0
1
7.54952e-15
1
0
0
0
0
0
2.50772e-14
1
1.68754e-14
3.01426e-14
2.93099e-14
1
1
0
1
1
1
2.20934e-14
8.11795e-13
7.60873e-14
0
0
0
1.48788e-13
1
0
1.32117e-14
8.32667e-16
0
3.58047e-15
0
0
0
0
1
5.10703e-15
0
9.57567e-15
0
0
1.97065e-14
0
1
1.00753e-14
6.35603e-15
0
0
0
0
2.498e-16
5.93969e-15
0
0
8.00286e-15
0
2.64233e-14
0
1
0
1
0
1.07137e-14
1
6.43929e-15
0
0
0
0
2.07612e-14
0
1.08617e-14
1
0
0
3.43059e-14
0
8.65974e-15
1
0
0
1
0
2.30926e-14
1.49047e-14
2.77556e-16
0
0
0
7.99361e-14
0
1.40443e-14
4.35763e-14
1
0
0
0
0
1.78746e-14
1
1
4.08285e-14
1
2.29446e-14
0
0
0
0
0
0
0
1
1
0
1
1
1
9.54792e-15
1
0
3.05311e-16
1.31284e-14
2.68304e-16
0
0
0
5.39013e-14
1.39611e-14
1.81521e-14
0
0
1.63758e-15
0
8.63198e-15
0
0
0
3.14563e-16
0
0
3.44169e-15
9.40914e-15
0
0
1
1
0
1
0
1.12225e-14
1
0
1
0
0
0
1.13798e-15
7.31267e-14
1
1
0
2.71172e-14
3.06422e-14
1.4197e-14
1
1.90958e-14
1
0
1
0
1
1
0
2.08167e-14
0
1
1
0
1
0
1
0
1
5.55112e-16
0
1.66533e-15
1
0
0
0
1.15001e-14
0
1
0
5.55112e-17
0
1
0
0
1
1.65423e-14
0
0
5.21805e-15
1
2.41474e-15
1.60982e-14
0
0
1
1.44329e-14
1
0
0
1.57097e-14
0
0
0
0
0
5.10703e-15
0
4.16334e-15
1
4.9627e-14
6.60583e-15
0
4.78321e-15
1
1
0
2.13995e-14
6.96665e-15
0
1
0
6.93889e-16
0
0
0
0
1
4.13558e-15
1
1
0
1
0
0
0
4.16334e-16
0
9.57567e-15
1
1
0
0
1
0
0
1.00475e-14
0
3.53606e-14
1.29156e-14
0
5.44009e-15
0
0
0
0
0
0
1
1
0
0
1.08395e-13
0
0
0
1.4803e-16
0
0
6.4948e-15
6.4948e-15
0
0
0
0
3.9968e-15
0
0
0
0
0
0
1
1
1
0
0
0
0
0
0
1.13243e-14
0
0
0
0
1
0
0
1
0
1
0
0
1
1
6.98608e-14
2.30094e-14
1
6.58732e-15
0
0
0
2.29261e-14
0
0
1.46549e-13
0
9.29812e-15
1
0
1
7.60503e-15
1
3.96905e-15
0
0
0
0
2.76631e-15
1.28786e-14
0
1.62648e-14
0
0
0
4.07082e-16
2.2482e-15
0
5.9952e-15
4.06157e-15
0
0
0
1
0
1
0
0
3.45557e-14
1
1.03806e-14
0
3.55271e-15
0
1.39888e-14
0
0
0
1
1
0
1
3.87098e-14
0
0
1
0
1
0
0
0
0
0
5.55112e-17
0
1
1.33782e-14
0
0
1
1
2.83107e-15
1.11022e-15
0
0
1.39888e-14
0
1
1
1
0
0
1.46827e-14
9.60343e-15
0
1.34059e-14
1.83002e-14
0
2.9976e-15
1
0
1.68476e-14
0
0
0
0
0
0
5.93969e-15
0
0
1
1
0
0
0
0
5.2088e-15
5.55112e-17
0
0
0
0
0
0
0
0
0
1
0
0
1
1
0
1
0
0
1
1.74768e-14
0
0
0
1.00475e-14
1
1.38778e-15
1
1
0
0
3.06422e-14
0
1
4.71845e-15
0
1.65793e-14
1
0
1
1
0
0
3.37508e-14
0
1
0
1
8.49321e-15
1
0
1
0
1.90126e-14
0
1
0
1.20274e-14
5.55112e-17
5.54186e-15
0
1
0
5.71765e-15
0
1
0
0
1
0
0
9.27036e-15
3.9968e-15
1
0
1.12133e-14
0
0
1
1
1
1
0
0
0
9.56642e-15
0
0
0
0
0
0
1
8.15459e-14
6.46705e-15
0
4.78321e-15
1
1
0
1.32394e-14
0
3.33067e-16
1
0
7.24421e-15
0
0
3.91354e-15
0
1
1.1241e-14
1
1
0
1
0
0
0
0
0
1.15741e-14
1
1
0
0
1
1.29896e-14
0
0
0
1.72085e-15
9.57567e-15
0
0
0
0
0
0
3.38618e-15
0
1
1
0
0
1.08321e-13
6.27276e-15
0
1.7597e-14
1.4803e-16
0
0
0
0
0
0
0
0
4.08932e-15
0
0
0
0
2.44027e-13
0
1
1
1
0
0
0
0
0
0
1.73472e-14
0
0
0
0
1
0
0
1
0
1
0
1
1
1
2.04836e-14
1.803e-13
5.10703e-14
0
0
0
1.72085e-14
0
0
0
0
0
0
1
0
1
0
1
0
0
0
0
0
0
6.43929e-15
0
0
0
0
0
0
0
0
0
0
0
0
0
0
0
1
0
1
3.45557e-14
3.45002e-14
0
0
1.65146e-14
0
0
0
0
0
1
1
0
1
4.77396e-15
0
6.05072e-15
1
0
1
0
0
0
0
0
0
0
1
0
0
1
3.23075e-14
1
0
1.08247e-15
0
3.88578e-16
1
0
1
0
1
0
0
0
0
0
0
0
0
1.38778e-15
1
7.04992e-15
0
2.96522e-14
7.29972e-15
0
0
0
0
7.10543e-15
0
1.16018e-14
1
1
0
0
0
0
0
1.27676e-15
2.79406e-15
0
0
6.88338e-15
1
0
0
0
0
1
0
0
1
1
0
1
0
0
1
1.16296e-14
1
0
1.05749e-14
3.38618e-15
1
1.24345e-14
1
7.34968e-14
0
0
0
2.52113e-14
1
0
4.71845e-14
0
9.26296e-14
0
3.41949e-14
2.36478e-14
0
0
0
0
1.94289e-15
0
4.05231e-15
1.8896e-13
3.33067e-15
0
6.88338e-15
6.93889e-15
1
8.21565e-15
5.35683e-15
0
0
0
0
0
1
6.4948e-15
1.15648e-15
6.4948e-15
1
6.30052e-15
0
0
7.88258e-15
0
1.88738e-15
0
1.69309e-14
0
2.77556e-17
1
0
1
0
0
0
1.05194e-14
2.36755e-14
4.88498e-15
0
0
2.77556e-17
0
0
1.88738e-15
0
1
0
0
6.03221e-14
1.93734e-14
3.20577e-14
0
0
8.99281e-15
3.35842e-15
0
0
8.40994e-15
0
5.52336e-15
0
0
0
2.83107e-15
1
1.71437e-14
1
5.55112e-17
0
0
2.9976e-14
1
1
1
0
1
0
1
0
5.19029e-15
0
0
0
0
1
1
0
1
0
1
0
0
0
0
0
0
1.34892e-14
0
0
0
0
1.09449e-14
0
7.21645e-16
0
0
1.01585e-14
2.51743e-14
3.83027e-15
1.63758e-15
8.29892e-15
0
9.38138e-15
0
0
1.77081e-14
4.17444e-14
1
0
1
0
1.06581e-14
0
1
9.60343e-15
1
2.60902e-15
5.62513e-15
0
0
0
0
1
0
1
4.80727e-14
9.77829e-14
1
0
0
1
0
4.69624e-14
3.40283e-14
1
0
0
0
0
1
5.55112e-17
0
0
1
0
3.60822e-15
0
1
2.1122e-14
1.05194e-14
0
0
5.16254e-15
1
0
1
2.38698e-15
0
0
0
9.99201e-16
1
0
0
0
0
0
0
7.62353e-15
1.42109e-14
0
0
1
0
1
1.94289e-16
2.29816e-14
0
0
0
9.4369e-16
0
6.19689e-14
1
0
0
2.55906e-14
0
7.88258e-15
9.28146e-14
0
4.2466e-15
1
1
2.05669e-14
0
3.96905e-14
1
0
0
0
1
0
0
7.91034e-15
0
3.31957e-14
1
3.59157e-14
9.32587e-15
3.59712e-14
0
1
1
0
6.99441e-15
1
1.27121e-14
0
0
0
2.12053e-14
0
0
0
0
0
0
1
0
1
0
0
0
0
0
0
0
6.66134e-16
1
1.33227e-14
0
0
0
0
0
7.46625e-15
6.4948e-15
0
1.95954e-14
0
0
1.01585e-14
3.88578e-16
1
0
0
1.19904e-13
0
1
0
1
1
1
0
1
1
0
1.04824e-14
0
0
5.25691e-14
1
1
0
0
5.42899e-14
3.54716e-14
1
0
1.77081e-14
8.85773e-14
1
0
1
1
0
2.47025e-14
2.1233e-14
9.88098e-15
0
0
0
0
1
1
1
0
0
1
7.60503e-15
1
0
1
1
1
0
9.71445e-15
9.29812e-15
1
0
1
1
3.22982e-14
0
1
0
3.18079e-14
0
2.60347e-14
0
0
0
1
0
1.66533e-15
0
1.83187e-15
0
1
0
0
5.31797e-14
9.49241e-15
0
3.27516e-15
0
1
1.07137e-14
1
0
0
3.77476e-14
1
0
5.14866e-14
0
1.11855e-14
0
1
0
1.061e-13
1
1
0
1
0
0
1
3.36768e-15
0
0
1
0
0
8.49321e-15
0
1
1
8.6875e-15
0
1
0
0
0
1
2.2593e-14
0
1
1.13687e-13
0
1
1
1
1
1
0
1
2.03448e-14
0
0
0
7.32747e-15
1
0
1
6.32827e-15
7.85483e-15
0
0
0
0
0
1
1
2.08167e-15
0
0
1
0
6.38378e-16
5.44009e-14
1
1
0
0
0
7.16371e-14
1
9.36196e-14
1
2.30926e-14
1.89848e-14
0
0
0
1
1.32672e-14
0
0
1
1
0
0
3.27238e-14
2.5054e-14
1
0
1.66533e-15
0
1
0
1
0
1
0
1
4.53341e-16
2.52576e-15
0
0
0
1
0
0
0
1
0
1.39703e-14
-5.55112e-17
1.02696e-15
1
5.82867e-15
1
0
8.77076e-15
3.39173e-14
0
0
1
1
0
1
0
0
1
2.86438e-14
0
0
0
1
0
2.60902e-14
0
1
2.2519e-14
9.98646e-14
0
0
1.60982e-15
4.38538e-15
0
0
8.04912e-15
1
1.29341e-14
1
2.55074e-14
0
0
0
6.80012e-15
1
0
0
0
1.16018e-14
1
0
2.8727e-14
1.09079e-14
0
0
0
0
0
1
1
0
1
1
1
1
1
1
0
1
6.57807e-15
1
4.996e-15
0
3.58047e-14
1
1.53488e-14
3.08087e-15
0
1
6.96665e-15
1
0
1
1
1
1
0
0
4.72955e-14
1
1
1.97342e-14
1.9762e-14
1
1
1
1
1
0
5.47895e-14
1.11022e-14
0
0
1
0
0
0
1
1.16573e-15
1
0
1
0
1
0
0
0
1
1
1
0
1
0
3.27516e-15
1.10745e-14
0
1
0
0
1
1
0
1.4988e-14
1
0
1.09079e-14
1
0
0
1
1
0
1.46827e-14
0
9.46465e-15
0
0
1
0
0
9.65894e-15
2.05391e-14
1
2.44249e-15
4.44089e-15
0
1
0
4.82392e-14
0
6.66134e-16
7.93902e-14
0
0
0
0
0
1
1
2.23987e-14
0
0
1.34892e-14
0
0
6.73535e-15
2.30371e-14
1
0
1
1
1.29526e-16
4.42239e-15
0
0
1.06859e-14
2.80331e-15
1
1
0
1
3.44169e-14
1
1
1
0
1
1
2.54241e-14
1
1.99007e-14
1
0
1
1.53488e-14
1
4.40759e-14
0
0
2.15661e-14
1
1.61815e-14
1
1
5.38458e-15
5.16254e-15
0
1
0
1
1
0
1
9.60343e-14
1
1
0
0
0
1
0
0
1
0
0
0
0
0
0
3.03924e-14
0
1
1
0
1
1.07692e-14
5.9952e-15
2.14551e-14
1
1
1
0
1
1.97065e-14
0
0
1
0
1
1
0
6.55032e-15
0
0
1
0
0
1
1
0
1.16573e-15
0
0
0
0
0
1
1.12688e-14
0
0
2.94209e-15
2.77556e-17
0
8.35443e-15
0
1
0
0
6.13398e-15
1
1
1.00475e-14
3.43059e-14
1.16018e-13
0
1.8846e-14
5.7454e-15
1.2601e-14
5.46785e-15
1.83187e-15
1
1
0
1
7.13318e-15
0
0
0
1
1.11022e-15
1.67736e-14
0
0
1
3.27516e-15
2.05761e-14
1
1
1.74212e-14
1.81707e-14
1.55431e-14
0
2.78481e-15
0
0
1.29896e-14
2.22045e-16
1
1
1
0
1
1
1
0
1
0
0
0
0
1
9.78106e-14
0
1.10745e-14
1.43774e-14
2.90046e-14
0
7.7253e-15
0
0
0
1
0
0
1
1
0
0
4.32432e-14
0
1
0
5.973e-14
1
0
0
1
0
2.82367e-14
3.94129e-15
0
0
0
0
1.10467e-14
0
1
1
1
1
0
1
1
1
0
1
1.14908e-14
0
0
1
1
0
0
1.54506e-14
1.05009e-14
7.32747e-15
1.93086e-14
1
0
1.19904e-14
1
5.93969e-15
0
1
0
8.04912e-16
1
0
1.72085e-15
0
1.15741e-14
0
0
0
0
0
1
1
0
1
1.27398e-14
1.89571e-14
0
1
0
0
0
0
0
0
1.27583e-14
1
0
0
0
0
1
0
0
1
1
0
6.4948e-15
0
2.05391e-14
0
2.48597e-14
0
1
0
0
1
0
2.83107e-15
1
1.88738e-15
0
1
1
0
1
0
1
1
1
1
1
0
1
0
1
1
0
0
8.99281e-15
1
0
0
0
0
0
2.4869e-14
1
0
1
0
0
0
1
0
1
0
0
6.88338e-14
5.99705e-14
1
0
0
2.64603e-15
1
0
1
0
0
0
1.42386e-14
0
1
1
3.85803e-14
0
1
1
0
1
2.498e-16
0
1.77636e-15
1
1
1
0
2.33147e-15
5.57887e-15
6.88338e-15
1
0
4.94049e-15
1
1
5.55112e-17
8.04912e-15
0
0
3.67484e-14
1.1402e-13
3.475e-14
1
0
1
2.362e-14
1
1
6.55032e-15
0
0
1
4.42701e-15
0
8.14349e-14
0
1
0
8.35443e-15
0
3.68224e-15
0
0
1
1
1
0
0
0
2.79406e-15
1.39888e-14
1
0
1.11217e-13
0
1
0
1.69402e-14
2.12053e-14
1
0
1
0
1.63203e-14
0
1
1
3.58047e-15
0
0
2.27596e-15
0
0
9.76996e-15
1
0
0
0
0
0
6.58362e-14
1.43219e-14
1
0
3.88578e-15
0
1
1
3.71925e-15
1
1
1
0
0
0
0
4.79986e-14
0
5.4771e-15
1
1
8.65974e-15
0
0
0
7.16094e-15
8.04912e-15
0
1
4.19294e-14
1
0
0
1.00864e-13
7.02216e-15
1
0
0
1
1
1.48955e-14
0
2.25375e-14
0
2.15938e-14
0
0
1
0
3.85803e-14
0
1
1
0
1
2.77556e-16
1
0
1
3.74978e-14
0
0
1
1
1.54228e-14
0
0
2.08999e-14
1
1
5.55112e-17
0
0
0
1
1
1.00475e-14
0
5.07927e-15
1
0
1
0
1
0
0
1
0
0
1.29619e-13
0
0
5.7454e-15
1.39055e-14
0
2.7478e-15
0
1.80411e-15
0
1.80411e-14
1
0
0
0
0
1.48122e-14
1
0
1.11217e-13
0
0
0
1.24067e-14
1
2.88658e-15
0
1.78746e-14
0
1
0
0
0
0
0
0
0
1.36742e-14
0
3.9968e-15
1
0
0
1
2.98835e-15
0
1
4.42701e-14
1
1
1
0
0
1
1
1
1
1
0
0
0
1
1.83187e-14
0
0
0
0
1
0
0
0
2.14273e-14
2.83107e-15
1
1
0
1
0
1
3.71925e-14
0
1
0
5.10703e-15
1.28564e-13
1
0
1.31746e-14
0
0
9.75146e-15
2.05021e-14
0
6.9833e-14
1
0
0
1
1
1
1.1352e-14
0
1
0
3.71925e-15
0
1
0
1
0
1
0
0
1
3.86358e-14
1
0
0
1
7.21645e-16
1
2.89121e-14
0
1.11207e-14
1
0
1
1.31376e-15
0
1
0
4.24938e-14
9.71445e-15
6.80012e-15
0
0
0
1
0
0
1
0
1
0
4.65183e-14
1
1.42664e-14
1
1
0
4.21885e-15
0
4.42313e-13
0
0
0
1
0
1
7.16094e-15
1
3.76736e-14
0
1.21292e-14
2.16493e-15
5.84717e-15
1
1.34892e-14
1.27121e-14
0
1
1.73287e-14
1
0
0
2.96059e-16
2.59422e-14
0
0
0
0
9.448e-14
0
2.78111e-14
5.82867e-15
1
1
0
1
0
0
0
1
1.39333e-14
0
3.63598e-15
5.18104e-14
0
1
1
1
2.77556e-17
0
0
0
0
1
2.50078e-14
0
0
1
1
0
1
1.03695e-13
0
1
0
4.91274e-14
6.25796e-14
1
1
1
0
2.40548e-14
0
0
1.20459e-14
1.85851e-13
1
1.37853e-14
0
1
1
2.88658e-15
1
3.78031e-14
1
1
1
1.04361e-14
0
0
7.16094e-15
1
0
1
1
1
1
3.33992e-15
1.4766e-14
0
1
0
1.28675e-13
7.44034e-14
0
0
2.26856e-14
3.73775e-15
1
1
0
0
0
1
1
5.96745e-15
0
0
0
0
1
1
0
0
3.27516e-15
1
1
1
1.39055e-14
0
1
0
1.00475e-14
0
1.88895e-13
0
5.57054e-14
0
1
1
0
2.77556e-17
1
0
5.80092e-15
1
0
4.60743e-15
1
0
2.67564e-14
0
0
0
1
1.31839e-14
0
1
0
1.52656e-15
1
4.54359e-14
0
1
6.78346e-14
1
1
1
1
1
1
1
1.74305e-14
1
1
0
9.82547e-15
0
1
2.42029e-14
9.78847e-15
0
0
0
1
0
1
0
0
6.98515e-15
0
5.87308e-14
0
1
0
0
3.67484e-14
1.45069e-13
1
0
0
1
1
1
0
1
0
0
1
0
1
7.76046e-14
3.81362e-14
0
1
0
0
1
1
1
0
1
8.99281e-15
1
0
1
0
1
2.67564e-14
1
0
0
0
0
1
0
4.62593e-16
1
1
1.0103e-14
1
2.83107e-15
1
1.01308e-14
0
0
1
0
0
1.53211e-14
1.00105e-14
0
8.14349e-14
0
1
1.45069e-14
1.37668e-14
0
1.37113e-14
0
1.80411e-15
0
0
1.26565e-14
1
0
0
3.48055e-14
1.4877e-14
1
0
7.43294e-14
0
0
0
0
1.20459e-14
1
0
0
0
0
1
0
0
1.07692e-14
0
1
0
1
0
3.9968e-15
4.51491e-15
0
0
1
1
2.61458e-14
1
3.43336e-14
1
0
8.77076e-15
1
1
1
0
0
1
1
0
1
0
1
4.81097e-14
1
1
0
3.03924e-14
0
0
0
0
0
1
1
0
1
1
0
0
0
2.1122e-14
1
0
0
0
1
0
2.60902e-15
1
0
0
1
0
1
1
3.85803e-14
0
1
1
0
1
2.498e-16
1
0
1
1.88738e-15
7.18869e-15
0
1
0
1
1.249e-14
1
1.57929e-14
0
1.05471e-14
0
1
1
0
1
1
3.475e-14
1
1
1
1
1
0
1
1.34892e-14
1
0
0
0
8.14349e-14
0
0
0
8.35443e-15
6.16174e-15
1.95214e-14
0
4.10783e-15
0
0
0
1
0
0
3.48055e-14
0
0
0
3.77198e-14
3.58972e-15
3.88578e-15
0
0
0
0
0
0
1
0
3.10862e-15
0
0
2.94209e-14
0
1
0
1.37575e-14
1
9.76996e-15
0
1
2.59885e-14
1.22125e-14
0
3.83304e-14
1
1.43219e-14
3.9857e-14
1
3.88578e-15
1
1
2.44249e-14
3.71925e-15
1
1
0
0
0
0
1
4.79986e-14
7.19795e-15
0
1
2.32869e-14
7.71605e-15
1
0
0
7.16094e-15
1
0
1
0
1
0
1.24178e-13
3.70259e-14
1
1
0
5.21805e-15
7.51066e-14
1
1
1
0
4.43349e-14
1
1
0
1
1
0
9.55902e-14
1
1
1
0
0
1
1
1
0
1
0
1
0
1
1
1
0
0
0
0
1
1.54321e-14
0
1
1
5.49005e-14
0
2.35645e-14
0
1
0
7.35523e-15
2.05391e-15
1
1
0
3.71925e-15
0
0
0
1
1.82632e-14
0
5.4956e-15
0
0
1.48492e-14
1
0
0
0
1
0
0
0
1
1.95122e-14
0
2.16864e-14
1
1
3.79974e-14
1.11022e-16
0
0
2.14828e-14
0
1
0
1
1
0
5.71765e-15
1
1
3.05311e-15
1
1.1352e-14
1
0
6.88338e-15
0
1
0
1
0
1
1
1
1.91513e-15
1
1
0
1
1
1
1.39333e-14
0
1.86517e-14
5.18104e-14
0
0
1.249e-15
3.92186e-14
0
1
1.72085e-15
1
2.29539e-14
0
2.49708e-14
0
1
0
1
0
0
1.32949e-13
0
1
6.38933e-14
0
1
1
0
0
1
5.12553e-14
0
0
1.77636e-15
1
0
0
0
1
1
0
1
8.2249e-15
0
0
1
1
1
0
1
4.24938e-14
1
0
0
0
1.38778e-16
0
0
0
0
2.44249e-15
1
0
0
1
1
0
0
2.27596e-15
1
1
5.55112e-17
0
4.2466e-15
0
0
0
0
1
2.12608e-14
1.79023e-14
0
0
0
0
0
9.60343e-15
9.65894e-15
1
0
0
2.07057e-14
0
1.29452e-13
2.65898e-14
0
5.38458e-15
1
0
1.78191e-14
1
3.58047e-15
0
0
1
0
4.66294e-15
1.249e-14
0
0
0
1.97065e-14
1
3.60822e-15
0
7.91034e-15
0
5.41234e-15
0
0
0
5.30131e-15
1
0
2.35645e-14
1
1
1
1
1
1
1
1
1
1.23235e-14
0
1.7486e-15
1
0
1
2.50633e-14
3.71832e-14
0
1.34337e-14
2.26763e-14
1
0
0
0
1
2.44249e-14
0
1
0
8.46545e-14
0
1
1
0
4.36318e-14
0
2.35367e-14
7.23495e-14
1
3.27146e-14
3.78031e-14
0
2.39438e-14
1.53211e-14
1
1
4.36318e-14
2.33147e-15
0
0
1
1.7597e-14
4.16796e-14
1
1
1
0
1.65423e-14
2.69507e-14
1
2.30556e-14
1
0
0
0
2.34812e-14
1
0
1
0
2.66454e-15
1
5.52058e-14
0
0
0
0
1
2.77556e-16
0
1.01863e-14
0
0
2.98095e-14
1.38778e-15
0
0
0
0
1
0
1
0
8.09538e-15
1
0
0
2.48135e-14
1
4.32154e-14
5.97855e-14
0
9.30737e-15
1
0
0
1
2.28151e-14
1.11947e-14
0
1
8.02136e-15
0
0
5.32907e-15
0
1
0
1
0
1.94289e-14
0
0
4.06434e-14
1
1.02141e-14
0
1
4.18554e-14
3.79974e-14
0
2.30371e-15
1
0
1
1
0
1
1
1
1
1
1
1
4.69069e-15
1
3.9968e-15
1
0
3.88578e-16
3.01426e-14
0
1
0
3.60822e-15
5.31242e-14
0
0
1
0
6.06552e-14
1
1
2.59515e-14
0
6.88338e-14
0
1
1.85037e-16
0
0
0
1.68476e-13
1
4.1217e-14
5.34017e-14
1
1
0
1
0
0
0
1
1
0
1
0
1
0
1
1
0
7.16094e-15
0
0
1
1
0
0
1
1
0
2.69229e-15
0
1.39148e-14
5.88418e-15
9.9809e-14
1.02696e-14
6.38378e-15
1
0
1.2416e-14
0
0
0
1
0
0
2.16771e-14
0
0
0
0
5.38458e-14
0
0
5.46785e-15
0
0
0
7.82707e-15
0
0
0
0
4.01346e-14
0
1
3.52773e-14
0
0
1
5.64548e-14
0
9.52016e-15
1
1.91513e-14
2.67564e-14
2.88658e-15
5.10703e-15
1
9.96425e-15
0
1
0
0
0
1
0
1
1
0
2.09277e-14
4.91274e-15
7.54952e-15
0
1
1.32672e-14
1.68291e-14
0
2.94209e-14
1
1
0
1
0
0
1
0
1
2.40918e-14
0
0
1.82077e-14
1.33782e-14
9.74221e-15
0
1.17961e-14
1
0
0
0
0
1.46549e-14
1
8.06855e-14
1
0
5.68434e-14
4.94049e-14
1
1
0
0
0
1
0
0
1
0
6.43929e-15
2.29261e-14
2.27226e-14
0
0
0
2.73115e-14
4.46865e-15
1
3.27516e-14
1
0
1
0
1
2.25098e-14
1
5.52336e-15
4.27436e-15
0
1
0
0
0
8.63198e-15
1
0
1.17684e-14
1.08247e-15
2.22045e-14
0
1
2.63678e-14
0
1
1
1
0
1
0
0
0
0
8.18789e-15
0
0
2.498e-15
1
0
0
0
2.48968e-14
0
4.80171e-15
1
1.24067e-14
2.498e-14
1
0
0
0
2.28706e-14
0
3.4639e-14
7.02494e-14
2.05946e-14
0
0
0
0
1
0
1
8.9373e-15
2.79406e-15
1
8.18789e-15
0
1
0
0
1
0
2.26948e-14
1
0
0
1.69587e-14
1.99933e-14
5.55112e-15
1.94289e-16
1
6.02851e-14
1
1
1.28601e-14
0
1
0
1.89848e-14
1
1
0
0
3.43336e-14
2.49153e-14
1
0
0
0
0
1
0
1
1.02696e-15
2.52298e-14
1
0
1
1
1
1
1
0
1
1
1
0
1
0
1
2.06779e-14
1
1
1.04861e-13
0
0
5.68989e-15
0
1
0
0
0
0
0
0
3.76366e-14
0
0
0
2.2519e-14
0
1.67921e-14
0
1.23975e-14
1
0
0
0
0
0
1
0
0
0
0
0
1.34892e-14
0
0
0
2.96059e-14
0
1
1
0
2.7478e-14
0
1.34059e-14
4.69347e-14
0
0
1.2231e-14
1
3.10862e-14
8.24341e-15
1
9.60343e-15
3.03368e-14
1
7.74103e-14
0
0
1
2.07057e-14
0
0
0
5.31242e-14
1
4.91274e-15
1
6.10623e-15
1
0
0
0
1
1
9.15934e-15
1.38038e-14
1
0
0
0
0
1
2.2482e-14
1.37668e-14
2.58127e-14
0
1.52767e-13
0
0
0
0
0
1
3.07532e-14
0
1.2268e-14
1
7.82707e-15
0
1
0
1
1
1
0
0
0
1
1
2.77556e-16
1
1.59983e-13
3.82472e-14
1
1
1
1
1.31173e-13
1
1.09635e-14
1
0
0
2.55101e-13
0
0
0
1
1
0
1
0
0
0
5.9952e-15
0
4.38723e-14
0
0
1.2379e-14
0
0
1
1
0
1
0
1
0
1
0
1
5.35683e-15
4.07822e-14
1
6.33937e-14
4.79616e-14
0
0
4.81837e-14
4.27436e-15
0
0
1
1
0
1
1
0
0
0
1
1.30266e-14
1
0
1
0
0
0
0
2.77556e-17
0
0
4.49085e-14
0
1.15186e-14
0
1.62925e-13
0
0
0
0
0
0
0
0
0
1
0
1
1.59317e-14
1
0
1
0
1
1
0
1
0
1
0
1
0
0
1.71714e-14
0
0
2.89491e-14
0
1
1
1
1
5.61773e-14
3.58047e-15
1
0
0
0
0
1
1
3.20114e-15
1
1
0
0
1
0
1
1
1.77885e-13
1
1
1
0
1
1
1
8.88734e-14
0
1
0
1
1
0
0
1
0
0
1
0
1
0
0
0
0
0
3.60822e-15
1
1
1
2.76631e-15
1
0
0
2.06501e-14
1
0
7.88258e-15
7.93809e-15
1.4692e-13
1.29563e-13
0
0
0
0
1.22125e-14
0
1
0
1
1
1
0
7.87981e-14
0
3.3723e-14
1
0
3.39173e-14
0
1
0
0
0
0
1
1.19543e-13
1.52933e-14
0
4.63611e-14
0
0
0
1
0
1
0
2.6229e-14
0
1
1.77081e-14
1
1.9984e-15
1.7597e-14
2.16216e-14
0
1
0
0
1
1
5.80092e-15
1
1
7.71605e-15
6.10623e-15
1
0
0
0
1
0
0
1
1
1.19349e-14
1.69587e-14
1
1
0
1
0
1
6.86673e-14
1
1.03806e-14
0
0
0
1
9.12233e-15
0
1
3.9931e-14
1
1
0
1
0
1
1
1
1
0
1.24206e-13
0
0
0
2.80886e-14
1
1.18424e-14
1
0
0
1.34448e-13
0
4.83502e-14
0
2.20379e-14
1
3.0087e-14
2.41474e-14
8.9373e-15
1
1
1
0
0
0
1
1.28046e-14
0
1
0
1
1
3.02869e-13
1
2.72005e-15
0
0
1.01585e-14
0
0
0
0
0
1
0
1
5.77038e-14
0
9.64044e-15
0
1
0
1
1
0
0
2.80331e-14
1.36835e-14
9.54792e-15
1.06803e-13
3.27516e-15
0
0
3.18079e-14
0
0
1
0
1
0
0
1.15741e-14
0
0
1
1.52008e-14
0
3.77476e-15
8.49321e-15
1.70974e-14
1.09079e-14
0
4.42701e-14
1
4.24198e-14
0
6.43929e-15
7.52176e-15
0
8.60423e-16
0
1
0
1.92439e-15
2.43972e-14
0
0
1
1
1
5.7269e-15
2.06224e-14
2.97262e-14
3.39728e-14
0
1
0
0
1
0
1
1
1
5.55112e-15
1
1.08913e-13
1.14991e-13
1
1
1
1
1
1
0
1
0
1
0
2.01348e-13
1
4.92106e-14
1.51545e-14
1
0
0
4.8724e-13
1.113e-14
0
0
1
0
0
1
0
2.07612e-14
0
0
1
1
1
0
1
0
1
0
2.24543e-14
0
2.18159e-14
0
3.51941e-14
0
2.12608e-14
0
4.7536e-14
0
0
0
0
0
0
1
1
1
1.21264e-13
2.07612e-14
4.21885e-14
0
1
8.21565e-15
4.2466e-14
1
0
0
8.96505e-15
0
2.40641e-14
1.82188e-13
1
1
1
0
1.16795e-13
5.2273e-15
1
0
0
0
1
5.55112e-17
1
0
0
2.9976e-14
1
1
1.22217e-14
1
1.36835e-14
0
1
1
0
0
0
1
3.03368e-14
1
0
5.63438e-15
0
1
4.82947e-15
0
1
1
3.83027e-14
1
1
1
1.37113e-14
1
2.88769e-13
0
1
5.54371e-14
9.40914e-15
0
5.46785e-15
0
1
0
0
1
0
1
0
0
1
0
1
4.97935e-14
1
7.47458e-14
1
0
1
1
0
2.7478e-15
1.47105e-15
0
0
2.2297e-15
1.01308e-14
0
1.26565e-14
0
1.81521e-14
0
1
0
4.27436e-15
0
9.21485e-15
1.91513e-14
0
1
0
4.82947e-15
0
0
0
1
2.7367e-14
1
0
1.53118e-13
1
1.81521e-14
0
5.55112e-17
0
0
0
0
1
0
1
7.17944e-15
0
0
5.75466e-15
1
1.16573e-14
1
0
0
3.44724e-14
1
9.15934e-15
1.31284e-14
0
1
1.13132e-13
0
2.9865e-14
1
0
4.60187e-14
1.49325e-14
0
2.84772e-14
1
0
0
0
1
0
1
0
1
2.12608e-14
0
3.9968e-15
1
0
1
0
0
1.29526e-14
1
1
0
0
1.19293e-13
0
1.25455e-14
1.34892e-14
0
1
1
3.21965e-15
6.51331e-15
1.22125e-15
1.19349e-14
1
2.226e-14
0
0
1
1.36557e-14
0
2.22045e-16
1
0
2.66361e-14
1
2.72005e-15
1
0
1
1
2.12386e-13
0
1
1
1
0
1
3.14933e-14
9.85045e-14
2.13163e-14
1
1
5.57887e-14
0
0
2.45637e-14
0
5.28744e-14
1.2601e-14
4.68514e-14
1.78191e-14
1.19904e-14
1.91791e-14
-5.55112e-17
1.41553e-14
1
1
0
2.57572e-14
1
0
1
1
1
0
2.53501e-15
1
1.21014e-14
0
1
2.15106e-14
1
1
1.9873e-14
0
2.03726e-14
2.41751e-14
2.08167e-15
0
5.30131e-15
1
1.11022e-16
1
1
0
8.50986e-14
0
2.2482e-14
0
1.11577e-14
1
1
1
2.09277e-14
0
0
1.66256e-14
1
3.66374e-14
0
0
1
1.27953e-14
1.2527e-13
2.23432e-14
1
0
0
0
1
1.40998e-14
0
0
0
0
5.35683e-15
0
7.43849e-15
1
0
1.97065e-15
1
1
0
0
1
0
2.7478e-15
0
1.62925e-13
0
0
0
0
0
1
1
2.63308e-14
0
1
0
0
2.30926e-14
3.87468e-14
0
1
5.93969e-15
3.55086e-14
1.62093e-14
0
0
2.96985e-15
1.25363e-14
5.82867e-15
1
8.87068e-14
1
1
0
1
3.94351e-13
1
1
1
1
1
0
1
1
0
0
1
0
1
1
0
0
1
0
1
0
0
4.57967e-15
1
2.76446e-14
0
1.7375e-14
1.14908e-14
1
1
1
0
1.55431e-15
1.4877e-14
1
1.79301e-14
1.48492e-14
1
1
1
0
2.05669e-14
0
0
0
0
0
0
0
1
8.32667e-17
0
0
2.23432e-14
0
1
4.55747e-14
1
0
1
1
0
0
0
1
0
0
0
4.36965e-14
0
0
1.33782e-14
8.55797e-15
5.56037e-15
1
0
1
0
1.91513e-14
0
1
0
0
0
1
0
0
1
7.66979e-15
1
2.58127e-15
1.55431e-15
1
2.69229e-15
0
1
1.19099e-13
5.35683e-15
1
0
1.33504e-14
0
1
1
1
0
1
0
0
0
0
1
0
0
0
0
1
0
0
1.83187e-15
0
0
3.08031e-13
1
0
1
1
1
1
3.8719e-14
1
1
8.79297e-14
0
1
1
0
0
1
0
0
3.22945e-13
0
1.47105e-14
1.31284e-14
2.18991e-14
2.73948e-14
2.77556e-17
0
3.60822e-14
0
0
0
1
2.99205e-14
1
0
1
1.06859e-14
1
0
1
0
1
0
0
0
2.7256e-14
0
0
0
1.48862e-14
0
1
0
0
0
1
0
0
1.24623e-14
0
6.23575e-15
1.75415e-14
2.01505e-14
1
4.14113e-14
0
3.747e-15
0
0
1
0
0
1
0
0
0
6.35603e-15
0
6.93889e-15
1
0
0
0
1
0
1
0
1
0
0
0
1.27121e-14
1.13798e-14
1
0
1.65701e-14
1
0
1
7.49401e-16
1
1.15963e-13
1
0
1
0
1
0
1
3.38063e-14
1
0
0
0
2.4869e-14
0
1
1.39333e-14
0
1
1
1
2.91434e-15
1
0
1
0
1.03436e-13
1
1.06248e-13
0
1
0
1
1.32117e-13
1
0
1
8.09908e-14
1
1
0
3.55271e-15
1.05471e-15
0
1
5.29576e-14
0
0
0
1.89848e-14
0
0
1
1.49603e-14
1.12688e-14
0
1
1
1.02326e-14
0
8.69675e-15
1.77636e-15
1
1
2.89213e-14
1
0
0
0
0
1
4.80171e-15
0
0
0
0
0
0
0
2.77556e-16
1
0
0
0
5.71765e-15
1
0
1
0
1
0
1
1
2.60902e-15
0
1
0
1
1.13798e-15
7.12023e-14
2.08167e-15
0
5.55112e-17
1
0
1.03251e-14
1.79394e-14
1
0
1.43681e-14
0
1
0
1.65978e-14
3.92279e-15
1
0
0
1
1.97805e-14
1
3.19189e-15
1.64683e-14
0
1
2.58682e-14
5.56499e-14
1.16213e-13
0
1
0
1
0
2.44804e-14
1
1
0
1
0
0
9.99201e-14
0
8.35443e-15
1
0
0
1.44792e-14
2.7478e-14
7.46625e-15
7.43849e-15
0
1.17129e-14
1
1
1
1
2.91989e-14
1
0
1
1
1
1
0
1.65978e-14
0
0
5.55112e-17
4.72122e-14
1
0
1
1
0
0
0
2.80239e-14
0
0
1
0
1
0
1
0
0
1
0
1.07414e-14
1.8735e-14
8.01211e-15
1
1
0
0
1
1
1
0
0
0
1.58207e-14
0
0
3.66374e-14
1
1.78746e-14
1
3.19744e-14
0
3.60822e-16
1.02141e-14
1
1
1
1
1
1.64313e-14
1
0
1
0
2.55351e-15
0
0
4.03381e-14
1
0
0
0
1
0
1
0
1
0
0
3.42504e-14
1.4988e-15
0
1
1
1.11115e-14
1.37113e-14
1
0
1
0
3.27516e-15
0
1
0
8.43769e-15
3.41671e-14
5.94802e-14
1
4.52416e-15
0
0
0
1
0
1
3.18264e-15
1
2.03541e-14
9.4369e-16
1
0
1
1
0
0
1
0
0
1
7.00366e-15
1.83002e-14
1
1
1
0
1
1
1.77081e-14
1
0
1
1
6.30052e-15
0
1
0
0
1
1
0
1
1
5.19029e-15
0
0
0
2.18899e-14
0
0
2.33424e-14
0
0
1
4.71845e-15
1.57374e-14
1
1
1
0
0
1
1
3.82102e-15
0
0
1
1
0
0
0
0
0
2.17049e-14
1.98545e-14
1
0
1
1
0
0
2.41474e-14
0
1
1.43496e-14
0
1
0
1
0
0
0
2.77556e-16
0
0
0
0
0
0
0
0
0
1
0
0
5.41234e-15
0
0
0
0
1
6.43929e-15
2.16493e-15
0
1.94289e-14
1
0
1
2.73115e-14
4.62593e-17
1
1
0
1
0
0
2.57572e-14
0
5.27356e-15
3.33067e-15
1
1
1
5.38458e-15
1.51268e-14
0
0
0
0
1
3.2474e-15
0
1.58207e-15
0
0
0
1.08247e-14
0
1
7.67719e-14
1.49325e-14
1
1
7.84373e-14
1
0
1
1
1
5.32907e-15
1
1.67921e-14
1
0
0
3.71925e-15
1
0
0
3.50571e-13
0
0
1
1
5.09777e-15
0
1
1
0
1
1
2.26485e-14
1
1
1
1
0
1.31284e-14
1
2.89491e-14
2.73948e-14
1
0
0
1
1.7375e-14
0
0
0
0
0
3.68039e-14
0
1.63758e-15
1
0
0
1.8042e-13
1.09357e-14
1
1
1
0
1
1
0
1
0
1.17961e-14
0
1.3714e-13
1
5.41696e-14
0
0
5.05151e-14
0
1
2.22045e-16
1.31006e-14
3.747e-14
1
5.15699e-14
1
3.85803e-15
1
0
1
9.1871e-15
1
0
1
0
1
0
3.33067e-15
0
0
1
8.43769e-15
6.78069e-14
1.29341e-14
0
1
0
1
2.20934e-14
0
1
1.27676e-15
1
0
1
7.38298e-15
0
0
9.4369e-16
1
1
1
1
2.75613e-14
0
0
7.46625e-15
3.62488e-14
1
0
1
1.14797e-13
1
1
6.4948e-15
1
0
1
0
3.3723e-14
0
1
0
0
1
0
0
7.53841e-14
1
0
6.9833e-14
0
0
1
0
0
1
0
3.31957e-14
4.63333e-14
1
1
1
0
6.16174e-15
0
2.55721e-14
1
1.20737e-14
6.18949e-15
0
1
1
1
2.90046e-14
2.19547e-14
0
0
0
4.91274e-15
0
-5.55112e-17
0
1
4.60743e-15
0
0
2.41474e-14
1
1
1.77636e-15
1.55431e-15
1
1
3.52496e-15
0
0
0
1
0
0
0
1
5.32907e-15
4.15408e-15
0
0
0
1
2.35922e-15
1
2.99483e-14
1
0
1
0
1
1
0
1
0
0
3.31957e-14
1
0
5.55112e-17
1
1
1.07414e-14
6.29311e-14
0
0
0
1
5.60663e-15
3.44169e-15
1
1
1
0
1.5099e-14
0
0
1
0
2.77556e-17
1
1
3.93204e-15
0
5.77316e-15
0
1.08247e-14
0
1
1
1
1
1.38778e-16
1
1
1
1
1.0611e-13
1
0
0
0
0
3.71925e-15
3.17801e-14
1
4.35207e-14
0
1
1
1.13798e-14
0
0
6.4948e-15
2.6229e-14
1.64035e-14
0
1.53673e-14
1
5.52891e-14
6.67059e-15
0
1
6.27831e-14
0
1
2.62568e-14
1
1
1
0
1.19349e-14
1
4.9738e-14
0
0
0
3.73868e-14
1.59595e-14
1.14631e-14
0
0
3.40283e-14
0
1
0
1.03251e-13
0
0
1
8.16014e-15
0
1
0
1
2.20102e-14
2.44804e-14
1
2.96707e-14
4.35485e-14
0
0
3.76181e-14
1
0
0
0
4.03011e-14
0
3.83027e-15
9.41839e-15
0
0
0
0
0
0
0
1.11115e-14
1
1
1.94567e-14
0
0
1
1.17684e-14
0
8.62273e-15
2.19269e-15
1.80134e-14
1
8.66529e-14
0
0
0
0
0
0
1
1
1
7.49401e-15
0
0
0
0
2.25375e-14
0
0
0
0
1
3.15581e-14
3.76551e-15
0
1
8.13793e-14
1
1
4.95159e-14
1.55986e-13
1
1
1
1
1
1
9.9365e-15
0
3.59712e-14
4.50751e-14
6.46982e-14
1.67089e-14
0
1.69309e-14
8.90399e-14
1
3.59157e-14
0
0
5.701e-14
0
0
0
0
2.90878e-14
1
0
1
1.16573e-15
1
0
1.43496e-14
0
1.31006e-14
1
1
2.91989e-14
0
0
1
0
0
0
2.55351e-15
0
4.41314e-15
0
1
1
2.98835e-15
0
0
0
0
3.77476e-14
0
0
1
0
3.45279e-14
1
0
0
4.38538e-15
1.21569e-14
0
0
0
1
1
0
2.45082e-14
0
2.81164e-14
0
0
0
1
0
7.41999e-15
2.61365e-14
1
0
1
1
1.52656e-14
5.84717e-14
7.21645e-15
0
0
0
3.76551e-15
1
2.77556e-17
0
3.4972e-15
5.69822e-14
1.09884e-13
0
9.88098e-15
0
5.44564e-14
2.12608e-14
1
0
1
1
0
1
1.55154e-14
6.65394e-14
0
2.90878e-14
0
3.79141e-14
1
1
1.69309e-15
1
0
8.38218e-15
7.63278e-15
1
3.79197e-13
1
2.02153e-13
1
1
1
1
0
1
1
1
0
0
1
6.38101e-14
8.35443e-15
3.28071e-14
1.56726e-14
1
1
8.60423e-16
0
1.84019e-14
0
2.25653e-14
1
0
0
1
1
0
1
1
1
1.63758e-14
1
1
1
1
1
0
0
1.91236e-14
1
0
2.28151e-14
7.66054e-15
1.78191e-14
0
0
9.82547e-15
1
0
3.35842e-14
1
1
3.58324e-14
4.98213e-14
0
1
0
0
1
1.9762e-14
1
0
0
1
0
1.61167e-14
1.59622e-13
1.3739e-14
0
1
1.249e-15
0
0
0
0
1
0
1.89848e-14
2.21304e-14
1
0
0
0
3.65263e-14
-5.55112e-17
0
8.87253e-15
7.60503e-15
1.59872e-14
1.29341e-14
0
0
1
1
0
0
1
5.3485e-14
4.92384e-14
0
0
7.71605e-15
0
1
1
5.82867e-15
0
1
7.88258e-15
2.77556e-17
1
1.02474e-13
1
0
1
4.33079e-14
0
0
1
0
0
0
0
0
1
1
5.61218e-14
1
1
1
1
1
0
0
0
0
0
2.22877e-13
0
1
0
1
0
0
0
0
1
1
0
1
0
4.89053e-14
0
1
1
3.43984e-14
0
1.28231e-14
1
0
0
0
1.66256e-14
1.2305e-15
1
5.837e-14
1
1
0
5.19307e-14
0
1.17129e-14
0
0
1.39611e-14
0
0
1
2.89768e-14
0
8.21843e-14
0
0
1
1
0
1
0
6.66134e-16
1
0
0
0
0
1
0
0
0
0
0
3.89133e-14
0
0
4.13558e-14
1
2.60625e-14
1
0
0
0
1
-5.55112e-17
0
0
3.63598e-15
1
7.41074e-15
0
1.60705e-14
1
1
0
0
1
0
0
4.53249e-14
0
0
1
2.03726e-14
6.43929e-15
1
1
1
1
0
1
3.05311e-14
0
1
1
0
1
1
1
0
0
0
1.61537e-14
0
1
1
0
1
0
1
1
1
3.37508e-14
1
0
1
0
2.01394e-13
1
0
0
0
3.50534e-13
0
0
1
2.28428e-14
1
0
1.68199e-14
0
0
0
1
1
0
1
5.77316e-15
1
0
5.35683e-15
0
2.78296e-14
0
1
0
0
0
1.113e-14
0
0
0
5.91194e-15
0
5.46785e-15
1
1
1
0
1
1.6485e-13
0
1
1
0
0
1
4.32987e-14
0
4.68514e-14
0
2.35367e-14
1
1.24845e-13
7.30249e-14
4.03381e-14
1
0
5.94247e-14
0
3.46945e-15
2.64233e-14
6.11363e-14
0
1
0
0
1.52933e-14
1
1.06859e-14
0
0
2.53131e-14
0
0
1
0
1
4.60743e-15
0
0
0
8.82627e-15
1
5.07372e-14
0
0
0
1
0
0
0
1
3.16414e-15
1
4.32709e-14
7.38298e-15
0
6.71685e-14
0
5.01266e-14
0
1
4.78321e-15
1
0
5.27356e-16
7.41074e-15
5.85643e-15
1
0
1
0
1
1
2.7256e-14
1
9.13158e-14
1
1.87628e-14
6.38378e-15
3.23575e-13
1
0
0
1
1
0
1
6.39396e-14
1.97342e-14
2.1394e-13
1
0
1
1
1
1
1
1
1
0
1
0
1
1
0
1
7.41074e-15
1
6.38378e-16
0
2.67656e-14
1
0
0
0
0
3.52496e-15
0
0
9.12233e-15
0
0
3.83027e-14
2.76538e-14
1
0
2.41474e-14
1
1
1
1
1
1
1
1
0
0
1.94289e-16
0
0
0
1
0
4.13558e-15
0
0
5.93969e-15
2.226e-14
0
0
5.27356e-15
0
0
3.68224e-15
0
1
3.69149e-14
0
1
0
3.21965e-15
1
1
0
0
8.21565e-15
5.80092e-15
0
4.17166e-14
0
0
1.58207e-14
0
0
0
0
1
1
1
1
1
5.57887e-15
1
0
0
3.27516e-15
0
1.58207e-15
1
1
0
1
2.63956e-14
4.2207e-14
1
4.27658e-13
1
1
2.91989e-14
1
0
1
1
1
1
0
1.93623e-13
0
0
5.55112e-17
3.58324e-14
0
0
0
9.24076e-14
0
0
0
1.32117e-14
0
1
1.58207e-14
0
1
0
1
1
0
1
5.77316e-15
0
0
1.31284e-14
1
2.90323e-14
0
0
0
4.16334e-14
0
1.74583e-14
0
0
1.58207e-14
6.16174e-15
0
9.6867e-15
0
1.69309e-15
1
1
0
1.85713e-13
0
6.40876e-14
1
0
1
1
4.32987e-14
0
5.7454e-15
0
2.77556e-17
0
1.24761e-13
1
0
1
0
0
0
1
0
1
0
0
2.39808e-14
0
3.42504e-14
1.4988e-15
4.82947e-15
1
0
1.48492e-14
1.37113e-14
1
1
0
0
3.27516e-15
9.17784e-15
1
1
8.43769e-15
3.41671e-14
5.94802e-14
5.23933e-14
0
0
0
1
1
0
1
3.18264e-15
1
1
9.4369e-16
0
0
1
0
0
0
1
0
0
7.35523e-15
7.00366e-15
1
1
0
1
2.15383e-13
0
1
1
1
0
1
1.17462e-13
6.30052e-15
2.22877e-13
1
0
0
0
6.93889e-16
0
1
1.68291e-14
5.19029e-15
8.88178e-14
1
8.99281e-15
2.18899e-14
0
0
0
0
0
0
1
1.57374e-14
1
0
1
0
1
7.41074e-15
5.2125e-14
3.82102e-15
1
1
1.44329e-15
0
0
0
0
0
5.12553e-15
0
1.03528e-14
3.06977e-14
1
1
0
3.17524e-14
0
2.47765e-14
0
1
6.10438e-14
0
0
0
3.52496e-15
0
0
0
1
0
0
1
1
1.72085e-14
0
2.44527e-14
1
8.04912e-16
2.6229e-14
0
1
5.41234e-15
0
0
1
0
1
3.67206e-14
1
0
1.94289e-14
1
4.68792e-14
1
1.36557e-14
4.62593e-17
1
5.68989e-15
0
0
0
0
1
0
1
3.33067e-15
0
1
1
9.38138e-15
1
1
0
0
0
0
2.76538e-14
0
1
1
1
0
1.08247e-14
0
1
1
0
1
9.87821e-14
7.6994e-14
1
0
1
1.06193e-13
1
0
0
0
0
1
6.3477e-14
1
1
0
0
1
1.13798e-14
0
0
5.35683e-14
1
0
1
1
4.84057e-14
1.47105e-14
5.7454e-15
1
0
1
0
1
1
0
0
1
0
1.17129e-14
0
7.05547e-14
2.49634e-13
2.01783e-14
0
0
1.66533e-16
0
7.46625e-15
1.07414e-14
3.41116e-14
1
1
1
8.25451e-14
0
0
0
1
1
5.67324e-14
1
3.29181e-14
7.21645e-15
2.43139e-14
6.68909e-15
2.96707e-14
4.38261e-14
0
1
1
1
0
0
0
1
1.22125e-15
1.13798e-15
1.23512e-14
1
3.9968e-15
1
0
5.52336e-15
0
1
1
2.85882e-15
0
0
0
0
1
0
0
1
1.02696e-14
1.80134e-14
0
8.66529e-14
0
0
1.86332e-14
0
0
1
1
1
0
0
1
0
1
0
3.23167e-14
8.54872e-15
0
0
2.17326e-14
3.02536e-14
7.04992e-15
1.81521e-14
4.16334e-15
1
0
1
1
1.43774e-14
1.15546e-13
1
0
1
1
1
1
9.9365e-15
0
1.04176e-14
0
0
0
1.11022e-15
0
1
1
3.59157e-14
0
4.63518e-14
5.71765e-14
3.83027e-15
0
0
4.44644e-14
1.42849e-14
1.38408e-14
0
0
2.88103e-14
1
0
1
0
1
0
1
1
1.36557e-14
2.47025e-15
0
0
0
2.28706e-14
5.04041e-14
4.63518e-15
0
2.20194e-15
5.04596e-14
1
1
0
0
0
0
4.4964e-15
1
1
1
7.66054e-15
1
2.75705e-15
1
2.7367e-14
0
1
0
0
0
9.32587e-15
1
0
8.35443e-15
0
0
0
1
3.31957e-14
1
1.70419e-14
7.77156e-16
0
1
0
1
1
0
1
7.7253e-15
0
2.12608e-14
0
1.36835e-14
1
0
0
1.34059e-14
1
1.17156e-13
1
0
0
1
1
1
1
1
1
0
1
4.88498e-15
1
0
1
0
3.79141e-14
1
1
0
0
0
0
1.61537e-14
1
1.89293e-13
1
1
0
1
0
1
1
1
1
0
0
1
0
2.01394e-13
5.14866e-14
1
0
1
1
4.15501e-14
4.65924e-14
1
1.52378e-14
1
0
0
1.02233e-14
0
0
1
1
0
1
1.52933e-14
1
0
1
2.05114e-14
0
0
0
9.85323e-15
0
6.78346e-14
0
0
0
0
6.55032e-15
1.45439e-14
1.93734e-14
0
0
1
1
1
0
8.71525e-15
4.83502e-14
1
1.86517e-14
0
1
0
1
2.39901e-14
0
0
0
1.78857e-13
1
1
0
5.51226e-14
3.38618e-14
0
1
-5.55112e-17
1.05194e-14
2.498e-14
0
5.39568e-14
1
1.1352e-14
0
2.18436e-14
0
0
1.79301e-14
4.53156e-14
1
1
0
1
3.27516e-15
3.31031e-14
1
6.38656e-14
0
1.36187e-14
4.86555e-14
0
0
0
0
0
7.03141e-15
0
1
8.90029e-15
1
0
0
0
0
0
4.57967e-15
2.39808e-14
0
1.78838e-14
1
0
7.43849e-15
1.40166e-14
1.09449e-14
1
0
1
3.80076e-13
1
1
0
1
0
1
1.17462e-13
4.40481e-14
2.12608e-14
1
1
3.17801e-14
1
2.81442e-14
0
6.25056e-14
1
2.04559e-14
9.76441e-14
1
0
1
0
1.08802e-14
0
0
3.73312e-14
0
1
0
1
0
1
4.08007e-15
0
7.43849e-15
1.11022e-15
1.08339e-14
1
0
1
0
0
2.77556e-17
0
8.32667e-17
2.67841e-14
0
0
1
1
1
4.23365e-14
8.25451e-14
0
6.07847e-15
3.15211e-14
1
3.76088e-14
0
1
1.47382e-14
0
0
0
0
1
0
7.57727e-15
1
1
9.52016e-15
3.49165e-14
2.02338e-14
0
7.02216e-15
1
0
0
0
1
2.77556e-16
1
0
7.29972e-15
1
1.52563e-14
6.21725e-15
1.51268e-14
0
5.27911e-14
1
0
1
0
3.55271e-15
0
1
0
0
6.16174e-15
1.93179e-14
2.62845e-14
0
1
1
1
0
1
1
4.96825e-15
1
0
0
0
0
3.93204e-15
2.09277e-14
2.88658e-15
0
1
0
0
0
1
1
0
1
1
0
1
0
1
1
0
0
2.0973e-13
1
0
0
1
5.02376e-15
1
5.45675e-14
1.16018e-14
3.02758e-13
0
4.10505e-14
5.24303e-14
1
1
0
0
3.62673e-15
0
1
0
0
0
1
1
0
1.92069e-14
0
0
0
2.30094e-14
1
1.8191e-13
3.46667e-14
0
0
0
0
4.39926e-14
1
3.41394e-14
1
1
1
1
0
0
1
0
1
1
0
5.52058e-14
2.86808e-16
1
5.55112e-17
0
1.91236e-14
0
0
0
1
0
0
0
0
0
1
2.05391e-15
1
0
0
0
1
0
0
0
1
1
1.52471e-14
0
1.42941e-14
1
0
1
1
1
0
4.17166e-14
0
0
3.83027e-15
0
0
6.38378e-16
1.27676e-15
1
1
1
1
1
0
1
0
1
1
0
1
0
1
3.66096e-14
1
2.52298e-14
1
1
0
1
0
0
1
4.82854e-14
1
1.4716e-13
1
1
1
1.45689e-13
1
9.03166e-14
1.71252e-13
2.04836e-14
1.22125e-14
0
1
1
0
0
0
3.44169e-14
0
0
1
1
0
8.21565e-15
6.84638e-15
1
7.21645e-15
3.44724e-14
2.00395e-14
6.81677e-14
1
1.93734e-14
7.85668e-14
1
3.4972e-15
3.30569e-14
1.54043e-14
0
1
0
0
0
8.90954e-15
9.04832e-15
1.65701e-14
1
0
7.82707e-15
0
1
0
0
1.92624e-14
0
1
1
0
1
0
0
1.27676e-14
1.5173e-14
1
0
1.42386e-14
0
1.84852e-14
1
0
0
2.15383e-14
0
0
0
0
1
2.42029e-14
1
1.62093e-14
2.6192e-14
0
1
1
5.94895e-15
0
0
0
3.05311e-16
0
1
0
1
2.66731e-14
4.56857e-14
1
0
3.65263e-14
2.80331e-14
0
3.70074e-17
0
1
1
1
1
5.97578e-14
0
2.07612e-14
0
0
1.45162e-14
0
1
0
1
0
1
2.15383e-14
1
0
1
1
1
2.83107e-14
0
1
0
1
1
1
1
1
0
0
1
2.59653e-13
0
0
4.78321e-15
1
6.48925e-14
0
6.59472e-14
8.83552e-15
0
1
7.41074e-15
1
1.85962e-14
1
3.44724e-14
1
0
0
0
0
1
1
1
0
0
0
1
2.7478e-14
1
1
4.95437e-14
0
0
0
2.77556e-17
3.94129e-15
9.14084e-15
3.66374e-15
1
1
0
0
5.40124e-14
1.48215e-14
1
1
1
1
1
1
1
1
0
0
0
5.88973e-14
0
0
1
1.89571e-14
0
0
1
0
0
3.30014e-14
1
0
0
0
1
0
0
0
1.1019e-14
1.76803e-14
0
0
0
0
0
0
3.61933e-14
0
4.64906e-14
4.15501e-14
0
4.12448e-14
0
1.70142e-14
0
0
1.18794e-14
1
0
1
1.01585e-14
0
0
0
1.51545e-13
0
1
0
1
0
0
0
1
0
3.89041e-14
0
1
1
0
1
1
2.05114e-14
1
1.9712e-13
1
1.77358e-14
2.80331e-14
0
0
0
1.10384e-13
1.08524e-14
3.41949e-14
1.05471e-15
1
1
0
0
1.47105e-14
2.34535e-14
0
8.99281e-15
0
0
1.44884e-14
0
0
1
1
1
2.36107e-14
1
2.95597e-14
1
0
1
0
0
0
3.31217e-14
0
2.9643e-14
1.07229e-14
2.80886e-14
0
0
2.25745e-15
0
1
1
1
1.249e-14
0
0
0
1
0
0
0
0
1
1.9984e-15
0
7.88258e-15
0
3.31402e-14
0
0
0
1
0
0
8.65974e-15
5.46785e-15
0
0
0
1
0
1.00845e-14
0
1
0
0
0
2.00673e-14
0
8.60423e-15
0
0
1
0
0
6.03221e-15
0
1.31561e-14
0
0
0
1
0
0
5.44009e-14
1.70142e-14
1
1
1
1
0
2.07057e-14
1
0
7.43849e-15
1
2.06779e-14
0
0
1
1.86795e-14
0
0
7.13318e-15
1
0
1
0
1
1
1
1
0
1
1
1
9.11216e-14
1
8.20732e-14
0
0
0
0
1
9.17322e-14
0
0
0
6.19504e-14
5.01821e-14
1
1
0
1
0
0
1
2.24635e-14
1
3.42689e-14
1
1.19071e-14
1
0
1
3.66374e-15
0
5.05151e-15
0
1
0
9.71445e-15
0
9.60343e-15
1.94011e-14
0
1
1
1
1.05194e-14
1
2.19824e-14
0
1.96232e-14
1
0
1
1
0
2.2482e-15
4.7462e-15
0
0
5.71765e-15
2.19269e-15
5.82312e-14
1.62648e-14
1.28046e-14
0
4.40481e-14
0
1.59132e-15
1
2.36848e-14
1
0
1
0
0
5.51226e-14
1
8.77076e-15
1
1
0
0
1
0
0
1.69679e-14
1
9.38138e-15
9.29812e-15
9.60343e-15
2.88936e-14
7.94642e-14
0
4.42424e-14
0
0
1
1
1
1.78746e-14
1
1
0
0
0
1.4011e-13
0
1
1
0
3.79974e-14
0
0
1
0
1
1
1
0
1
1
0
1
1
1
1
1
1
1
0
0
1
1.63675e-13
5.83422e-14
0
7.29972e-15
0
0
4.36873e-14
7.77156e-16
0
0
0
1
3.4861e-14
1
1
0
1
1.2379e-14
2.3509e-14
1
0
1
4.69069e-15
8.62273e-15
1
0
0
0
0
0
1
0
0
8.82627e-15
2.77556e-15
0
0
0
1
0
0
1
0
0
0
1
3.85247e-14
1.12965e-14
1
1
0
0
9.60343e-15
1
1
3.52496e-15
0
0
0
0
4.59355e-14
9.08162e-14
0
1
0
1
3.19467e-14
1
0
1
0
1
4.96825e-15
0
0
1
1.42849e-14
1
6.27276e-15
0
1
0
1
2.31019e-14
5.52336e-15
1.24623e-14
1
2.82829e-14
0
0
1
1
0
0
3.03091e-14
0
1
0
0
0
0
0
2.05114e-14
1
1
1
0
0
0
0
0
1.05471e-14
1.55542e-13
1
1
0
2.00978e-13
1
1
1
6.4948e-15
1
1.0103e-14
0
9.29812e-15
1
1.7375e-14
1.81521e-14
3.21965e-15
0
0
1
1
0
7.20257e-15
0
1
0
1
1
0
5.82867e-15
1
0
9.39989e-15
3.82102e-15
5.39568e-14
0
1
0
0
1
1.14353e-14
0
1
1
5.14866e-14
0
3.95795e-14
0
0
0
0
0
0
1.67644e-14
4.40944e-14
1
1.46512e-13
0
5.85273e-14
1
1
0
1
4.60743e-14
3.55271e-14
1
5.25135e-14
0
0
0
0
0
4.56857e-14
0
0
0
0
2.32592e-14
1
5.58165e-14
1
0
2.498e-15
4.50195e-14
1
0
0
3.38618e-15
0
0
7.89924e-14
0
0
2.7256e-14
0
1
1.19349e-14
0
1.71252e-14
3.31124e-14
0
1
1.39333e-14
0
0
1
0
8.83738e-14
1
0
0
1
1
0
1
1.60335e-14
0
0
2.63308e-14
1
0
1
1
0
1
0
1
0
1
0
0
0
1
1
1.6237e-13
0
1
0
1
1
0
0
1
1
1
1.15186e-14
0
0
5.63716e-14
0
0
1.19904e-14
0
0
0
0
4.7462e-14
0
0
4.76841e-14
1
1
1
0
0
1.01585e-14
0
9.46465e-15
0
0
7.71605e-15
0
0
1
2.16493e-14
0
1
1
1
5.42344e-14
5.9619e-14
2.07889e-14
0
1.33227e-14
2.10942e-14
8.65974e-15
1.8624e-14
1.81244e-14
0
0
0
0
0
1
2.94209e-15
3.45279e-14
0
1.7375e-14
2.70339e-14
4.43719e-14
0
6.07847e-14
9.99201e-15
1
2.08999e-14
5.32907e-15
0
0
1.91236e-14
0
0
0
3.8719e-14
1
1
0
0
0
0
0
0
1.57097e-14
0
0
0
0
0
1
0
4.17444e-14
3.25295e-14
1.9984e-14
0
1
0
0
0
0
1
1
1
1
5.55112e-15
1
0
1
6.79179e-14
1
4.50751e-14
1
0
0
5.27356e-15
5.2458e-15
0
1
0
1
1
0
0
1.91791e-14
1
0
1
1
0
4.47605e-14
0
0
1
0
0
1
0
2.29724e-14
0
0
0
1
1
1
0
0
4.24383e-14
1.59595e-14
0
0
0
0
0
0
0
4.69069e-15
2.26763e-14
2.65898e-14
1
1
1
1.85685e-14
0
1
0
4.97935e-14
0
0
0
0
1
0
0
0
0
0
1
0
5.69544e-14
1.50713e-14
4.43812e-14
2.87548e-14
8.11388e-15
0
1
0
1
7.70495e-14
1
0
2.29816e-14
1.66811e-14
2.61828e-15
0
0
0
0
3.3723e-14
2.48135e-14
0
0
1
9.10383e-15
0
7.68829e-15
0
0
1.81059e-14
1
0
1
9.13158e-15
0
5.71765e-14
0
1
0
0
8.29152e-14
1
0
1
1
1.84186e-13
1
0
1
1
1
3.88578e-16
1
7.36355e-14
9.10938e-14
4.00235e-14
0
0
2.09832e-14
1.70049e-14
1
0
0
0
0
0
0
6.8362e-14
3.30291e-15
0
1
8.43769e-15
0
4.05231e-15
1
0
0
1
5.61773e-14
0
0
0
0
0
1.20579e-13
0
0
1.61815e-14
0
0
5.29021e-14
0
1.13243e-14
0
0
9.4369e-15
1
0
2.28151e-14
6.95555e-14
0
1
0
1
1
2.84772e-14
1
5.68989e-14
1
3.46667e-14
0
1
2.72005e-15
0
0
0
2.63678e-15
1
1.94474e-14
1
0
7.20812e-14
0
0
0
0
0
0
0
0
4.13558e-15
0
0
0
0
0
0
0
0
8.28967e-15
0
0
8.07687e-15
0
0
0
0
0
3.41671e-14
1
0
1
0
1.17129e-14
2.94764e-14
2.86438e-14
0
0
1.13243e-14
0
1
0
1
1
1
1
1
1
0
1
1
0
0
1
1
1.65784e-13
0
0
0
1
1
1
5.92304e-14
0
0
1.7597e-14
7.49401e-15
0
0
2.93284e-14
1.53488e-14
0
0
0
0
0
0
3.12805e-14
1
0
1
1.79579e-14
1
1
3.16414e-15
3.69149e-15
3.32512e-14
0
0
0
0
0
0
0
0
0
6.17099e-15
1
2.27596e-14
1
6.68354e-14
6.93889e-15
1.57929e-14
0
1
0
1
0
4.68792e-14
0
1
0
0
0
1
0
0
0
1.72085e-14
0
1
4.0995e-14
1
5.31797e-14
1
0
4.65183e-14
0
1
3.80251e-14
1
0
1
0
7.69385e-14
2.498e-16
0
2.11497e-14
0
1
0
1
1.77636e-14
5.13478e-14
1
0
0
1
1
0
2.46932e-14
6.50036e-14
1
1
0
0
1
1
6.0868e-14
1
0
1
1
1
1
0
1
1
1
0
1
0
0
1
0
0
0
1
1
1.29619e-14
1
1.78052e-14
1.68199e-14
0
6.56512e-14
0
0
0
3.77198e-14
3.25018e-14
1.66256e-14
0
6.50591e-14
4.7129e-14
0
0
5.27819e-14
1.79023e-14
0
7.26271e-15
1.71622e-14
1
1
1.21569e-14
0
2.05946e-14
0
0
0
0
0
0
0
0
0
0
1
1
0
1.04083e-14
0
0
1
1
3.11973e-14
0
0
0
0
0
0
0
0
1
3.51386e-14
1
1.39333e-14
1
0
1
0
1
0
1
0
1
0
1
0
1
0
1
0
1
0
3.65263e-14
0
5.18752e-14
0
1
0
3.26961e-14
0
0
0
0
0
1
0
1
1
1
4.94049e-15
1
1
1
1.84852e-14
1
1
2.96235e-13
1
1
6.84452e-14
1
0
1
1
1
0
1
0
7.41074e-15
0
4.94604e-14
0
3.93852e-14
0
1
0
0
1.03676e-13
6.68909e-15
0
0
1.76525e-14
1
0
3.47777e-14
1.59965e-14
0
0
6.50591e-14
2.72005e-14
1
3.66374e-15
1
0
3.73312e-14
0
0
1
0
0
0
2.44249e-14
0
0
1.42664e-14
0
8.21565e-15
0
0
0
0
0
0
2.49245e-14
1
5.16254e-15
1
0
1
1
1
4.72122e-14
4.19664e-14
0
6.245e-15
1
0
5.87308e-14
0
1
0
2.16493e-14
1.15833e-14
1
0
1
0
0
0
0
0
1
0
1
6.91114e-15
0
0
1
0
1
0
1
6.13398e-15
1.11022e-15
3.89966e-14
7.28121e-15
1.80966e-14
1
0
2.66824e-14
1
0
1
7.16094e-14
0
0
0
1
0
0
2.42399e-15
1
0
1
1
1
1
0
1
1
1
1
1.44162e-13
1
1
2.498e-16
0
0
1
2.24265e-13
0
1.04361e-14
6.4948e-15
1
1
0
8.38033e-14
0
3.52496e-15
0
1.76155e-14
2.64696e-14
0
6.06737e-14
0
3.37508e-14
0
3.19189e-14
0
1
1
0
0
1
1
1.26288e-14
1.43219e-13
0
0
0
0
0
0
1.04361e-14
3.19189e-14
1.91606e-14
8.54594e-14
0
0
0
4.17999e-14
1.94289e-15
1.07137e-14
0
1.70419e-14
1.82077e-14
0
1
1
1
1
1
0
0
1
8.49321e-15
0
0
1
0
1
0
1
1.0103e-14
4.9738e-14
2.77556e-17
1.55154e-14
5.19122e-14
1
2.69507e-14
1
1.20922e-14
0
5.71765e-15
2.11497e-14
0
0
9.62193e-15
1.45439e-14
1
0
6.0979e-14
1
0
0
1
0
0
1.94567e-14
0
0
1
1
0
1
1.45994e-14
7.17759e-14
0
0
1
0
0
0
1
1
1
1
1
1
1
1
1.69809e-13
1
0
0
0
1
1
2.07057e-14
0
1.22125e-14
1
1
1
0
0
0
1
1
0
1
0
1.79301e-14
1
1.45717e-14
0
0
0
0
3.81917e-14
0
0
1
2.35737e-14
0
1
1
0
0
0
0
0
3.99125e-14
0
0
0
0
0
1.64035e-14
0
1
1
1
3.2252e-14
4.54636e-14
1
0
3.81362e-14
1
0
0
1
0
1
0
0
2.77463e-14
1
1.31561e-14
0
0
1
7.9566e-16
1
0
1
1.59317e-14
1
1.56819e-14
0
0
0
0
1
3.61933e-14
0
3.31402e-14
7.82707e-14
0
0
0
1
1
1
2.77556e-16
1.94289e-16
0
0
4.85723e-15
1
1
1
9.64506e-15
0
6.8362e-14
5.68712e-14
3.16414e-15
0
0
6.30052e-15
1
0
1
0
1
1
0
1
6.79734e-14
1
1
1
0
1
0
1
0
9.7311e-14
0
0
0
1
0
2.85882e-14
0
2.7256e-14
0
1
0
3.11418e-14
0
1
0
1
1
0
0
1
1
0
3.06237e-14
2.22692e-14
4.21885e-15
0
1
2.02616e-14
0
0
0
3.38988e-14
0
0
4.52971e-14
0
3.87468e-14
1.38778e-16
0
0
0
1
1
6.60583e-15
1
1
6.5753e-14
1
0
1
0
1
0
0
1
0
3.64986e-14
0
1
1.91143e-14
0
0
1
0
4.7462e-15
1.91513e-14
3.98015e-14
0
5.12553e-14
0
0
0
0
0
4.26326e-14
0
1
1.38778e-15
0
1
0
0
1
0
1.01308e-14
0
0
0
3.72202e-14
1
9.99201e-16
3.3501e-14
1
5.41928e-14
0
1
2.38698e-14
0
0
0
7.39131e-14
0
1
1
0
1
1.08968e-13
1
1
1
1
1
1
6.31717e-14
1
0
1
1
2.73392e-14
0
4.35207e-14
0
1
1
1.97342e-14
0
1.60057e-14
1
2.08907e-14
0
1.97065e-14
0
4.08562e-14
0
0
0
0
0
0
1.63758e-14
2.72005e-15
0
0
0
0
1
1
0
0
5.13478e-15
0
0
0
0
0
0
0
0
0
0
0
0
1
4.74898e-14
4.36873e-14
5.75096e-14
9.27036e-15
1
5.91194e-14
0
0
0
0
1
2.33147e-15
1.86684e-13
0
2.65158e-14
0
1
2.03171e-14
1
5.02376e-15
1
0
1
0
1
3.88578e-15
1
0
1
1.93734e-14
1
0
1
0
0
0
0
0
5.18289e-14
4.77396e-14
0
1
3.39728e-14
1.69309e-14
1
0
7.84095e-14
0
1
0
4.02456e-15
1
1
1
1
1
0
1
1
1
1
1
5.55112e-17
1
1
3.41671e-14
1
0
1
0
0
0
0
0
0
0
0
1
1
1
0
7.88258e-14
0
0
8.84478e-15
0
2.30001e-14
1.82909e-14
2.21212e-14
0
0
4.16334e-15
2.4758e-14
0
6.4948e-15
0
1.4877e-14
0
0
9.07607e-15
0
4.02271e-14
0
0
0
0
2.59792e-14
0
0
4.05231e-15
4.35763e-15
0
6.36528e-15
6.28941e-14
4.73788e-14
0
1
1.05471e-15
0
0
1
0
1.54876e-14
0
0
0
1.06387e-13
0
0
1
0
0
1
1.40443e-14
0
0
2.00673e-14
1
0
2.86438e-14
0
1
1.25548e-14
1
0
1
0
4.88776e-14
1.12688e-14
0
7.35338e-14
1
9.56642e-15
0
1
0
0
1.65978e-14
0
0
2.58682e-14
0
0
0
0
0
0
1
6.59843e-14
0
3.88578e-16
3.79696e-14
1
1
1
1.28508e-14
0
1
1
1.69309e-14
1
0
3.27793e-14
1
1
1
1
1
1
1
0
1
1
4.7129e-14
1.42664e-14
1
1
1
1
0
7.07767e-15
0
0
1
0
0
0
1
0
1
1
1
0
1
1
0
0
1
1
0
1
1
3.90613e-14
5.00155e-14
1.34892e-14
0
0
4.10783e-15
0
0
1.44884e-14
2.78666e-14
1
2.82552e-14
1
1
1
1.67644e-14
1
1
1
1
1
1
1
4.05231e-14
0
0
1
7.04992e-15
2.7478e-14
0
6.43929e-15
4.23735e-15
1
1.90403e-14
1
0
4.02363e-14
0
1
0
6.05072e-15
0
0
4.92384e-14
1
5.57887e-14
1
0
1
0
6.46705e-15
0
0
1
3.41394e-14
0
1
5.88418e-15
0
1
2.23155e-14
7.71605e-15
2.27041e-14
2.64973e-14
1
0
0
1
0
1
0
0
0
1
1
1
1
1
1
1
1
1
1
1
1
0
0
0
1
9.9365e-14
3.35842e-15
0
3.58047e-15
0
1
5.4956e-14
0
0
1
0
0
0
0
1.90681e-14
0
0
0
0
0
0
0
0
0
6.60583e-15
2.98095e-14
0
3.60822e-15
1
0
0
0
1.87628e-14
0
0
0
0
1.91513e-15
0
1.05009e-14
7.82707e-15
1
0
1
1
1
3.21965e-15
1.11577e-14
1
2.41474e-14
0
5.2458e-14
1
1
0
0
1
0
1.59317e-14
0
0
0
1
5.27356e-15
1
2.50355e-14
2.27873e-14
0
1
1.43774e-14
1
0
1
0
0
0
6.23945e-14
3.19189e-15
1
0
0
1
4.71567e-14
1
0
4.16334e-15
4.35763e-14
0
0
0
0
1.00475e-14
0
0
1
5.4586e-14
1
6.9574e-15
6.80012e-15
1
1
0
0
0
1
1
1
1
1
1
1
0
1
1
1
0
2.94209e-15
0
1
6.55032e-15
0
0
0
0
1
1
0
0
2.06779e-14
1.20459e-14
0
0
5.36608e-15
6.02296e-15
1
1
0
0
1
0
0
1
0
2.68119e-14
1
0
3.88578e-15
0
0
0
0
0
0
0
0
0
0
0
1.04639e-14
7.82707e-15
0
0
0
8.16014e-15
0
1
3.88578e-15
1
1.99285e-14
0
1
1
1
0
2.4869e-14
1
0
0
0
1
0
0
0
0
0
2.17604e-14
1.29341e-14
0
0
1
0
4.54636e-14
0
5.93969e-15
0
1
0
1
1.42849e-14
1.31006e-14
1
0
0
0
2.52576e-14
8.32667e-15
1
1
0
1
1
0
1
1
3.2141e-14
0
5.53261e-15
2.73115e-14
0
1
1
1.54691e-14
1
1
1
1
1
0
3.88578e-15
1
1.02141e-14
1
1
1
1
3.35287e-14
1.31978e-13
1
0
1.28647e-13
2.18991e-14
0
0
0
1
0
0
3.88856e-14
1.19904e-14
1
2.47025e-14
0
0
4.4964e-14
0
0
0
0
8.77076e-15
1.42109e-14
0
0
1
1.53211e-14
1
0
1
1
0
6.13676e-14
0
0
0
0
3.16414e-15
0
0
5.30131e-14
2.93376e-14
0
0
1.92069e-14
1
0
0
1
0
2.90786e-14
1
0
1
5.26801e-14
5.78241e-15
1.2379e-14
1
0
1
0
1
0
0
0
0
0
6.55032e-15
5.63993e-14
1
1.00919e-13
1
7.77156e-15
1
8.9373e-15
1
1.1352e-14
3.30846e-14
0
1.88738e-15
0
1
0
0
0
0
0
0
0
0
0
4.47975e-14
0
1.55431e-15
0
1
6.20615e-14
3.27516e-15
0
0
8.32667e-17
1
0
0
1.83187e-15
0
1
1
1
1
1
1
1
1
0
1
0
1
0
0
1
2.55213e-13
7.21645e-15
1.22125e-14
0
1
1
0
4.67034e-14
2.27596e-15
0
0
1
3.63598e-14
0
1
2.07057e-14
0
0
1
0
2.30371e-15
4.55191e-14
4.74065e-14
0
6.3477e-14
4.76841e-14
0
1
1
0
0
0
0
0
3.62303e-14
0
0
0
0
0
4.63518e-15
0
1
1
1
1
4.19109e-14
1
0
0
1
4.62963e-14
0
0
3.16414e-15
1
2.82552e-14
0
5.06817e-14
0
0
0
0
0
0
2.48968e-14
0
1
3.59342e-14
1
5.03486e-14
1
0
1
0
1
0
0
0
0
0
0
0
0
0
0
0
1.38778e-15
0
0
0
0
0
1
5.30131e-14
0
1.63758e-15
5.55112e-17
1
0
1
0
0
0
1
1
1
1.70391e-13
1
1
0
1
1
1
1
1.17156e-13
9.97535e-14
1
1
3.68316e-14
0
1.13243e-14
0
1
1
0
1.4803e-16
0
0
0
0
1
1
6.08772e-15
0
0
1.85962e-14
0
1
0
2.4647e-14
1
0
0
4.48993e-14
0
1
1
0
2.32592e-14
0
2.63678e-15
8.52096e-15
0
0
1.79301e-14
0
0
5.57887e-15
2.49523e-14
1
1.71252e-14
0
1
0
1
0
0
1
0
3.92464e-14
1.33227e-15
0
0
1
0
1.80411e-14
0
1.43496e-14
0
1
0
1
1.67089e-14
0
0
1
0
0
0
1
3.67761e-14
0
2.24543e-14
0
3.08642e-14
1
9.82547e-15
0
1
0
1
2.27966e-14
0
0
0
1.90403e-14
1.33782e-14
2.03726e-14
1
1.26473e-14
0
1
0
1
1
2.30371e-14
0
1.18239e-14
0
8.9373e-15
0
1
1
9.22225e-14
1
0
4.7129e-14
1
8.77631e-14
1
1
1
1
8.28781e-14
0
1
1
1.5038e-13
0
0
0
1
1
0
0
0
1
0
1.72085e-15
0
1.46364e-14
6.16174e-14
1
0
0
0
1
1
0
0
1
0
1.64868e-14
0
1
1
0
2.32037e-14
0
0
1.81521e-14
0
0
9.38138e-15
0
0
0
0
0
1.44329e-15
0
1
0
0
1
1
1
0
1
5.37903e-14
0
0
1
0
0
8.24341e-14
6.45595e-14
0
2.02986e-14
0
0
0
0
0
1
0
0
0
1.23235e-14
0
1
0
3.61008e-14
0
0
0
0
1
0
0
0
0
1
0
0
1.09172e-14
0
0
7.48845e-14
2.498e-15
1
0
6.05072e-15
0
2.04466e-15
1
0
0
1
0
3.65818e-14
1
1
1
1
1.85185e-13
1
3.4156e-13
1
0
1
1
0
9.59788e-14
1
1
0
0
7.77156e-15
1.58207e-14
1
1
1.51823e-14
2.80331e-14
1
1
1
0
1
0
5.25506e-15
0
0
1
0
0
1
0
3.12528e-14
3.79326e-16
0
0
0
1
0
0
0
3.85525e-14
0
0
0
7.69385e-14
0
0
0
4.56579e-14
1
0
0
1
1
0
0
1
1
1
0
8.78927e-15
1
0
0
1
0
0
0
1
0
1
0
0
0
3.7396e-14
0
0
0
1
3.88023e-14
1
0
1
9.49241e-15
0
0
1
1.01585e-14
1
1
0
0
0
0
0
1
0
1.45994e-14
0
1
0
1
1
0
1
0
5.23655e-15
0
1
0
1
0
1
1
1
1
4.01068e-14
1
1
0
1
1
1
4.19109e-15
0
0
1
1
8.9484e-14
0
2.77741e-14
0
1
1
0
0
3.24925e-14
0
1
1.40998e-14
0
0
0
0
4.03844e-14
0
0
1
6.80844e-14
1.19627e-14
0
0
0
0
6.99441e-15
1
1
0
0
0
0
0
2.73115e-14
2.72005e-15
0
0
1.27676e-15
3.28071e-14
0
1
0
1
0
0
3.28071e-14
1.06581e-14
3.71925e-15
1
0
1.23235e-14
0
0
7.74381e-15
1
0
8.90954e-15
0
0
0
1
0
0
0
1
0
1
0
1
0
1
0
1
0
2.55351e-14
0
1
0
0
1
0
0
1.25455e-14
1
1
2.79776e-14
0
0
6.96665e-15
3.16414e-15
3.18634e-14
0
1
0
1
1.37668e-14
1
2.05576e-14
1
1.49325e-14
1
0
1
1
3.36953e-14
1
0
0
1
0
1
1
1
1.94742e-13
0
0
1
0
2.25486e-13
4.76471e-15
0
4.65091e-14
1
7.62446e-14
0
0
1.19349e-14
1.88738e-14
1.87628e-14
0
0
0
0
0
0
7.10543e-15
0
0
1
5.88973e-14
0
0
1
0
8.10463e-15
1
1
0
0
0
0
0
0
0
0
0
0
0
0
0
1
0
1
0
1
1
1
0
1
0
7.71883e-14
0
8.67824e-15
1
0
0
0
0
0
0
0
0
0
0
2.13163e-14
0
0
1
0
1
0
0
0
0
1.30174e-14
1
0
5.58812e-15
1
0
1.20737e-14
0
0
2.77556e-17
1
5.97855e-14
0
2.28706e-14
0
1.39888e-14
0
1
0
0
5.56407e-14
0
1.55431e-14
1
0
7.54952e-15
5.44009e-15
3.08087e-14
1
0
1
1.672e-13
1
1
0
1
0
1
1
1.63758e-14
0
6.72425e-14
0
0
0
0
0
1
0
0
3.10446e-14
3.71647e-14
0
5.55389e-14
0
2.77556e-17
0
0
0
0
0
0
0
1
5.88973e-14
0
0
1
0
2.01783e-14
0
1
1.41553e-14
0
0
0
0
2.81164e-14
0
0
0
0
0
0
1
0
0
5.55112e-17
1
1.55154e-14
0
1
0
1
0
8.07687e-15
0
8.67824e-15
1
1.44329e-14
0
5.44009e-14
0
8.18789e-15
1
0
1
0
1
1.24715e-14
1
0
2.79221e-14
0
0
1.20182e-14
1
0
0
1.06581e-14
1
0
1.15926e-14
1
0
2.69229e-14
0
0
0
2.12793e-16
0
0
8.85403e-15
0
1.39888e-14
0
1
2.43694e-14
1
2.55351e-14
5.19492e-14
1
0
0
0
1.74583e-14
8.88734e-14
1
1
1
8.49321e-15
0
1
7.23033e-14
1
1
1
1
4.16889e-14
2.11359e-13
1
1
2.43416e-14
2.76723e-14
0
1
1
1
0
0
4.01068e-14
0
1
0
4.79616e-14
0
4.5843e-14
0
1
5.87308e-14
0
1.80411e-14
1
1
0
4.25215e-14
0
1
0
1
1
0
4.11615e-14
0
0
0
1.2453e-14
0
0
2.39253e-14
4.88313e-14
7.6994e-14
0
6.7113e-14
1
1
0
0
1
1
1
5.17919e-14
1
1
0
0
0
1
0
0
6.43652e-14
1
0
0
0
1
0
6.60583e-15
0
0
8.01026e-14
1
0
2.80609e-14
3.46945e-14
1.40998e-14
5.71765e-15
2.58682e-14
0
0
2.77556e-16
0
1
0
0
0
0
0
0
0
0
0
2.69229e-15
5.4956e-15
0
1
2.968e-14
3.27516e-15
1
0
0
1
6.90559e-14
0
2.57572e-14
0
0
9.02056e-13
1
1
1
1
1
1
0
1
1
9.57567e-15
0
1
9.36196e-14
5.42622e-14
0
0
1
1
1
1
5.40124e-14
0
6.24223e-14
0
0
1
9.54792e-15
1.91791e-14
0
1
0
1
0
9.49796e-14
0
0
1
1.71529e-14
1
0
1
1
0
1.2379e-14
0
0
5.55112e-15
3.49165e-14
0
0
2.71727e-14
0
1.4692e-14
0
5.01636e-14
1
0
1
3.61378e-14
1
1
0
0
3.82842e-14
1
2.47765e-14
1.31006e-14
0
1
5.49005e-14
0
1.41553e-14
1
0
0
8.32667e-15
0
0
1
0
1
5.24025e-14
1
0
1
1.54876e-14
1
6.84452e-14
1
0
5.31797e-14
0
1
8.32667e-17
1.85407e-14
0
0
0
1
0
0
0
1
0
0
1
1
0
0
4.9627e-14
1
1
1
1
1
0
0
1.31561e-14
1
1
1.672e-13
1
1
1
1
0
1
1
0
0
1
0
0
0
0
0
1
0
0
3.10446e-14
3.71647e-14
2.60625e-14
5.55389e-14
0
1
0
0
0
0
0
0
0
6.37453e-14
0
1
1
0
0
2.01783e-14
1
1
0
0
0
0
0
0
2.18991e-14
1.33227e-14
0
0
0
0
5.44287e-14
1
0
1
1
1.55154e-14
1
0
1
2.44804e-14
1
8.07687e-15
1
0
1
0
0
5.44009e-14
1
0
0
0
1
0
1
1.24715e-14
1
0
2.79221e-14
0
0
1.31469e-14
1
1.4766e-14
0
0
1
1
0
1
0
2.45914e-14
1
1
0
0
0
1
8.85403e-15
0
1
1
1
2.43694e-14
5.82867e-15
2.55351e-14
1
1
0
0
0
1.7486e-14
0
1
4.48946e-13
1
1.672e-13
1
1
1
1
4.62408e-14
1
1.03621e-13
1.62925e-14
1.52933e-13
1
0
0
4.76471e-15
0
0
1
1
0
6.93889e-15
2.44804e-14
0
3.55826e-14
0
2.26485e-14
1.03251e-14
3.87468e-14
0
0
1
0
0
1
0
0
0
0
0
8.10463e-15
1
1
1.41553e-14
0
0
1.67644e-14
0
1.29341e-14
0
0
0
0
0
0
5.44287e-14
0
0
1
7.43849e-15
1.55986e-14
0
1
0
1.60427e-14
0
3.77753e-14
0
1.06951e-14
1
0
0
5.44009e-14
1
0
0
0
1
0
0
0
1
0
1
0
1
4.37705e-14
0
0
1
0
1
0
0
1
0
2.45914e-14
0
0
0
0
1.83742e-14
0
1
1
5.4956e-15
1
1
4.86972e-14
1.10745e-14
1
0
1
1
1
2.66824e-14
1
1
1
7.57727e-14
1
1.00614e-13
1
1
1.01502e-13
1
1
1
2.64603e-15
7.12763e-14
1.43219e-13
1
1
2.97262e-14
0
1
0
0
0
0
7.4496e-14
1
1
1
0
1
1
8.02414e-14
0
1
1
1.29896e-14
0
1
0
1
0
1
0
3.38618e-15
1
0
0
0
2.2593e-14
3.83027e-15
8.16939e-15
3.66004e-14
9.25186e-15
0
0
0
1
0
4.35485e-14
0
1
1
0
1
1
1
1
1
1
0
5.84717e-15
0
1
3.07532e-14
0
5.90084e-14
0
0
0
5.93969e-15
1
0
4.82947e-14
0
4.41314e-14
0
0
4.19109e-14
1
0
3.84137e-14
0
1
0
1
0
0
1.22125e-15
0
3.19467e-14
1
0
1.03251e-14
2.47025e-15
1
0
0
0
2.07427e-14
0
1
2.7145e-14
3.21965e-15
1
0
0
0
2.90323e-14
3.57492e-14
1
1
1
1.13992e-13
1
1
1
1
0
1
2.33739e-13
1
1
0
0
0
2.53131e-14
7.62723e-14
0
2.52761e-14
0
1
0
9.1871e-15
0
0
0
1
0
1
0
1
0
1
0
0
1
1
0
0
0
0
0
0
1
1
0
3.78586e-14
5.68989e-14
4.80171e-15
0
0
0
0
0
0
0
0
3.37785e-14
0
1
1
1
1
1
1
1
1.87073e-14
0
0
1.46549e-14
0
1
0
0
6.97775e-14
1
1.31839e-14
1
1.69031e-14
0
2.87825e-14
1
0
1.49325e-14
0
1
0
1
0
1
0
0
3.16691e-14
1
1.92809e-14
0
1
0
0
1.21569e-14
0
0
0
3.16414e-15
1
0
0
0
4.72862e-14
1
1.24206e-13
0
0
0
7.16094e-15
1
0
1
1.85407e-14
0
1
1
1
0
1
1
8.04912e-15
1
1
1
1
0
0
2.44989e-14
1
0
0
0
4.60743e-15
1
1
0
0
0
1
0
4.1291e-14
1
0
0
6.00631e-14
1.03621e-14
1
7.99361e-15
3.60545e-14
1
1
1.42571e-14
4.70735e-14
1
9.38138e-15
4.05231e-15
1
1
0
-2.77556e-17
0
0
0
8.82997e-14
0
8.82627e-15
0
1.35077e-14
0
2.38976e-14
5.55112e-17
1
0
1
0
0
1
1
5.12368e-14
1
1
0
0
0
1
0
1
5.60663e-15
3.28626e-14
4.94049e-15
6.55957e-15
0
1
0
0
0
3.2474e-14
0
1
0
1
0
0
0
0
0
1
0
2.2482e-14
0
0
1.95677e-14
1
1.77081e-14
3.33344e-14
0
2.4758e-14
2.22045e-16
0
0
0
1.82354e-14
1
4.64351e-14
0
1
4.62963e-14
0
0
1
6.65024e-14
4.63518e-15
0
1
0
1
0
1
1
1
1
1
1
1
2.10942e-15
2.55185e-13
0
1
0
6.06922e-15
0
6.07292e-14
0
1
4.2133e-14
0
0
0
0
1
0
3.48332e-14
1
1
6.77791e-14
5.7343e-14
1
1.27953e-14
0
0
2.18159e-14
1
1
1
7.08415e-14
1
1
0
0
0
8.16939e-15
0
9.21485e-15
5.4586e-16
1.75415e-14
0
0
1
4.52416e-15
5.5983e-14
7.2109e-14
1
0
1
3.96905e-14
1
0
4.996e-14
1
1
0
3.20022e-14
0
1
0
2.10942e-15
1
1
0
0
0
1
0
0
0
1
0
0
0
1.20182e-14
0
1
0
1
2.51743e-14
4.29656e-14
1.71529e-14
0
1
0
0
1
2.01505e-14
0
0
1.32117e-14
0
1.19349e-14
0
2.01783e-14
1.16111e-14
0
0
2.31204e-14
1
4.34375e-14
1
0
0
1
0
4.51583e-14
1
1
1
0
0
1
0
1
0
1
1
1
0
1
1.93179e-14
3.43614e-14
1.13798e-14
0
1
3.81917e-14
1
0
3.81917e-14
0
2.02616e-14
4.32987e-15
0
1.85962e-15
2.7256e-14
0
8.34333e-14
0
1.24623e-14
0
0
2.39808e-14
0
1.27121e-14
0
3.72757e-14
1
0
1
1
3.9968e-15
0
0
0
0
0
3.70259e-14
0
1.62925e-14
0
0
0
0
1
1.14908e-14
0
0
1.07414e-14
1
0
1.77081e-14
1.79856e-14
1
0
0
0
4.41591e-14
0
0
0
1
0
1
0
0
0
1
3.64431e-14
1
0
1
3.38618e-15
1
3.23815e-14
1
0
1
0
1
1.09079e-14
0
1
1.35614e-13
7.88258e-14
0
1
1
3.71925e-14
0
1
0
0
0
1
1
8.35443e-15
0
0
1
0
1
5.33185e-14
1
1
1
1
7.45848e-13
1
1
1
1
2.09832e-14
1
8.7208e-14
1
1
1
0
4.38538e-14
1
8.0741e-14
0
0
0
1
1
0
0
1
0
6.85563e-15
0
0
7.38298e-15
3.38618e-14
4.23273e-14
1
0
6.66134e-15
1
0
1
1
1
1
1
3.62673e-15
1
1
6.2006e-14
0
0
8.32667e-17
0
1.16018e-14
0
0
1.40628e-15
0
0
0
1
1
1
1
0
1
3.4972e-15
0
1
1
1
4.9849e-14
0
0
1
0
0
4.81282e-14
0
4.47142e-14
1
1.15463e-14
0
0
1
2.70617e-14
8.14164e-16
0
1
0
1
0
2.59237e-14
0
1
0
0
2.09462e-14
0
1
0
0
0
1
5.66214e-15
1
1
0
1.71529e-14
0
0
0
0
6.25056e-14
0
5.22082e-14
0
0
1
0
2.7589e-14
4.43997e-14
3.32512e-14
1
0
1
1
0
1
7.86593e-14
1
0
1
2.65343e-14
7.60503e-14
0
0
1
2.39836e-13
0
2.19269e-14
0
1
1
2.55351e-15
2.96152e-14
0
1
1
7.63278e-15
1
1.15556e-14
6.21725e-15
0
4.71845e-15
0
0
1
0
0
1
1
8.61533e-14
3.31402e-14
0
1
2.11497e-14
2.24265e-14
2.31204e-14
0
0
0
0
0
4.71845e-14
7.93809e-15
0
0
2.22322e-14
1
3.41394e-14
1
1
1
0
1.98175e-14
0
1
5.44009e-15
1
0
1
4.78506e-14
1
0
0
3.85525e-14
1
0
1
3.71925e-15
0
0
1
0
1
0
1
1.7264e-14
0
8.65974e-15
1
0
0
0
1
0
1
0
1
1
0
0
1
1
0
1
4.13558e-15
1
1
3.94129e-15
1
6.43929e-14
0
0
1
1
1
0
0
0
0
1
9.37861e-14
1
1
1
1
1.40055e-13
1
1.55265e-13
1
2.47857e-14
2.46099e-15
0
0
1
0
0
1.2379e-14
0
1
3.48795e-15
1.42109e-14
0
2.498e-15
0
0
1
1
0
1
2.7367e-14
1
0
2.50263e-14
1.08247e-14
3.09197e-14
0
0
0
1.13465e-13
0
0
1
1
2.25098e-14
2.20379e-14
7.63278e-15
0
6.7076e-15
3.71925e-15
0
1.07137e-14
5.16254e-15
1.15463e-14
2.93284e-15
2.93561e-14
0
3.28626e-14
1.09635e-14
1
1
1
1
1.85962e-15
0
5.32907e-15
0
0
5.98965e-14
0
1
5.14588e-14
0
0
0
0
1
1.2268e-14
0
0
2.9643e-14
8.27116e-15
1
1.31839e-14
0
7.14984e-14
1
0
1
0
0
0
3.66189e-14
0
0
0
0
0
0
0
1
0
1
1
0
0
3.19467e-14
2.62568e-14
1
0
4.33172e-14
3.35287e-14
0
0
0
0
2.15106e-14
1.94289e-15
0
1
0
1
1
4.94049e-14
1
0
1
0
1
9.97813e-14
0
0
1
1
0
0
3.05219e-14
1.04083e-14
1
1
0
5.55112e-17
1
0
0
0
0
0
5.9952e-15
0
0
0
0
0
4.31969e-14
0
1
1
1
0
0
1.59317e-14
1
0
1.39333e-14
1.65701e-14
1.70974e-14
0
1.76248e-14
0
0
4.52416e-14
1.07137e-14
0
0
0
1
1
0
0
0
0
1
1
1
1
0
1.76248e-14
0
1
0
8.65974e-14
0
1
0
1
1.68199e-14
0
1.34615e-14
0
0
2.34257e-14
0
6.58917e-14
0
1
0
0
0
0
0
1
0
0
1
0
1
1.21569e-14
0
0
0
3.16414e-15
0
0
0
1.27676e-15
0
1
0
0
0
8.52651e-14
1.79301e-14
0
1
0
1.65978e-14
0
1
1
1
1
0
1
1
1
0
1
2.44434e-14
1
0
1
1
0
1
1
1
1
1
1.54876e-14
5.40124e-14
0
0
9.88098e-15
4.29934e-14
0
0
1
7.46625e-15
7.99361e-15
0
1.76525e-14
1
0
0
1
0
1
4.69624e-14
0
1
1
0
0
0
2.43231e-14
0
0
0
0
3.96905e-14
0
1
0
6.71685e-14
1
0
0
1
0
0
1
1
1
0
0
0
0
1
0
4.69069e-15
1
1.61815e-14
6.42264e-14
1
0
2.63863e-14
1.62648e-14
0
0
4.84057e-14
2.82552e-14
1
6.60768e-14
1
4.64998e-14
1
2.2482e-14
0
0
0
0
2.32314e-14
1
1.8624e-14
1
7.77156e-15
0
0
0
0
0
0
0
0
0
1
0
0
1.3628e-14
0
0
1
0
1
0
0
9.67559e-14
1
1
1.672e-13
0
1
0
1
0
1
0
0
2.52354e-13
1
0
0
1.16296e-14
0
0
1
1
0
0
1
0
1
0
0
5.15329e-15
3.03924e-14
0
0
7.16094e-15
1
1
1
1.88183e-14
5.14773e-14
0
4.68514e-14
0
3.26128e-14
1
1
3.03924e-14
1.75045e-14
0
0
0
0
0
0
0
0
0
1.30451e-14
1.07692e-14
0
1
5.55112e-17
0
1.55709e-14
1
1
1
1
0
7.80209e-14
1
0
1
0
0
1.07692e-14
1
3.23075e-14
1
0
1
0
0
1.27398e-14
1
0
2.54796e-14
0
1
8.65974e-15
0
1.12965e-14
0
8.79852e-15
0
1.2268e-14
0
1
0
2.57572e-14
1
0
0
5.53261e-15
1
0
2.28706e-14
0
1
0
1
9.25186e-18
1
1
0
1
0
1
1.57097e-14
9.1871e-15
0
1
4.4853e-13
1
0
1
1
0
1
2.45387e-13
1
1
0
0
1
0
2.25486e-13
1
1
0
1
1
0
0
2.16493e-15
1.88738e-14
0
0
1
1.18239e-14
3.03924e-14
0
0
0
0
0
6.87691e-14
5.88973e-14
0
0
1.90681e-14
0
0
1
1
2.8616e-14
1.95769e-14
0
0
0
0
0
0
0
0
1
0
0
0
1
1
0
7.10543e-15
0
0
0
1
0
0
0
8.67824e-15
1
1.44329e-14
0
5.44009e-14
0
0
0
0
1
0
1
2.13163e-14
0
0
2.79221e-14
0
1
0
1
0
1
0
0
0
5.58812e-15
1
0
1.20737e-14
0
0
2.77556e-17
0
1
0
2.8838e-14
0
1.39888e-14
0
1
0
1.58207e-14
1
0
5.55112e-16
0
0
9.24538e-14
0
0
1
1.10689e-13
1
1.00614e-13
1
1
7.95475e-14
1
1
1
1
4.16889e-14
2.11303e-13
1
0
3.33344e-14
0
2.83107e-14
0
1
3.40283e-14
0
0
3.28626e-14
1
0
0
1
1
1
2.68581e-14
1
8.67639e-14
1.21014e-14
0
1
1
1
0
1
0
0
1.2873e-13
4.68514e-14
5.07002e-15
0
0
0
7.95382e-14
0
0
1.54876e-14
0
0
4.52138e-14
0
4.35485e-14
0
0
1
1
1
0
1
1
1
0
1.4494e-13
2.73115e-14
0
1
4.29101e-14
0
0
1
0
0
0
1
0
6.60583e-15
2.30371e-15
2.24543e-14
2.66454e-15
1.52656e-15
2.10387e-14
4.66294e-15
1.43774e-14
1
0
1
0
0
0
1
0
1.02751e-13
3.68872e-14
0
0
0
2.69229e-15
1.08247e-14
3.81917e-14
2.60902e-15
0
4.01901e-14
0
0
0
3.30291e-15
1
0
0
0
4.00791e-14
0
1
0
1
9.01751e-13
1
1
1
1
1
1
0
1
0
1
0
1
9.37028e-14
0
0
4.35763e-15
1
1
1
1.54876e-14
8.37848e-14
0
0
0
4.29934e-14
1
0
0
0
5.7454e-14
0
1
4.7129e-14
1
0
0
0
0
1.4692e-14
0
1
1
0
0
0
2.57202e-15
0
3.51941e-14
0
3.01611e-15
2.20102e-14
0
2.5091e-14
0
6.92224e-14
1
0
1
1
0
1
1
1
0
3.93574e-14
0
0
0
1
3.31679e-14
3.04941e-14
0
3.6221e-14
0
1
0
0
1.62833e-14
1
3.20484e-14
1
0
0
0
1
8.74301e-15
0
1.2379e-14
1
0
1
0
9.10383e-15
1
7.48568e-14
3.2585e-14
0
5.18197e-14
6.67984e-15
4.13558e-15
7.27751e-14
5.4956e-15
6.43374e-14
1
0
4.01901e-14
1
0
1
0
1
1.61537e-14
6.67244e-14
1
0
1
1
1
1
1
0
1
1
9.10105e-14
1
2.45387e-13
1
1
0
0
6.72425e-14
0
2.25486e-13
4.76471e-15
0
1
1
0
0
0
1.19349e-14
1.88738e-14
5.22915e-14
0
0
0
3.03924e-14
0
1
0
0
0
6.87691e-14
5.88973e-14
0
0
1.90681e-14
1
8.10463e-15
1
1
0
0
0
0
0
0
0
0
0
0
0
0
1
1
0
1
0
1
0
0
0
1
1
8.07687e-15
0
8.67824e-15
1
0
0
5.44009e-14
1
0
0
0
1
0
0
2.13163e-14
0
0
2.55536e-14
0
1
0
1
0
0
1.30174e-14
1
0
0
1
0
1.20737e-14
1
0
2.77556e-17
0
1.82632e-14
0
0
0
1.39888e-14
1
1
4.86972e-14
1.58207e-14
1
0
5.55112e-16
0
1
1
9.1871e-15
3.08087e-14
1
8.00415e-13
1
0
1
1
0
1
1.45661e-13
1
1
1.63758e-14
0
1
0
2.25486e-13
9.38138e-15
0
0
1
1
0
3.10446e-14
0
0
2.71727e-14
0
2.77556e-17
1.18239e-14
3.04201e-14
1
0
0
1
0
1
0
0
0
0
0
2.01783e-14
1
1
1.41553e-14
0
0
0
0
0
0
0
0
0
0
0
1
0
0
5.55112e-17
7.93809e-15
2.498e-15
1
1
0
7.54952e-15
0
8.07687e-15
0
8.67824e-15
1
1.44329e-14
0
2.20046e-13
0
4.93587e-14
1
0
1
0
0
0
1
0
2.30926e-14
0
1
0
1
1.47937e-14
0
0
0
0
1.02141e-14
1
0
2.69229e-14
0
0
0
2.12793e-16
3.11418e-14
1
8.85403e-15
0
2.02616e-14
0
1
1.21458e-13
1
2.55351e-14
0
4.10783e-14
0
1
6.4948e-14
1.74583e-14
0
1
1
1
1.92735e-13
1
1
7.23033e-14
1
1
1
1
4.16889e-14
0
0
1
2.97817e-14
0
2.83384e-14
0
1
3.40006e-14
1
0
1
0
2.69229e-14
1
1
1
1
0
0
0
1
1.80411e-14
8.9595e-14
1
6.71685e-14
8.99281e-15
1
0
1.21569e-14
1.29008e-13
0
0
4.11615e-14
9.91429e-14
0
0
1.2453e-14
2.6229e-14
0
2.39253e-14
0
1.33782e-14
0
1.40166e-14
1
1
1
1
1
1
0
5.17919e-14
1
1.14723e-14
3.23352e-14
0
0
1
6.60583e-15
0
6.43652e-14
1
0
0
2.20379e-14
1
0
1
0
0
0
0
1.84852e-14
4.66294e-15
3.46945e-14
0
0
2.58682e-14
0
0
2.77556e-16
1.22125e-15
0
0
3.67484e-14
1
0
0
5.16254e-15
0
0
0
2.69229e-15
5.4956e-15
0
1
0
3.27516e-15
0
1
0
0
4.75546e-15
0
0
0
1
4.81087e-13
1
1
1
1
1
1
2.33739e-13
1
1
0
1.7944e-13
0
1
7.62723e-14
0
1.34059e-14
0
1
0
0
2.77556e-17
0
0
1
0
0
0
2.26485e-14
1
1.79301e-14
0
1
0
1
0
1
0
1
0
0
1
1
0
3.79141e-14
2.94764e-14
0
0
0
0
0
4.52416e-14
0
0
0
0
0
1
0
0
0
1
1
1
1
0
1
6.10623e-15
0
1
0
2.88103e-14
0
1.24623e-14
0
1
2.63123e-14
0
0
3.94129e-15
0
0
0
1
0
0
0
0
4.42979e-14
1
0
0
0
0
1
0
0
3.94129e-15
0
0
0
0
0
0
0
1.27676e-15
0
1
0
1
0
5.18474e-14
1.25733e-14
1
2.33147e-14
0
0
2.26115e-14
1
8.75411e-14
1
1.00642e-13
1
1
0
1
1
1
7.24421e-15
3.43336e-14
0
2.73115e-14
1
0
0
0
1
5.9952e-14
0
1
1.5854e-13
1
0
1
1
1
1
1
1.13576e-13
1
1
1
0
1
0
1.43589e-14
0
0
9.46465e-15
0
1
0
0
1.71252e-14
0
0
0
0
1.30821e-14
9.10383e-15
0
1.36002e-14
1.46642e-14
4.70179e-14
3.7211e-14
1
1
1
1
1
1
1
0
0
1
0
2.95597e-14
0
1
0
2.86993e-14
4.38261e-14
0
0
1
0
2.01505e-14
-5.55112e-17
1.62648e-14
0
0
0
8.62273e-15
0
0
0
1.21292e-14
0
1
2.79406e-15
1
0
2.2482e-14
1.54876e-14
0
0
1.01863e-14
0
3.33067e-14
0
0
0
1.61537e-14
1
1.61815e-14
0
1
3.03924e-14
1
4.63518e-15
5.69267e-14
0
0
0
5.40679e-14
1
1
1
0
1
0
1
1
0
1
1
1
3.61378e-14
1
0
0
1
0
0
2.95874e-14
8.09908e-14
0
1
2.80609e-14
0
0
5.10703e-15
1.19904e-14
2.89491e-14
4.07452e-14
0
2.97262e-14
0
2.78296e-14
0
1.7264e-14
7.09433e-14
2.02061e-14
0
1
4.14113e-14
0
1.88738e-14
4.86555e-14
0
0
0
0
1.249e-14
0
8.04912e-15
0
0
0
0
8.9373e-15
0
6.24778e-14
1.57097e-14
9.2204e-14
0
1
0
3.38618e-15
8.54872e-14
0
1
1
0
2.61272e-14
1
0
1
0
0
1
1.04472e-13
0
2.59977e-15
0
1
2.01505e-14
0
0
0
2.52668e-14
0
0
0
0
3.80251e-15
0
1
2.2371e-14
4.29656e-14
0
1.96324e-14
1
0
0
1
0
0
2.59237e-14
1.8513e-14
0
1
0
1
0
0
0
0
0
5.28281e-15
3.32234e-14
0
0
6.84823e-14
1
0
1
2.67009e-14
1
0
0
1
0
1
0
1
0
1.02696e-14
1.02418e-14
1
4.3382e-14
0
3.90521e-14
1
1
1.1241e-13
1
0
1.56763e-13
0
0
0
1
0
0
0
3.38063e-14
0
0
1
0
1
0
1
0
1
0
0
1
0
8.54317e-14
0
0
0
0
0
0
1.06137e-13
0
3.29181e-14
1
0
0
1
1.56819e-14
0
1
0
1
1
1
1
2.34997e-15
0
0
0
1
0
2.67009e-14
0
0
0
1
0
1
7.07767e-14
1
0
1.55709e-14
0
1.28231e-14
0
0
8.18789e-15
1.52656e-15
0
0
1.24345e-14
1
0
4.9849e-14
0
3.06144e-14
1
1
0
0
0
0
0
4.96732e-14
0
7.32747e-15
0
1
7.61613e-14
1
2.68952e-14
1
3.5888e-14
1.22957e-14
0
2.14828e-14
0
4.03844e-14
1
5.91471e-14
1
1
1
1
3.99125e-14
1
0
1
1
1
0
1
1
2.18797e-13
2.27041e-14
0
0
1
1
0
0
0
1
4.62408e-14
0
1
0
1
0
0
1
0
1
0
7.26086e-14
1
0
1
2.14181e-14
0
1
1
0
1.23235e-14
3.63598e-15
0
0
2.77556e-16
0
3.56197e-14
0
0
0
2.84495e-14
0
5.12368e-14
3.77753e-14
1
1
4.13558e-15
3.60822e-15
1
1
1
4.29656e-14
0
3.04756e-14
3.74978e-14
1
0
1.00725e-13
7.74381e-15
0
1.21569e-14
0
0
3.06422e-14
0
3.2363e-14
0
1
0
0
0
0
0
1
0
1
0
1
1.61537e-14
0
4.99693e-14
6.89726e-14
0
0
0
6.75386e-15
3.00038e-14
2.17881e-14
1
1
1
0
5.75096e-14
1
4.47975e-14
1.52933e-14
0
0
3.16599e-14
4.71845e-15
0
1
1
1
1
1
1
1
1
1
0
1
1
1
0
1.12688e-14
0
1
1
0
0
0
1
1
0
1
0
0
1
5.4771e-15
0
2.93376e-14
0
0
0
0
0
0
1.17961e-14
3.7433e-14
1
0
1
1
1
1.59317e-14
1
0
1.45994e-14
2.62845e-14
0
1.67644e-14
0
2.65898e-14
0
0
0
0
0
0
7.35523e-14
1
0
1
1.21847e-14
7.82707e-15
0
0
0
1
1
0
0
0
1
0
0
4.3382e-14
1
1.17314e-14
1
0
1
0
0
0
2.77556e-17
0
1.54228e-14
0
1.58392e-14
0
1
0
0
0
0
0
0
1
0
0
0
1.18516e-14
0
8.40994e-15
0
1
0
0
3.45094e-14
1.47752e-14
1
7.2567e-14
0
1
0
0
0
0
4.6213e-14
0
4.30767e-14
1
1
1
1
1
1
1
1
2.36866e-13
1
8.65419e-14
0
0
0
1
3.31402e-14
0
0
0
1
6.53366e-14
0
0
0
0
1.58207e-14
0
1.12688e-14
0
1
1.05656e-14
0
0
8.43769e-15
1.85685e-14
0
0
1
0
1
1
1.59317e-14
1
1
1.59317e-14
8.04912e-15
2.07612e-14
0
0
0
1.55709e-14
0
0
0
0
8.03246e-14
0
1
0
0
1
7.16094e-15
1
1
1
1
1
0
0
1.56541e-14
1
3.11418e-14
0
0
0
0
0
0
0
0
0
0
0
0
1
0
1.58392e-14
0
1
0
0
0
0
0
0
1
0
0
0
0
0
0
0
0
0
0
3.02258e-14
0
1
4.86972e-14
0
5.9952e-14
0
0
1
0
1
5.82867e-15
3.54716e-14
1
0
1
0
9.99756e-14
1
0
1
1
1
0
2.31389e-14
0
0
1
1.25344e-13
0
4.53804e-14
9.47298e-14
1
3.74423e-14
5.62513e-15
0
1
0
1
0
1.72085e-14
0
1
1
1
0
1
8.71525e-15
1
0
1
0
1
1
0
1
1
4.42146e-14
1.48492e-14
8.91509e-14
2.3509e-14
0
0
8.27856e-14
1.28601e-14
4.34652e-14
0
3.05311e-14
0
0
0
1
1
1
1
1
1
1
1
1
7.93624e-14
1.34892e-14
0
1
0
1.26565e-14
0
1
0
5.27078e-14
0
1
5.2458e-15
4.84612e-14
0
3.71925e-14
0
1
0
2.20749e-14
3.78956e-14
1
0
1
0
1.01955e-14
0
0
1
5.93969e-15
1.92624e-14
0
0
0
0
5.44009e-15
0
1
1.24808e-14
0
2.35645e-14
0
0
0
1
3.68964e-14
5.10703e-15
1.02973e-14
1.7486e-15
1
0
0
0
1
1
1
1
1
0
1
1
1
1
0
1.00512e-13
1
0
0
0
3.54994e-14
1
1
1
0
0
1
0
1
8.18789e-15
0
0
0
0
2.89768e-14
0
8.24341e-15
1
1
1.47105e-15
1
0
1
0
0
0
1
0
2.64788e-14
2.77556e-16
8.85403e-15
0
8.54872e-15
0
2.83569e-14
0
0
0
0
1.93956e-13
1
1
0
0
1.7449e-14
0
1
1
1
0
0
2.14828e-14
0
1
0
7.52176e-14
6.97775e-14
1
0
0
0
1
0
1.46549e-14
0
4.64073e-14
0
1
0
1
2.82737e-14
1
0
0
2.07057e-14
1
0
0
1
0
0
0
1.17684e-14
0
0
1
1.21847e-14
0
0
1.29619e-14
0
1
0
0
2.89953e-14
5.10518e-14
0
1
0
0
1.65423e-14
1
1
0
1
0
0
1
0
1
1
1
1
2.9865e-14
3.05561e-13
1
1
0
5.65659e-14
0
9.40914e-15
1
1
0
0
0
-5.55112e-17
0
3.54346e-15
0
0
7.99916e-14
3.09197e-14
0
1.44699e-14
1
0
3.13638e-14
0
1
1
1.53766e-14
1.29063e-14
0
1
0
4.63518e-14
0
8.71525e-15
2.78203e-14
1.72917e-14
8.4747e-15
0
0
0
0
0
2.91989e-14
0
1.77451e-14
0
1.44329e-14
1.58022e-14
3.10862e-14
1
0
1
3.34732e-14
1
2.83107e-15
1
0
1
3.53976e-14
0
1
1
2.67286e-14
0
0
2.50355e-14
0
0
0
1
0
0
0
1
0
1
9.03166e-14
1
0
1
1
0
9.32587e-15
0
0
0
0
4.45755e-14
0
0
6.60583e-15
0
1
1.92346e-14
1
1
2.29446e-15
0
2.04559e-14
0
0
7.02771e-14
1
1
1
0
1
1.25128e-12
1
1
0
1
1.57208e-13
1
5.55204e-14
1
1.58651e-13
1
3.47916e-13
6.16174e-14
0
1.20182e-14
1.36002e-14
0
0
1.4877e-14
0
0
1.4766e-14
0
0
1.02779e-13
5.38458e-15
1
1.68199e-14
1
1.21569e-14
3.28348e-14
0
1
0
1.83742e-14
0
1
0
0
1
0
1
2.77556e-17
0
2.27966e-14
2.80054e-14
0
2.42769e-14
0
0
0
1.06248e-13
0
2.21119e-14
0
1.10495e-13
1
1
1
1
5.00341e-14
1
1.45994e-14
1
1
1
0
0
0
1
0
1.47105e-15
0
0
0
3.83582e-14
5.65474e-14
1
0
2.67564e-14
0
1
6.22835e-14
1
0
0
0
1
0
0
2.498e-14
0
0
0
1
0
0
0
0
1
0
3.43614e-14
4.82392e-14
0
0
4.14298e-14
9.88654e-14
1
4.23689e-14
0
1
2.42029e-14
1
1
0
1
0
3.16969e-14
1
1
1
2.30371e-15
0
1
0
1
0
1
3.96905e-14
0
0
1.10745e-14
0
1.03084e-13
3.12528e-14
0
3.08087e-15
0
1
0
0
0
0
0
1
0
0
1
5.79536e-14
1
0
1.1426e-14
3.15303e-14
0
4.81837e-14
1.45439e-14
0
1
1
0
1
1
2.97817e-14
2.91989e-14
8.71525e-15
5.94247e-14
0
0
0
0
0
0
1
3.2585e-14
8.56537e-14
7.02771e-14
0
0
1
1
1
0
0
1
1
4.62593e-17
2.87825e-14
0
1
0
1.74027e-14
1
0
0
1
1.45717e-14
1.96139e-15
6.63358e-15
1
0
1
0
1
2.81442e-14
1
0
5.76483e-14
0
9.6867e-15
0
2.77371e-14
6.13398e-15
0
1
0
1
0
0
1
0
0
0
0
1.24623e-14
1.94844e-14
2.45082e-14
1
0
1
1.65978e-14
3.63598e-15
1
1
0
1.93734e-14
0
0
0
5.65964e-13
1
1
1
1
0
1
6.74738e-14
1
1
1
0
1
0
0
0
1
0
1
4.53249e-14
0
0
0
1
1
4.29656e-14
9.32587e-15
1.66811e-14
1
1.34059e-14
0
0
1
0
9.89209e-14
0
1
0
5.88418e-15
0
2.77556e-17
2.54241e-14
1
1.3739e-14
0
0
0
1.13428e-14
9.72278e-14
1.01308e-14
0
0
0
1
0
0
0
1
1
1
0
1
1
1
0
3.10585e-14
0
4.19479e-14
0
1
0
0
0
7.21645e-16
0
1
0
0
0
1
0
0
8.58202e-14
1
3.44724e-14
3.00315e-14
2.43972e-14
1
0
3.37785e-14
1.44329e-14
0
9.76996e-15
0
1
0
1
0
0
3.46945e-15
3.05311e-15
2.21212e-14
0
0
5.55112e-17
0
0
1
1.06766e-14
9.41839e-14
2.10387e-14
1.44884e-14
0
8.31557e-14
3.62488e-14
1
0
0
1
1
1
1
0
1
7.56339e-14
1
1.06766e-14
1
1
7.89924e-14
3.92834e-14
2.7589e-14
1.94289e-15
0
0
0
1
1
1
1
0
0
0
1
0
1
2.58682e-14
4.06342e-14
1.17961e-14
1.76803e-14
0
0
0
3.02351e-14
0
0
1
1.85962e-14
1
0
1
6.16174e-14
1.85222e-14
3.80806e-14
0
1.70419e-14
0
0
0
3.06977e-14
0
0
4.52693e-14
1.29063e-13
4.66849e-14
1
1
1
5.55112e-17
1
6.58917e-14
1
0
0
1
0
1.6126e-14
1.44884e-14
1
0
0
0
1
0
4.15779e-14
0
3.01148e-14
0
1
2.55351e-15
0
0
0
0
0
2.86993e-14
1
2.46747e-14
0
0
0
1.68754e-14
1
1
0
0
1.81707e-14
1.02141e-14
0
0
7.82707e-15
0
0
0
0
0
1
7.38298e-15
1.42386e-14
0
1
2.66454e-14
0
0
0
0
0
1
5.68157e-14
1
1
1
1
0
1
2.17631e-13
1
0
0
8.27116e-15
6.18394e-14
0
4.19109e-14
0
5.55112e-17
0
1
5.55112e-15
1
0
0
1
0
1
1
0
1.92346e-14
2.59237e-14
0
0
0
0
2.88103e-14
4.10783e-15
0
0
0
0
0
1
1
9.4739e-15
0
0
0
4.22995e-14
0
0
0
0
0
1.34337e-14
0
0
1
0
1
1
0
7.77341e-14
6.7002e-14
0
8.78371e-14
6.21725e-15
4.24938e-14
5.13478e-14
0
1
0
0
0
1
0
1
3.27516e-14
1
0
0
0
0
8.62828e-14
1
2.88103e-14
1
2.94487e-14
6.4837e-14
0
1
0
1
9.82547e-15
5.06262e-14
1
0
1
0
0
0
0
0
0
2.58682e-14
1
0
1
1
0
0
1
0
4.38538e-15
1
0
0
1
0
1
1.9984e-15
1
2.54204e-13
2.13496e-13
1
8.65197e-13
1
0
1
1
0
9.4591e-14
0
0
1.46605e-13
1
1
3.66651e-14
1
9.2093e-14
0
0
0
0
2.9976e-14
1
0
1
1
0
1
0
2.02061e-14
0
0
3.35842e-15
4.04121e-14
0
0
1
1.08839e-13
1.0103e-14
0
0
0
0
2.31482e-14
0
8.88178e-15
0
5.52336e-15
0
2.33147e-15
1
1
5.73153e-14
0
1.59132e-15
7.34135e-14
1
1
7.54952e-15
3.4972e-15
0
7.27936e-14
1
1
2.15383e-14
2.89028e-14
1
7.93809e-15
1.44884e-14
2.2593e-14
1
0
0
5.81202e-14
0
0
1
0
7.88258e-15
2.64788e-14
6.3625e-14
0
3.89133e-14
0
0
5.19029e-14
0
1.24345e-14
1
0
1
0
5.3374e-14
1.86795e-14
0
0
7.85483e-15
0
3.92464e-14
0
0
3.61933e-14
4.94049e-15
6.99163e-14
1
4.4853e-14
0
0
1
0
1.7264e-14
2.44804e-14
1.36002e-14
0
1
8.71525e-15
1
1
1
0
1
1.51101e-13
1
0
1
1.2268e-14
1.29868e-13
4.20497e-14
1
3.94129e-15
0
0
0
0
1
1
0
0
0
1
0
1
0
0
0
1
1
1
1
0
1
0
1
0
2.55074e-14
1
3.64708e-14
1
1
1.83742e-14
0
0
0
2.42029e-14
0
2.99205e-14
0
0
0
0
0
5.72875e-14
9.60343e-15
1
1
1
1
1
1
1
1
1
2.77556e-17
2.56462e-14
9.63118e-15
1
0
7.61891e-14
3.16969e-14
1
0
0
7.91126e-14
1
0
1
0
1
7.93809e-15
1
0
1
0
3.03646e-14
6.03036e-14
1
0
0
1.69309e-14
1
1
0
0
6.81954e-14
2.77833e-14
1
1
6.33937e-14
0
5.82867e-15
0
2.8505e-14
0
1
0
0
0
1
1
0
1
0
1
4.50195e-14
1
1
1
0
1
1
0
1
0
1
0
0
0
1
0
0
0
0
5.06262e-14
1
1
1.32672e-14
2.72005e-15
5.58442e-14
0
1
1
0
5.38458e-15
1
1.61537e-14
1
0
1
4.55191e-15
0
0
8.10463e-15
1.71529e-14
0
1
5.73153e-14
1
8.32112e-14
0
1.02307e-13
0
2.71172e-14
0
0
2.77556e-16
0
0
0
0
0
6.98885e-14
0
1
1.97342e-14
1
1
1
3.33622e-14
2.59607e-14
0
1
1
1
9.29812e-15
1
0
0
1
0
0
1
4.29934e-14
1
0
0
1.51545e-14
0
0
1.64868e-14
0
1
4.87573e-14
1
5.04041e-14
1
4.4964e-14
0
3.88578e-16
2.52298e-14
1
1.33069e-13
1.02418e-14
0
0
2.30371e-14
0
1.4877e-14
1
1.52101e-14
5.76483e-14
1
0
1
0
1
0
0
0
0
1
1.67089e-14
0
0
1
4.26511e-14
1
0
1
1
1
1
0
1
0
1
0
1
1
5.9619e-14
0
1.66533e-15
1
1
1
1
0
0
0
0
1
0
1
1
0
1
1.2268e-14
0
4.12448e-14
0
0
0
1.71529e-14
3.45834e-14
1
1.67644e-14
5.14033e-14
4.16889e-14
1.42479e-15
0
0
1.93456e-14
0
1.81521e-14
0
0
1.66533e-16
0
3.33067e-16
0
0
1
1.15001e-14
0
1
1
1
0
0
0
1
2.34257e-14
0
0
1
2.16216e-14
1.45162e-14
1
0
0
5.05151e-14
0
0
1.12133e-14
1
0
0
5.81479e-14
2.17604e-14
4.79986e-14
1
6.87783e-14
1
1.54043e-14
0
3.59157e-14
1
0
0
1
2.18159e-14
0
0
5.35683e-15
0
0
0
1
1.39426e-14
1
4.50473e-14
2.44804e-14
1
0
0
1.16296e-14
1
6.35048e-14
2.95874e-14
1
0
1.37113e-14
1
1.30451e-14
1
1
0
2.54463e-13
1
1
1
1
1
1
0
0
1
1
0
3.44169e-14
2.51743e-14
1
0
1
1.07692e-14
0
0
1.77081e-14
1
8.74856e-14
0
0
1
0
0
0
0
0
0
3.38618e-15
0
0
5.70655e-14
0
0
2.62013e-14
1
1.31006e-14
0
0
0
0
0
0
0
0
2.41474e-15
2.07797e-14
0
1
1
1
0
1
1
0
1.46087e-14
0
3.11418e-14
0
5.09777e-14
3.16414e-15
0
1
9.17784e-15
0
0
1
2.47302e-14
0
2.99205e-14
1
0
0
0
1
0
1
0
1
0
2.32592e-14
0
0
0
1
0
0
0
1
0
0
0
1
8.471e-14
6.66134e-16
7.88258e-15
0
1
0
1
5.36238e-14
0
0
1
0
1
1
1
0
0
1
1
6.29959e-14
1.34827e-13
0
0
4.52416e-14
0
0
0
4.8711e-14
0
1
1
0
0
0
1
2.58127e-14
0
1.24197e-13
0
8.44602e-14
0
4.44367e-14
2.84495e-14
1
6.35048e-14
1.15408e-13
1
8.04357e-14
1.04916e-14
0
5.44564e-14
0
4.70735e-14
1
0
0
0
0
1.0264e-13
0
0
1
0
0
1
0
1.81521e-14
4.43534e-14
0
0
3.33067e-16
1
0
0
1.08247e-14
0
1
0
6.7446e-15
1
0
0
0
0
0
1
2.50078e-14
0
0
0
0
0
0
1
1.63758e-15
0
0
0
0
4.84057e-14
2.60902e-15
1
0
0
0
8.27394e-14
4.15223e-14
0
0
0
4.42424e-14
0
0
8.27394e-14
4.15223e-14
4.14113e-14
8.29614e-14
1
0
1
9.53682e-14
0
7.56895e-14
0
1.4988e-14
9.49241e-15
0
1
1
1
1
1.10634e-13
0
0
1
4.84612e-14
0
3.54994e-14
1
0
1
0
0
0
0
0
1
0
0
0
2.77556e-17
0
0
0
0
1
2.83107e-14
0
4.40759e-14
0
0
0
8.29614e-14
8.27394e-14
2.07168e-13
0
7.91034e-15
0
9.49796e-14
0
0
1
0
9.49241e-15
0
1
1
1
1.42664e-14
4.03566e-14
0
2.65066e-14
1
1
1
3.28071e-14
1.2404e-13
4.22995e-14
1.37002e-13
8.16569e-14
8.29614e-14
0
1
0
0
0
0
1
6.54199e-14
1
3.0892e-14
1
0
0
0
0
1
0
0
1
0
0
0
0
0
1
1
0
2.44804e-14
1.72436e-13
0
5.69267e-14
0
0
8.03524e-14
1.04583e-13
0
0
1
1.54043e-13
4.52971e-14
1
1.57874e-13
1
0
1.73472e-14
1
8.37108e-14
1
4.61298e-14
1
1
1.36557e-14
1
0
2.31667e-14
1
8.16014e-15
0
1
0
1
0
1.72917e-14
4.04769e-14
1
8.71525e-15
3.6184e-14
0
8.60423e-15
4.62685e-14
1
1
1
0
1
1
1.82077e-14
0
0
1.74027e-14
0
8.71525e-15
1
8.65974e-15
0
1
0
1
0
0
1.74027e-14
1
1
1
1
0
8.37108e-14
0
4.13003e-14
0
1
1
0
1
0
0
8.6875e-15
1
1
2.91434e-15
0
0
0
1
1
8.65974e-15
4.69532e-14
1
8.71525e-15
1.39333e-14
0
1
8.60423e-15
1
1
0
0
1
0
0
1
0
0
1
5.55112e-17
4.39371e-14
1
1
8.65974e-15
2.96152e-14
0
8.71525e-15
1
5.55112e-17
1
1.7264e-14
1
2.47302e-14
0
1
0
1
0
1
0
1.31839e-14
0
1
0
1.76803e-14
0
1
0
1
1
1
1.79856e-14
0
0
1.79301e-14
3.27516e-15
1
2.69507e-14
0
1
2.77556e-17
0
0
0
1
0
1.82909e-14
0
1.82909e-14
1
1
1.44607e-14
4.996e-16
1
1
0
1
4.63518e-15
1
0
1
0
0
1
9.49241e-15
0
1
0
0
1.90403e-14
1
0
1
0
1
1
2.89491e-14
1.93179e-14
0
1
1
5.77316e-15
0
4.996e-16
1
0
1.94844e-14
0
0
1
1
0
1
2.94209e-14
1
0
6.55957e-15
1.99285e-14
1
1
0
1
0
1
1
3.00593e-14
0
2.52298e-14
1
1
5.55112e-17
0
1.52656e-14
0
3.78586e-14
1.02973e-14
0
0
1
2.04744e-14
5.55112e-17
1.53488e-14
0
2.08722e-14
1.03066e-14
1
1
0
2.09832e-14
1
1
0
0
1
1
2.11405e-14
0
1
1
1
0
2.15568e-14
2.14551e-14
0
1
1
0
1
1.08524e-14
1
1
0
0
1
8.32667e-17
1
0
0
0
5.21805e-15
0
0
1
2.82274e-14
1
2.60902e-15
1.12688e-14
1
1.12688e-14
0
1
0
1
0
1
0
0
1
1
0
1.17684e-14
5.82867e-15
1.15741e-14
0
1
2.33702e-14
1
1.18239e-14
1.47105e-14
2.36478e-14
1
0
1.11022e-16
1
0
1
0
2.40363e-14
0
1
1
1
8.32667e-16
2.43972e-14
1
1
1
1
7.32747e-15
2.45082e-14
0
2.94487e-14
1
1
0
0
0
1
1
1.32672e-14
1
0
3.57769e-14
1
1
2.30926e-14
0
1
1
1
1.85037e-17
0
1.84575e-14
0
-5.55112e-17
1
1
0
1
1
0
8.6875e-15
3.82472e-14
0
1
0
0
1.92624e-14
0
0
0
0
1
1
1
0
0
1
1
1.34244e-14
0
1
0
1
0
3.6221e-14
1
1
0
3.65818e-14
1
1
1
1
0
1
1
1
1.80041e-14
1
1
1
4.37705e-14
1
4.41869e-14
0
1
1
1
0
0
0
2.28983e-14
0
0
0
0
3.05311e-15
0
0
2.09277e-14
1.181e-14
1
0
0
0
0
0
1
0
0
1
1
0
1.96509e-14
0
4.57967e-15
2.91619e-14
1.78376e-14
1
0
1
8.90954e-15
1
4.82947e-15
0
1
0
2.67286e-14
0
4.996e-16
0
1
1
8.16014e-15
0
1
7.21645e-16
1.87073e-14
0
1
0
0
0
1
1
1
0
2.81164e-14
1
2.91711e-14
0
1
0
1.97342e-14
0
2.77556e-17
1.9984e-14
1
1
0
0
0
0
3.06699e-14
0
3.1003e-14
1
1
0
4.69069e-15
0
0
2.12885e-14
3.17524e-14
1
1
1
0
1
2.16493e-14
0
1
0
0
1.64313e-14
0
0
1
7.48475e-15
0
0
0
1
0
1
0
2.32592e-14
0
1
8.9373e-15
2.95597e-14
2.3583e-14
2.38698e-14
0
0
0
1
0
1
7.27196e-15
1
1
1
0
1
1
0
1
0
2.77556e-17
1
2.77556e-17
7.75768e-14
0
1
4.95437e-14
2.77556e-17
7.75768e-14
0
0
2.77556e-17
7.75491e-14
1
0
1
1
0
0
0
4.95159e-14
0
1
1
2.77556e-17
3.30384e-14
1
1
0
0
1
0
0
1
1
1
1
0
6.93889e-14
0
1
9.82547e-15
1
2.47857e-14
1
1
1
0
1
1
1
1
0
1
0
1
0
1
0
0
1
1
1.6126e-14
3.30384e-14
1
0
1
1
1
0
3.31031e-14
1
1
1
1
0
1
1
1
1
3.31031e-14
1
1
7.46625e-15
1
1
1
1
1
0
1
2.77556e-17
1
1
0
0
1
0
0
1
1
1
0
1
7.43849e-15
1
1
1
1
0
1
1
1
1
0
0
3.35287e-14
1
0
1
0
2.06594e-14
1
2.7145e-14
7.84835e-14
0
4.95437e-14
0
0
9.82547e-15
0
0
0
1
2.72837e-14
7.84928e-14
0
0
3.46945e-14
0
3.30384e-14
3.30384e-14
0
1
0
0
0
0
1
1
0
1
1
3.30384e-14
2.77556e-17
2.77556e-17
1
2.77556e-17
2.77556e-17
1
0
1
1
0
1
2.77556e-17
1
0
1
0
1
0
4.95715e-14
0
0
1
0
7.49401e-15
0
1
0
0
1
0
1
7.46625e-15
1
0
1
1
0
1
1
1
1
0
1
0
0
1
0
1
1
0
1
0
3.22797e-14
1
0
1
1
0
1
0
0
4.27436e-14
4.95437e-14
1
1
0
1
0
4.95715e-14
1
1
1
0
3.46945e-14
0
1
4.95437e-14
1
0
4.95437e-14
1
1
0
0
0
0
0
0
1
0
0
0
0
4.95715e-14
0
0
1
2.77556e-17
4.95715e-14
3.21687e-14
0
0
1
4.95715e-14
0
4.95159e-14
0
0
4.95159e-14
0
0
1
0
4.95715e-14
4.95715e-14
1.04083e-13
3.47222e-14
0
6.93889e-14
1
1.04111e-13
2.06872e-14
2.06409e-14
0
3.21687e-14
0
3.21687e-14
1
0
4.95437e-14
4.95437e-14
4.95437e-14
1
1
2.77556e-17
1
4.95437e-14
0
4.38353e-14
1
1
3.80251e-14
1
1
4.95437e-14
3.79604e-14
3.79696e-14
0
0
0
1
4.95715e-14
0
1
0
4.95437e-14
1
0
0
1
0
0
4.27436e-14
1
0
4.94604e-14
0
2.77556e-17
1
0
0
0
4.95159e-14
0
3.46945e-14
1
0
3.22242e-14
0
0
2.77556e-17
0
0
0
0
0
2.77556e-17
0
3.46667e-14
0
0
2.77556e-17
0
2.77556e-17
1
2.77556e-17
2.77556e-17
0
0
0
0
0
3.46667e-14
0
0
0
1
0
0
1
0
2.77556e-17
1
0
0
1
7.67719e-14
3.47222e-14
0
5.94524e-14
0
7.68552e-14
3.47222e-14
3.46945e-14
0
1
0
0
0
0
1
3.22242e-14
1
3.21317e-14
2.77556e-17
0
0
0
1
1
0
1
1
1
7.55507e-14
1
1
1
0
0
0
0
2.77556e-17
0
0
0
1
3.22242e-14
2.77556e-17
3.47222e-14
0
0
4.27436e-14
1
0
1.65608e-14
1
0
1
1
0
1
0
9.49241e-14
4.95437e-14
1
4.95437e-14
1.72085e-14
9.49241e-14
0
2.77556e-17
0
1
1
0
1
1
0
0
1
0
0
1
4.95715e-14
0
2.06224e-14
0
9.85323e-15
1
0
1
0
2.47857e-14
2.74225e-14
0
1
2.72837e-14
1
0
1
0
1
1.6126e-14
1
0
1
0
3.47222e-14
3.46945e-14
0
2.72837e-14
7.84928e-14
0
0
0
0
1
1
1
0
1
1
0
4.46587e-14
7.84928e-14
0
0
1
2.72837e-14
0
1
0
0
0
2.96985e-14
1
1
0
0
1
1
1
1
0
0
1
0
1
1
3.30291e-14
1
1
0
1
1
1
0
1
0
1
1
1
1
1
0
1
0
1
1
1
0
1
1
1
1
1
1
1
1
2.77556e-17
1
3.97044e-14
0
0
0
0
0
0
0
1.60982e-14
0
1
1
1
1
1
1
1
1
0
3.30384e-14
0
1
1
0
1
0
0
0
1
0
0
1
0
0
0
1
0
2.77556e-17
1
1
1
1
4.95715e-14
0
1
0
1
1
0
0
2.47857e-14
0
1
0
1
1.6126e-14
2.77556e-17
1
0
2.77556e-17
3.30384e-14
1
1
1
1
1
1
0
1
0
4.95437e-14
0
1
1
4.95159e-14
0
1
1
0
1
0
0
1
0
4.95715e-14
1
1
2.77556e-17
0
1
1.04056e-13
0
0
2.71727e-14
1
0
5.69914e-15
0
1
0
3.46667e-14
0
6.94167e-14
0
1.04139e-13
0
4.38353e-14
1.04111e-13
0
1
4.95437e-14
0
2.06594e-14
1.04111e-13
2.06409e-14
0
0
0
2.06409e-14
1.38806e-13
0
0
0
0
0
4.95437e-14
2.77556e-17
4.95298e-14
0
0
0
0
0
0
0
0
0
0
0
0
0
4.95715e-14
0
0
0
0
0
0
6.94167e-14
0
0
0
3.47222e-14
0
0
0
0
0
1
0
0
0
1
0
0
0
0
1
0
0
0
4.95437e-14
0
3.55271e-14
3.79604e-14
4.95437e-14
1
1
1
3.2252e-14
4.95715e-14
0
3.21502e-14
0
3.79974e-14
4.95437e-14
4.95437e-14
4.08007e-14
0
4.95437e-14
1
0
4.95437e-14
1
1
0
5.06817e-14
0
1.9762e-13
0
0
5.55112e-17
3.46667e-14
1
1
0
1
7.69385e-14
7.68552e-14
0
0
0
5.81757e-14
5.55112e-17
3.47222e-14
1
3.46945e-14
0
0
2.77556e-17
3.46945e-14
9.42302e-14
0
0
7.68552e-14
0
0
1
2.77556e-17
1.15741e-14
0
0
2.77556e-17
0
0
0
3.45834e-14
0
0
0
0
0
0
1
0
5.55112e-17
0
0
1.7264e-14
0
5.95357e-14
2.77556e-17
0
0
3.47222e-14
0
0
0
0
2.77556e-17
0
2.77556e-17
0
0
0
0
0
0
1.7264e-14
0
0
2.77556e-17
0
2.77556e-17
0
1
1
1
0
3.2252e-14
1
2.77556e-17
1
0
1
1
0
1
1
1
1
0
0
0
6.80567e-14
0
0
7.67997e-14
0
2.55351e-15
1
0
1
1
0
1
0
0
0
0
1
4.95715e-14
0
0
0
1
0
2.77556e-17
2.77556e-17
7.76046e-14
1
0
1
1
0
0
0
3.34455e-14
0
0
1
0
0
1
0
1
1.35725e-14
0
9.82547e-15
1
1
1
0
1
1
0
1
0
2.97447e-14
0
1
2.77556e-17
0
1
0
1
2.77556e-17
2.97262e-14
1.04111e-13
0
1
2.72837e-14
3.30384e-14
0
1
0
1.04111e-13
1
0
2.72837e-14
2.77556e-17
0
0
2.06872e-14
0
0
1
4.95992e-14
0
0
1
0
1.04111e-13
0
3.71277e-14
2.72837e-14
0
1
1
1
1
0
1
2.72837e-14
7.84928e-14
0
7.43849e-15
1
0
1
1
0
2.97447e-14
1
1
0
2.06594e-14
1
0
1
0
0
1
1.07414e-13
0
1
4.4631e-14
1.38806e-13
4.45199e-14
1.38778e-13
4.45477e-14
7.93254e-14
2.08222e-13
0
0
0
1
7.49401e-15
1
0
1
1
3.30384e-14
0
1
1
0
0
1
0
1
1
1
0
1
1
1
0
1
1
1
0
1
0
1
0
0
1
1
1
0
0
1
0
2.48412e-14
1
0
1
0
1
1
1
1
1
0
0
0
1
0
1
0
1
0
1
9.90874e-15
0
0
0
1
2.77556e-17
1
0
0
3.30014e-14
9.90874e-15
4.62963e-14
0
0
0
1
0
0
1
4.21885e-14
0
1
1
1
0
2.77556e-17
1
1
0
1
2.77556e-17
1
0
1
2.77556e-17
2.47857e-14
0
1
1
0
0
0
4.38353e-14
0
1
4.95159e-14
6.93889e-14
0
1
0
0
0
1
1
4.95159e-14
0
4.95437e-14
7.84928e-14
0
1
0
0
0
0
0
2.06872e-14
2.9791e-14
0
0
0
0
0
0
3.55271e-14
1.04111e-13
0
2.8505e-14
0
1
0
0
1
0
0
4.95715e-14
1
1.07386e-13
0
1.65257e-13
0
0
0
0
4.95437e-14
0
1
0
1
0
0
0
0
0
0
3.80436e-14
0
0
1
0
1
0
1
0
0
1
4.95715e-14
1
0
1
4.95437e-14
3.79974e-14
1
1
0
4.95715e-14
0
2.64788e-14
3.80251e-14
4.95715e-14
4.95715e-14
0
1
0
0
0
4.95437e-14
4.95437e-14
1
5.06817e-14
0
0
6.80012e-15
0
0
0
2.31204e-14
0
5.94524e-14
3.46945e-14
0
0
0
1
2.77556e-17
0
1.4877e-14
0
1
7.68552e-14
0
0
0
7.68552e-14
0
3.47222e-14
2.77556e-17
3.47222e-14
1
0
0
7.68552e-14
0
1
0
1
7.68552e-14
1
1
0
1
1.15186e-14
0
2.77556e-17
3.47222e-14
0
1
9.42024e-14
1
9.41747e-14
1.28897e-13
0
0
0
2.77556e-17
1
0
0
0
2.77556e-17
0
2.31389e-14
0
0
0
0
1
2.77556e-17
0
0
5.93414e-14
1
0
2.77556e-17
0
1
0
2.77556e-17
0
0
0
1
1
0
1
3.45834e-14
1
1
1
0
7.27751e-14
1
0
1
0
0
2.77556e-17
0
0
1
0
2.32869e-14
0
0
7.83632e-14
1
0
1
0
1
4.97657e-14
1
0
0
2.77556e-17
0
3.74978e-14
0
8.32667e-17
2.20934e-14
2.49985e-14
3.76366e-14
1.25178e-14
9.15934e-15
2.77556e-17
2.77556e-17
1.25455e-14
1
4.27436e-14
0
8.32667e-17
0
0
5.05429e-14
7.85483e-15
0
1
0
3.81362e-14
0
2.54796e-14
3.80806e-14
1
2.54241e-14
0
1
8.48395e-15
0
1
0
1
0
1.28231e-14
0
1
1
5.12275e-14
1
1
1.28647e-14
1
1.29341e-14
2.57849e-14
1
0
1
0
0
0
0
0
1
1
0
0
0
0
1
0
0
1
1
1
0
1
0
0
1
0
1
0
0
0
1
0
1
2.39808e-14
2.65343e-14
0
1
1
0
0
4.27158e-14
9.78662e-14
1
1
1
0
0
0
2.77556e-17
1
0
1
1
0
6.68909e-15
4.2466e-14
1.38833e-13
1
4.41776e-14
1.80411e-14
2.10942e-14
1
4.07729e-14
6.76126e-14
1
1
1
9.08533e-15
0
0
0
1.37668e-14
1
0
9.25186e-15
1
1
0
1
0
0
4.12725e-14
0
1
1
0
0
0
1
2.75798e-14
1
1
2.77556e-17
0
0
5.54279e-14
1.11069e-13
0
0
0
0
1
1
1
1
1
0
0
1.39888e-14
1
0
1
0
4.25077e-14
9.42764e-15
7.04992e-15
2.12053e-14
6.36435e-14
1
1
0
1
1
1
0
1
0
1
0
0
1.43219e-14
1
0
9.52016e-15
1
0
1
2.88658e-14
0
1
0
0
1
1
1
0
0
0
0
1
1
5.55112e-17
0
2.91989e-14
1
0
1
1
1.46549e-14
0
0
0
1
0
0
0
1
1
0
4.44644e-14
1
0
0
1
1
0
1
1.81244e-14
0
1
3.7359e-14
1
1
9.94575e-15
1
0
1
0
2.77556e-17
1
1
0
1.50435e-14
0
1.52656e-14
1
1
3.02258e-14
1
0
1
0
1
0
1
0
0
1
0
0
0
0
0
1
1
1
1
3.07532e-14
1.85037e-17
1
0
1.02603e-14
1
0
0
9.54792e-15
1
0
2.77556e-17
1
1
0
1
1
1
1.56264e-14
1
1
2.81997e-14
0
1
1
0
1
0
1
0
1
0
6.33382e-14
0
6.63358e-15
1.06766e-14
0
1
1.44329e-14
0
1
6.39766e-14
5.75096e-14
4.81837e-14
0
3.21132e-14
1
0
3.2252e-14
0
1
1
1
1.64035e-14
0
1.09264e-14
0
0
0
1
0
3.26961e-14
0
1.6348e-14
0
1
1.09635e-14
0
4.92939e-14
1
4.92106e-14
0
0
4.11754e-14
0
1
1
0
8.35443e-15
1
0
8.13238e-15
1
0
0
3.33067e-14
2.19269e-14
2.78296e-14
0
0
1
1.67366e-14
1
1
0
0
1
1
1
1
1
1
1.69864e-14
0
1.14908e-14
1
3.40191e-14
0
2.25745e-14
1
0
1
0
1
1
0
1
1
0
1
1
1
0
0
2.59922e-13
0
0
0
1
0
1
1
1
1
1.87813e-15
1
4.6176e-14
0
3.87375e-14
0
0
1
2.53964e-14
1.90403e-14
1
0
1
0
1
1
2.77556e-17
1
0
1.28786e-14
5.17086e-14
2.58127e-14
1
5.19029e-14
0
0
0
1.29989e-14
1
0
1
1.46272e-14
1.55986e-14
1
1
0
2.77556e-17
0
1
0
0
1.3875e-13
1
0
0
0
1
1
0
2.69137e-14
1
6.92779e-14
1
1
1
0
0
0
1
1
1.82539e-14
0
0
3.4639e-14
0
1
0
2.77556e-17
2.77556e-17
0
1.38861e-13
1
5.59275e-14
0
0
1
1
0
2.77556e-17
1
3.94129e-15
2.12885e-14
1
5.68989e-14
0
1
1
0
1
1
0
4.33635e-14
0
0
0
1
1
0
1
1.46549e-14
2.92266e-14
1
1
1
1
0
0
-1.38778e-17
0
0
1
1
0
0
0
0
0
2.0132e-14
1
1
4.55376e-14
4.05879e-14
0
1
1
0
0
3.07532e-14
0
3.08087e-14
4.11523e-14
1
0
1
1.92069e-14
0
1
1
1
0
3.05311e-15
1
1.57929e-14
1
1
0
0
3.18356e-14
0
0
1
1
0
1
3.23352e-14
3.21965e-14
0
1
0
5.98503e-14
0
1
1
1
0
1
1
6.58825e-14
1
1
1
1
1
1
0
0
3.36675e-14
3.36675e-14
0
0
1
0
1
1.70142e-14
1
1
1
0
1
0
1
0
0
0
0
0
0
1
0
0
0
1
1.44884e-14
0
2.50633e-14
1
0
1
0
0
1.26565e-14
0
6.35603e-15
1
2.54241e-14
3.82749e-14
6.38378e-15
8.59498e-15
1
1
1
2.77556e-17
1
1.29063e-14
1
8.61348e-15
0
0
1
1
3.91909e-14
1
0
0
1.32672e-14
1
1
0
0
1
1
0
3.9968e-14
9.60065e-14
0
0
0
1
9.02056e-15
0
1
1
6.92779e-14
4.06342e-14
2.90323e-14
1
1
0
1
0
9.08533e-15
0
4.12725e-14
0
0
1
6.93889e-15
0
0
0
0
6.94167e-14
0
1
0
1.39888e-14
0
1
1
1
0
5.65566e-14
4.25215e-14
1
1.09912e-14
1
0
0
0
3.46667e-14
2.57572e-14
9.57567e-15
1
0
0
1
0
0
9.71445e-15
0
0
1
4.38816e-14
1
1.46549e-14
0
0
0
0
1
1
4.45199e-14
2.98372e-14
1.4877e-14
5.9804e-14
1
0
2.77556e-17
1
1
2.26485e-14
1
1.50898e-14
0
1
0
1
0
1
1
1
4.61298e-14
1.54321e-14
1
0
0
1
1
1
5.96745e-15
3.13545e-14
3.1336e-14
2.81719e-14
0
3.15858e-14
2.77556e-17
1
1
0
7.95475e-14
1
0
0
9.07607e-14
0
5.07372e-14
0
1
9.49148e-14
3.2474e-14
1
0
1.43496e-14
0
1
0
0
1
0
1
0
3.30846e-14
0
0
0
0
1
0
1
3.36953e-14
8.38218e-15
5.08205e-14
0
1
3.41024e-14
0
1
0
0
0
0
0
0
0
1
1
1
1
0
0
0
0
0
2.60902e-15
0
6.66134e-16
0
5.30131e-15
1
6.4948e-15
1
0
1
7.96585e-15
1
1
0
0
1.60057e-15
0
7.77156e-15
0
1
1.30451e-15
1.66533e-16
1
0
1
5.55112e-17
1
3.66374e-15
0
1
0
0
5.27356e-15
0
2.55351e-15
1
0
0
1
0
1
0
2.77556e-16
0
0
1.85962e-15
4.38538e-15
6.02296e-15
1
2.48875e-15
1
5.38458e-15
0
0
0
3.58972e-15
1
1
1
1
1
8.77076e-15
0
0
1
1
6.05072e-15
0
0
0
0
0
0
4.44089e-15
1.55986e-14
0
0
0
3.46945e-15
0
1
8.60423e-16
0
0
0
1
0
0
0
3.71925e-15
0
1
1
1
8.88178e-16
0
2.9976e-15
1
0
0
0
0
1
1
3.83027e-15
1
1
7.21645e-16
0
5.4956e-15
6.06922e-15
0
1
0
0
0
0
0
3.60822e-15
0
1
0
1
0
1
0
1
7.40149e-16
1
1
2.07242e-15
0
0
0
1
8.49321e-15
1
8.49321e-15
1
0
0
1
1
5.55112e-17
2.77556e-15
0
1
0
0
0
1
1.94289e-15
0
0
1
0
0
1
5.41234e-15
2.22045e-16
6.85563e-15
1
0
5.10703e-15
1
4.996e-16
1
3.08087e-15
7.77156e-16
0
1
5.05151e-15
1
0
1
8.46545e-15
0
5.9952e-15
7.96585e-15
1
5.55112e-17
0
7.13318e-15
1.80411e-15
1
2.72005e-15
1
2.94209e-15
1.32302e-15
1.19904e-14
0
2.38698e-15
0
2.33147e-15
1.69309e-15
0
2.85882e-15
1
1.60982e-15
0
3.46945e-15
2.64603e-15
4.4964e-15
5.55112e-16
3.33067e-16
0
1
1.02696e-15
5.55112e-16
