1
0
1
1.42941e-14
5.4956e-15
1.04222e-14
1
4.95437e-15
8.4784e-14
3.1225e-15
1
2.79776e-14
0
1
1
1
9.00668e-15
1
8.35443e-15
0
1
1
1
1
1
1
1
2.40548e-16
1
1
1
1
0
1
1
0
1
0
0
0
1
0
0
1
1
1
1.01863e-14
1
0
1
1
3.98293e-15
1
1
1
1
1
3.46945e-15
1
0
0
0
1
3.77476e-15
1.71946e-14
1
0
1
1
0
1
1
1
0
3.16414e-15
1
7.54952e-15
1
0
1
1
1
1
6.84175e-15
9.71445e-16
1
5.13478e-15
1
1
1.11022e-16
1.04916e-14
1
1
1.02279e-14
1
5.21805e-15
1
0
0
1
1
1
2.76446e-14
1
1
1
6.10623e-16
1
1
1
1
0
1
1
1
3.16414e-15
1
1
1
1.36002e-15
1
1
0
1
6.43929e-15
1.1241e-14
1
1
1
0
1.44329e-15
1
0
1
0
1
1
1
1
1
1
0
1
1.1019e-14
1
1
9.49241e-15
1
7.77156e-15
1
1
1
1
1
0
1
0
1
5.85643e-15
1
1
1
1
1
1
0
1
0
1
1
1
1
0
3.83027e-15
0
1
0
0
1
1
1
1.02844e-13
0
0
3.79252e-13
0
1
1
1
3.29042e-14
1.14408e-13
7.42462e-15
2.32037e-14
1
0
1
1
0
1
0
0
1
1
1
1
7.02216e-15
1
1
0
1
2.10942e-15
4.88498e-15
1
0
1
0
0
1
4.217e-14
1
1
0
0
1
2.77556e-15
1
1
1
1
1
1
0
1
1
1
1
1
1
0
0
1
1
0
3.14193e-14
1
1
0
0
2.44249e-15
0
1
1
1
1
1
0
1
1
1
1
1
1
1
1
1.75415e-14
1
1
1
1.44329e-15
0
1
2.77556e-15
1
1
1
0
2.60486e-14
1
1
1
0
1
1
0
1
1
1
1.94289e-15
1
1
1
1
1
0
0
1
1
0
1
1
1.36557e-14
1
0
1
1
1
1
0
1
1.7028e-14
1
1
1
1
1
1
0
1
1
1
2.22045e-16
1
1
1
1
0
0
1
0
1
0
0
1
0
0
1
2.86993e-14
0
1.35447e-14
1
1
8.60423e-15
1
0
1
1
0
0
1
0
1
0
0
0
1
0
1
0
0
1
1
1
0
1
1
0
1
1
0
0
2.4647e-14
0
2.52576e-15
1.83742e-14
1
1
0
8.04912e-16
0
1
1
1
1.52656e-14
2.60347e-14
1
1
2.4758e-14
1
0
1
1
1
1
1
1
1.12133e-14
1
1
0
0
1
0
1
1
1
1
1.11022e-16
1
1
2.88658e-15
1
0
1
0
1
1
4.80171e-15
1
0
1
1
1
6.82787e-15
1
1
1
0
1
0
0
1
1
1
0
1
0
1
1.19349e-14
1
1
1
0
1.15463e-14
1
0
3.88578e-15
1
1
0
0
6.82787e-15
3.53328e-14
5.66214e-15
1
1
1
1
1
1
4.6213e-15
1
1
1
1.39472e-14
6.52256e-15
1
1
1
0
1
0
1
1
1
1.62231e-14
1
1
1
1
1.14214e-14
1
1
1
1
1.43496e-14
1
1
0
1
1
1
2.08167e-15
1
1
1
0
1
0
1
1
1
1
0
1
1
1
1
0
1
0
1
1.30174e-14
1
1
2.41751e-14
1.15741e-14
1
0
0
0
0
1
1
0
1
0
1
1
0
9.21485e-15
1
1.91375e-14
1
0
0
1
1
8.32667e-15
1
0
0
0
1
1
1
1
1
1
1
2.80054e-14
3.96905e-15
1
1
1
0
1
1.12965e-14
1
3.44169e-15
1
1
1
1
1
0
1
4.44089e-16
0
1
0
2.56184e-14
1
0
8.85403e-15
1
1.71807e-14
1
1
1
1
1
1.30451e-14
1
0
1
0
0
1
1
1
1
0
1
1
1
1
1.77358e-14
1
9.65894e-15
1
0
1
0
1
0
0
1
1
0
1.45439e-14
1
1
0
1
1
0
0
0
1
1
9.88098e-15
0
1
1
1
1
1
1
1
1
2.19963e-14
2.4647e-14
1
1
1
1.96509e-14
1
0
1
1
0
9.04832e-15
1
1
1
1
1
1
1
1
1
1
1
1.07692e-14
1
1
0
1
0
1
1
9.61731e-15
1
1
1
1
1
1
1
1
1
2.80886e-14
1
1
1
0
1
1
1.33227e-14
1
3.15303e-14
1
1
1.12133e-14
1
1.30174e-14
1
1.42109e-14
1
1
1
1
1
1
0
1
1
1
3.30291e-15
0
1
1
5.17641e-15
1
0
0
0
1
0
1
3.88578e-15
0
1
1
0
5.27356e-15
1
1
1
0
1.37668e-14
1
8.65974e-15
1
0
1.56541e-14
1
1
0
1
0
0
0
1
0
1
1
1
1
1.72917e-14
0
0
1
1
1
0
1
0
1
1
0
2.1011e-14
1
1
0
1
1
0
1
1
1
1
1
1
1
1
1
0
3.88578e-15
9.15934e-15
1
0
1.70142e-14
1
1
1
2.98928e-14
1
1
1
1
1
1
1
1
7.49401e-16
1
3.60822e-16
1
1.14631e-14
1
1
0
0
1
1
1
1
1
1
1
1
1
0
1
1
1
1
1
1
1
1
1
1
1.00475e-14
1
0
1
1
1
1
1
1
1
1
0
1
1
1
1
1
1
0
1
1
1
0
1
1
1
1
0
9.4369e-15
1
9.32587e-15
1
0
1.28009e-13
6.61138e-14
2.8505e-14
1
0
5.09592e-14
1
0
2.27457e-14
1
2.71727e-14
0
0
1
6.245e-15
1
1
1
0
0
1
1
0
0
0
0
1
1
0
9.71445e-15
2.65343e-14
1
1
1
0
1.51268e-14
1
1
0
1
0
0
1
1
1
1
1
0
1.7486e-15
1
0
1
1
0
0
1
1
0
1
0
1
1
2.85882e-14
0
6.03684e-14
1
1
1
0
0
1
0
3.01981e-14
1
1
1
1
0
1
0
0
2.66454e-15
0
0
8.32667e-17
1
0
1
0
1
0
1
1
1
0
1
1
1
0
1
1.1352e-14
1
5.82867e-15
1
1
2.09277e-14
1
0
2.18714e-14
1
1
0
0
1.72085e-14
0
0
1
1
1
0
1
1
0
5.6205e-15
1
1
2.90878e-14
1
1.62093e-14
1
0
6.46705e-15
9.29812e-15
5.79536e-14
1
0
0
1.15047e-14
1
1
1
1
0
1
1
0
0
1
1.07553e-14
2.48412e-14
1.17129e-14
1
0
1
1
1
1
1
1
0
1
1
1
1.01863e-14
1
2.10804e-14
0
1
1
1
1.19627e-14
1
1
0
2.85327e-14
0
0
0
0
1
1
0
8.00748e-15
0
3.26128e-15
1
1
5.64826e-15
1
1
1.53211e-14
1
1
0
1
1
1
1.08062e-14
0
1
1
1
1.70142e-14
1
1
0
0
7.35523e-15
1
0
1
1
1
1
1
1
1
1
1
1
8.99281e-15
1
3.21687e-14
1
1
1
2.36894e-14
1.8735e-15
1
1
1
1
0
1
1
1
0
0
1
2.10202e-14
1
1
1
0
5.46785e-15
1
1.65423e-14
1
1
1
1
1
1
0
5.55112e-16
1
1
1
1
0
1
1
1
0
1
1
0
1
1
1
1.54321e-14
1
1
1
1
1
1
0
0
8.34055e-15
1
1
9.4369e-16
6.66134e-16
1
1
0
1
1
1
0
1
1
5.69267e-14
0
1
7.43849e-15
0
1
1
3.31587e-14
1
1
0
1
1
1
1
0
1
0
1
0
1
0
1
1.7833e-14
1
1
1
1
1
1
1
2.93376e-14
0
1
1
1
0
1
1
0
1
6.63358e-15
1
1
0
1
1.52101e-13
1
1.77913e-14
0
1
1
0
1.19904e-14
1
1
5.95357e-15
0
3.09058e-14
3.56382e-14
1
0
1
1
1
1
1
0
1
0
1
0
0
1
0
1
0
1.09912e-14
1
1
0
0
0
1
1
0
0
1
1
9.65894e-15
0
9.52016e-15
1
1.59872e-14
1
1
1
0
0
0
1
1
1
0
1
5.10703e-15
1
1
1
0
1.14908e-14
1
1
1
1
1
1
1
1
1.28508e-14
1.21014e-14
1
1
1
1.99285e-14
0
1
0
0
0
1
1
5.07927e-15
1
1
1
0
1
1
1
1
0
1
2.90323e-14
0
1
0
0
1
0
0
1
1.7264e-14
1
1.89848e-14
6.92502e-15
1
0
1.68754e-14
1
1
0
0
1
1
1
1
1
1
1
1
0
0
1
1
1
1
1
1
1
1
2.72005e-14
0
6.21725e-15
1
1
1
0
1
0
3.05311e-16
0
1
0
0
1
1
1
1
0
1
1
1
1
5.55112e-17
1.44329e-14
1
1
0
1
0
1
0
0
1
1.62648e-14
1
1
1
1.12688e-14
4.77396e-15
1
1
1
1
1
1
1
1
0
1
1.54043e-14
1
1.69864e-14
1
1
0
1
0
1
1
1
1
1.61759e-13
1
1
1
1
1
1
9.65894e-15
1
2.96707e-14
0
0
1
0
0
1
0
1
1
1
1
1
1
0
1
1
1
1
0
1
1
1
1
1
1
1
1
1
0
1.44773e-13
1
0
0
0
1
1
1
1
1.48067e-13
1
0
1
1
-1.85037e-17
1.94289e-15
1
0
0
1
1
6.07847e-15
1
1
1
1
1
4.88498e-15
0
0
0
0
0
1
1
1
8.33222e-14
0
8.13238e-15
0
0
1
1.69309e-14
1
0
1
0
1
0
1
0
0
1
1
0
1
0
1
0
0
0
0
1
1
1.56541e-14
1
1
1
0
0
1.82077e-14
1
1
1
1
1.54599e-14
1
0
1
1.93179e-14
1.31006e-14
1
0
0
0
1
0
4.01068e-15
1
1
1
1
1
1
0
1
0
1
1
1
0
1
1
1
1
1
1
1
1
1
1
1
0
0
0
1
1
0
1
1
1
1
0
2.42584e-14
0
0
1
1
2.28706e-14
1
0
0
1
0
1
1
9.53682e-14
1
0
1
1
2.3398e-14
2.49245e-14
1
1
1
0
0
0
0
0
1
2.10665e-14
0
0
1
1
1
1
0
1
1
6.27276e-15
1
2.56739e-15
1
1
0
1
1
1
1
4.18554e-14
5.32907e-15
1
1
1
0
1
1
1
0
1
1
0
1
1
2.58682e-14
1.77859e-13
1
0
1
0
1
1
1
1
1
1
0
1
1.55431e-14
1
1
1
1.74305e-14
0
1
1
1
1
1
1
1
1
1
1
1
1
1
1
1
1
1
1
1.14353e-14
1
1.36557e-14
1
1
1
1
0
0
0
1
1
1
0
1
1
1
1
8.86328e-15
1
0
1
1
0
0
6.77236e-15
0
1
0
1
1
1
1
1
0
1
1
1
1
1
1
1
1
0
1
0
1.02141e-14
1
1
1
0
1
0
0
1
1
0
1
1
3.01148e-14
1.73195e-14
1
0
1
1
1
1
1
0
1
4.11615e-14
0
1
8.65974e-15
1
1
0
1
1
0
3.48332e-14
1
1
1
0
1
0
1
0
0
1
1
1
0
5.9952e-15
1.08524e-14
1
1
1
1
1
1
0
1
1
1
6.88338e-15
1
1
1
1
1
8.32667e-17
0
1
1
1
1
1
1.28786e-14
1
1
0
1
1
1
1.25733e-14
7.96585e-15
0
1
7.99361e-15
1
0
0
1
0
1
1
9.71445e-15
1
1
1
0
1
0
1
0
0
2.37449e-14
0
1
1
1
3.76366e-14
0
1
1
1
1
0
0
1
0
0
1
1
1
1
0
1
1
1
1
2.54796e-14
1
1
1
1
1
1
1
0
1
0
1
1
0
1
0
1
1
1
1.8166e-14
1
0
1
1
1
1
1
1
1
0
1
1
1
1
1.11022e-16
1
0
1
1
1
5.67602e-15
0
3.64986e-14
1
7.07767e-15
0
0
1
1
1
1
1
1
1
1
1
5.13478e-16
1
0
1
1
1
0
2.06779e-14
1
0
1
1
1
1
1
1
5.05151e-15
1
1
1
0
1
0
0
2.31021e-14
1
1
1.12577e-13
1
0
2.70339e-14
0
0
1
2.86715e-14
0
1
1
1.88738e-15
1
1
0
0
1
1
5.77316e-15
1
1
1
1
1
1
1
1
1
1
0
1
2.2482e-15
1
1
0
1
0
1.64313e-14
0
0
0
1
1
1
2.41474e-15
1
1
1
0
1
1
1
1
1
0
1
1
6.00492e-14
1
1
1
1
1
1
1
1
1.31006e-14
1
1
1
2.69229e-14
1
3.17801e-14
1
2.90601e-14
1
6.63358e-15
1
1
1
1
1
0
1
1
1
1
1
1
1
1
0
1.18516e-14
1
1
1
1
1
1
1
1
1
1
1
1
1
1
1
1
0
7.77156e-15
0
0
1
1
1
1.42109e-14
1
4.03011e-14
0
0
1
1.66811e-14
6.32827e-15
1
0
6.88338e-14
1
1
1.44051e-14
2.87548e-14
1
1
6.38378e-15
0
0
1
1
2.66454e-14
1
2.30149e-13
1
1
1.61954e-14
1
0
1
1
0
0
1
0
1
1
1
3.17246e-14
3.64153e-14
1
1
1
0
1
1
0
0
0
1
1
1
2.59237e-14
6.99441e-15
1
1
1
1
1
1.36557e-14
1.4766e-14
2.32592e-14
6.88338e-15
0
2.9976e-15
1
1.9984e-14
1
1
1
1
1
0
1
0
1
0
1
1
0
0
1.53211e-14
1
1
1
0
1
1
0
1
1
4.71845e-16
1
1
1
1
1
1
1
1
1
1
1
0
1
1
1
1.12688e-14
1
8.90954e-15
1
1
1
1
1
1
1
1
1
1
1
0
1
4.03011e-14
0
0
1
1
0
1.4766e-14
0
0
1
1
1.79301e-14
2.55351e-15
0
1
1
1
1
1
1
1
1
1
1
1
4.96825e-15
1
1
0
0
1.05194e-14
1
1
0
1
1
1
1
1
0
0
1
0
0
1
1
6.5753e-14
1
1
1
1
1
1
0
1
0
1
1
1
1.29896e-14
1
1.93179e-14
1
0
1.62786e-14
1
1
1
1.20182e-14
1
0
0
3.55271e-15
6.2006e-14
1
1
1
1
1
1
0
1.23235e-14
1
1
1
1
1
1
1
1
0
1
1
1
1
1
1
0
1.38778e-14
0
0
0
1
0
1
1
1
1
1
0
1
8.18789e-16
4.1564e-14
1
1
0
1
1
0
1.33782e-14
1
1
5.91471e-14
0
1.16018e-14
1
0
0
1
0
0
8.96505e-15
1
1.05471e-15
9.5618e-15
1
1
1
0
1
5.55112e-17
1
1
1
1
1
1
1
0
0
1
0
1
1
7.69385e-14
1
1
1
0
4.83317e-14
0
1
1
1
1
0
0
0
0
0
3.66374e-15
1
1.03251e-14
1
0
0
1
0
5.05151e-14
1
1.0103e-14
1
1
0
1
1
1
0
1.7375e-14
1
1
1
1
1
5.49838e-14
1
1
0
1
1
1
1
1
1
1
1
1
1
1
0
1
1
1
1
0
1
1
0
1
1
1
2.11359e-14
1
1
1
1
2.10942e-15
0
1
1.05471e-15
2.07057e-14
0
1
1
0
0
0
9.72555e-14
1
1
1
0
0
1
1
1
1
1
0
1
1
1
1
1
0
1
1
0
0
1
1
1
1.65146e-14
1
1
1.72547e-14
0
1
1
1
1
1
1
1
1
6.5864e-14
1
1
1
1
1
1
1
1
0
1
1
1
1.29896e-14
1
0
1
0
6.02296e-15
1
1
1
1.21153e-14
1
1
1
0
6.21864e-14
1
1
1
4.17028e-14
1
1
0
1.19071e-14
1
1
1
0
1
1
1
1
0
1
1
1
1
0
1
0
3.33067e-14
0
0
3.66374e-15
0
0
1
0
4.0648e-14
0
0
1
0
1
2.43972e-14
1
1
0
1
0
0
2.42399e-14
1
1
4.76286e-14
0
0
1
1
0
1
1
0
1.82354e-14
1
1
1
1
1
1
1
1
6.4948e-15
1
1
1
1
1
1
1
1
9.96425e-15
1
1
1
1
7.71605e-14
1
0
1
1
6.98515e-14
0
1
1
1
0
6.80012e-15
0
0
0
6.43929e-15
0
1
0
1
0
1
1
0
3.50137e-14
1
1
5.59552e-14
2.43278e-14
0
1
1
1
1
1
1
1
1
1
3.04895e-14
5.49422e-14
1
1
0
1
1
1
1
1
1
1
1
1
1
1
0
1
0
1
0
1
6.20337e-14
1
1
1
1
4.21885e-15
1
1
1
1
1
1
0
1
0
0
4.55191e-15
1
1
2.55351e-14
0
0
1
1
1
0
0
0
1
1
1
1
1
0
1
1.16573e-14
0
1
1
0
1
0
2.18714e-14
1
1
0
0
4.55191e-15
1
1
1
1
1
1
1
0
1
1
1
1
1
1
1
1
1
1
1
1
1
4.66294e-15
1
1
1
1.11022e-14
1
0
0
1.4877e-14
1
2.96985e-14
1
1
1
1
1
1
1
1
1
0
1
1
0
1.58207e-14
1.9873e-14
0
1
1
1
1
1
1
1.13937e-14
1
1
0
4.08007e-15
1
1
4.2466e-15
1
1
0
0
1.94289e-14
1
1
1
1.24468e-13
4.30211e-16
2.498e-14
1
1
1
0
1
1.07692e-14
1
0
0
1
1
1
4.08192e-14
1
1
0
9.99201e-16
2.77556e-17
0
1
1
1
1
0
1
1
0
1
1
1
9.49241e-15
1
1
0
1
1
1
0
0
1
1
1
1
1
1
1
0
5.86198e-14
1
1
0
1
4.60558e-14
1
1
0
1
1
1.06165e-14
1
0
1
1.81799e-14
0
1
6.32827e-15
1
1
1
1
1
0
1
1
1
0
1
1
1.43219e-14
0
0
0
1
1
0
7.77156e-15
0
0
4.54914e-14
1
1
1
1
1
1
1
1
1
1
0
0
1
1
1
3.17524e-14
1
1
0
1
1
1
1
1
1
2.90046e-15
1
1
1
1
1
0
1
0
1.27676e-14
2.27596e-15
1
1
1
1.58207e-14
0
0
1
1
0
1.27537e-14
0
1
1
1
1
1
1
1
0
6.88338e-15
4.66294e-15
1
1.1019e-14
1.27898e-13
0
1
1
1.26565e-14
1
7.21645e-16
1
1.33893e-13
8.62918e-13
5.05151e-14
1
5.4845e-14
5.50671e-14
1
1
1
1
1
1
1
1
2.22045e-16
1
1
1
1
1
0
1
1
1
1
1
0
1
1
1
0
1
1
1
1
1
1
1
1
1
1
1
1
0
0
1
1
1
1
1
1
1
1
1
1
1
1
7.04992e-15
1
1
0
1
1
1
1
1
1
1
1
1
1
1
1
1
1
1
1
0
0
1
1
0
1
1
0
1
1
1
1
0
1
1
1
1
1
1
1.56264e-14
2.78944e-15
1
0
2.61458e-14
1.94289e-15
1
3.8608e-14
1
1
1
1
1
1
7.77156e-15
1
1
1
1
1
1
1
1
1
1
1
1
1
1
1
0
1
1
1
0
1.77636e-15
1
1
1
0
1
0
1
1
1
1
1
0
0
1
1
0
0
0
1
4.34097e-14
0
0
1
6.15508e-13
1
0
1
1
1
0
1
1
1
1
1
1
1
1
1
3.9968e-15
1
1
1
1
1
1
1
0
1
1
1
1
1
1
1
1
1
1
1
1
1
1
0
1
0
1
1
0
1
1
1
1
1
1
1
1
0
1
1
8.43769e-15
1
1
8.65974e-15
1
1
0
1
1
1
1
1
1
1
1
1
1
1
2.88658e-15
1
1
0
1
1
0
1.05749e-14
1
1.9984e-15
1
1
1
1
1
1
1
1
0
0
1
0
0
2.25653e-14
1
0
1
1
1
1
1
1
1
1
1
1
1
1
1
1
1
1
1
1
1
1
1
1
1.54321e-14
1
1
0
0
1
2.10942e-15
1
1
0
1
0
1
1
1
1
1
0
2.60902e-14
1
1
2.4114e-13
0
0
1
5.9619e-14
1
8.64309e-14
1
0
0
1
1
1
0
2.08583e-14
1
3.25573e-14
1
0
1
0
1
1
1
0
1
1
1
1
1
5.55112e-17
1
1
1
0
1
1
0
1
1
1
1
3.77476e-15
1
1
1
1
1.63203e-14
1
5.44009e-15
1
1
1
1
1
1
1
1
1
1
1
0
1
1
1.00364e-13
1
2.14273e-14
0
1
1
1
1
0
1
1
1
1
1
1
1.44607e-14
1
0
2.0442e-14
1
2.82552e-14
0
1
1
1
1
1
0
3.25295e-14
1
1
0
1
1
1
1
1
1
1
1
1
1
1
1
1
1
1.31284e-14
8.32667e-17
1
1
1
1
1
1
1
1
1
1
1
1
1
1
1
1
1
1
2.5091e-14
1
1
1
0
8.9373e-15
0
1
1
1
1
1
1
1
1
1
1
0
3.9635e-14
1
1
0
0
5.75373e-14
1
1
5.62883e-14
6.81677e-14
1
1
5.54279e-14
1.16647e-13
1
1
1
1.37668e-14
1
1
1
1
1
0
1
2.13718e-15
1
0
1
1
1
1
1
1
1
1
1
1
1
1
1
1
1
1
1
1
1
1
0
1
0
1
1
1
2.7367e-14
1
1
1
1
1
1
1
1
0
0
1
2.70894e-14
9.00761e-14
1
1
9.85323e-16
1
8.88178e-16
1
1
1
1
1
1
1
0
1
1
1
7.7105e-14
1.44329e-15
1
1
0
1
1
1
0
4.46032e-14
0
1
1
1
1
1
1
1
1
1
7.52176e-15
1
1
1
1
1
1
1
1
1
1
1
4.26464e-14
0
1
1
1
1
1
1
1
1
1
1
1
1
1
1
1
0
1
1
4.66294e-15
0
1
5.10703e-15
1
1
0
1
1
1
1
1
5.20972e-14
1
2.77556e-17
2.77556e-15
1
1
2.4114e-13
0
0
1
1
1
8.64309e-14
1
0
0
1
1
1
1
2.35922e-14
1
3.10307e-14
1
0
1
0
1
1
1
0
1
1
1
1
1
8.32667e-15
1
1
1
1.49047e-14
1
1
0
1
1
1
1
2.67286e-14
1
1
1
1
5.45397e-15
1.74583e-14
1.16573e-14
2.80886e-14
1
1
1
1
1
1
1
1
1
1
0
1
1
2.27152e-13
1
0
4.02456e-15
1
1
1
1
0
1
1
1
1
1
1
1.44607e-14
1
0
2.0442e-14
1
3.27516e-14
0
1
1
1
1
1
0
3.07115e-14
1
1
0
1
1
1
1
1
1
1
1
1
1
1
1
1
1
0
0
1
1
1
1
1
1
1
1
1
1
1
1
1
1
1
1
1
1
2.5091e-14
1
1
1
0
8.9373e-15
1.56541e-14
1
1
1
1
1
1
1
1
1
1
0
0
1
1
0
0
5.74818e-14
1
4.04121e-14
4.30211e-14
6.81677e-14
1
1
1
3.08642e-14
1
1
1
0
1
1
1
1
1
0
1
3.98293e-15
1
7.32747e-15
1
1
1
1
1
1
1
1
1
1
1
1
1
1
1
1
1
1
1
1
1
1
0
1
0
1
1
1
1
1
1
1
1
1
1
7.48013e-15
0
1
1.77774e-14
1.13687e-13
1
1
0
1
0
1
1
1
1
1
1
1
0
1
1
1.52656e-14
1
2.41474e-14
1
1
0
1
0
1
0
1
0
1
1
1
1
1
1
1
1
1
0
1
1
1
1
1
1
1
1
1
1
1
2.51049e-14
0
1
1
1
1
1
1
1
1
1
1
0
1
1
1
1
5.28327e-14
1
1
3.18912e-14
0
1
0
1
1
0
1
3.0892e-14
1
1
1
1.86517e-14
1
2.78e-13
1
1
1
0
1.95307e-14
8.64309e-14
1
1
1
1
0
1
1
8.88178e-15
1
1
1
0
1
1
1
1
1
1
1
0
1
1
1
1
1
1
1
3.13916e-14
1
1
1
2.4758e-14
1
1
1
1
1
1
1
1
1
1
4.86278e-14
1
0
1
1
1
1
1
1
1
1
1
1
1
1
1
0
1
1
9.28887e-14
1
1
1
1
1
1
1
1
1
1
1
1
1
1
1
4.49085e-14
1
0
1
1
1.76859e-13
1
6.94445e-14
2.08444e-14
3.30846e-14
1
0
1
0
1
1
1
1
1
1
1.12826e-14
7.21645e-15
1
0
1
0
1
1
1
1
1
1
1
1
1
1
1
1
1
1
1
1
1
1
1
1
1
1
1
1
0
1
1
0
1
0
1
1
1
0
1
3.06977e-14
1
1
1
1
1
1
2.1691e-14
1
0
9.19265e-14
6.22002e-14
0
1
0
3.93574e-14
1
4.51861e-14
1
4.9627e-14
1
1
1
1
0
1
1
1
0
1
1
1
1.13798e-14
1
1
1
1
1
0
1
0
1
1
1
1
1
0
1
1
1
1
1
1
1
1
1
1
0
1
0
1
1
1
1
1
1
1
1
0
1
1
1
1
1
3.53495e-13
1
1
2.45637e-15
0
1
1
1
1.64313e-14
1
1
1
0
1
1
1
1
1
5.10703e-15
1
1
6.83897e-14
1
2.35922e-15
1.58068e-14
1
1
0
1
1
1
1
1
1
1
1
1
1
1
0
1
0
1
1
1
1
1
1
1
1
0
1
1
1
1
1
1
1
1
1
1
1
1
1
1
0
9.99201e-15
1
1
1
0
1
1.66533e-14
1.33227e-15
0
1
1.4877e-14
0
1
1
1
1
1
0
5.78149e-14
1
1
1.69864e-13
1
5.78149e-14
1
1.33005e-13
1
0
1
0
0
0
1
1
1
1
1
1
6.35603e-14
0
4.80171e-15
5.17503e-14
1
1
0
1
1.88738e-14
1
0
0
0
1
1
1
0
1
1.28508e-14
1.85546e-14
1
1
1.07692e-14
1
1
1
1
1
1
1
0
1
1
1
1
1
4.4964e-15
1
1
1
1
1
1
1
0
1
0
1
1
1
0
1
1
1
1
1
0
1
1
0
0
1
1.58762e-14
1
1
0
1
1
1
0
1
1
1
1
0
0
1
1
0
1
1
1
2.39808e-14
1
1
0
1
1
0
0
0
0
0
1
1.76248e-14
1
1
1
1
1
0
0
0
1
1
1
1
1
1
1
0
7.93809e-15
1
1
1
5.78426e-14
1
1
1.69864e-13
0
0
1
0
1
1
7.76601e-14
1
0
1
1
1
1
1
0
1
0
1
0
0
1
1
1
1
0
1
1
1
1.4988e-14
1
0
1
1.04361e-14
1
1.95954e-14
1
1
1
1
1
2.85882e-14
1
1
1
0
1
1
1
1
0
1
2.16493e-14
1
1
1
1
1
0
0
1
8.77076e-15
1
1
3.18634e-14
1
1
1
1
0
1
1
1
0
1
1
1
1
1
1
1
1
1
0
1
0
1
1
1
1
1
0
1
1
1
1
0
1
1
1
1
1
1
1
1
0
3.15303e-14
1
5.9952e-15
0
0
0
6.93889e-16
0
1
0
1
0
2.06501e-13
1
1
0
1
1
1
3.27516e-14
1
0
1
0
4.55191e-14
7.66054e-15
9.17044e-14
1
1
2.30704e-13
0
0
1
0
9.09273e-14
5.85088e-14
0
0
0
1
1
1
1
1
5.13201e-14
1
0
1
0
1
0
1
0
1
0
1
1
1
0
0
0
1
0
1
1
1
3.51941e-14
0
1
1
0
7.70495e-14
1
1
2.43139e-14
1
1
0
1
1
2.54241e-14
0
1
0
1
1
1
1
1.0783e-14
1
1
1
1
1.27676e-15
1
1
1
0
1
1
1
1
1
1
1
1
1
1
1.28786e-14
0
1
1
1
1
1
1
1
1
5.60663e-15
1
1.03667e-14
0
1
1
1
1
1
1
0
1.05194e-14
1
0
1
0
0
0
1
0
8.43769e-15
1
6.43929e-15
1
2.77556e-17
1
0
1
4.00791e-14
4.14113e-14
1
1
1
1.46549e-14
1
0
1.30451e-14
1
1
1
1.27676e-14
1
0
6.40321e-14
1
0
2.24043e-13
0
0
1
0
1
0
1
1
6.3477e-14
1
1
1
1
1
1
1
0
0
6.50868e-15
1
0
1
1
1
0
0
9.15934e-15
1
1.12688e-14
1
1
1
3.13638e-15
1
0
0
1
1
1
1
0
1
1
3.6221e-15
0
1
1
1
1
1
1
1
0
1
1
1
1
1
1
1
1
0
1
1
1
0
0
1
1
1
1
1
1
1
1
1
0
0
1
0
1
1
1
1
0
1
1
1
1
1.49741e-14
1
1
3.33067e-16
1.05471e-15
1
1
1
1
1
1
1
1
1
0
0
0
1
0
0
0
1
8.6875e-15
1
1
1
1
0
1.65645e-13
1
1
1
1
1
1
1
1
1
0
1
1
0
6.82787e-14
1
1
1.80078e-13
1
9.0733e-14
1
2.41362e-13
1.77913e-14
1
8.40439e-14
0
1
3.4824e-14
1
1
1
1
1
1
2.91545e-13
0
0
0
0
1
0
0
5.55112e-17
1
3.58047e-15
1
1
1
8.21565e-15
0
1
1
1
1
1
1
0
1
1
1.23679e-13
1
1
0
1
1
0
1
1
1
1
1
1
1
1
1
1.21014e-14
0
1
0
1
1
1
3.38618e-14
1
1
1
1
1
1
1
5.70655e-14
1
1
1
1
0
1
1
0
0
1
1
1
1
1
1
1
0
1
1
0
1
1
0
1
1
0
2.13163e-14
1
0
1
0
0
0
0
0
1
1.75276e-14
1
0
0
1
1
1
0
0
1
1
1
1
1
0
1
0
1
1
1
0
1
3.50969e-14
1
1
1.39444e-13
1
0
1
0
1
0
1
6.22419e-14
1
1.03251e-13
1
1
1
1.9984e-15
2.85327e-14
1
5.86198e-14
1.5099e-14
7.60503e-15
1
4.92661e-15
1
1
1
0
0
0
1
1
1
1
0
1
1
1.7375e-14
0
5.55112e-17
1
1
1
1
1
1
0
1
0
1
1.33227e-14
0
1
1
1
0
0
1
1
1
0
1
1
1
1
1
1
0
1.28786e-14
1.09357e-14
1
1
1
1
1
0
1
1
1
2.34812e-14
1
1
1
8.10463e-15
1
0
1
1
1
0
0
1
1
1
1
1
1
1
0
1
1
1
1
1
1
1
7.77156e-15
1
1
1
0
8.79852e-15
1
0
0
0
1
1
1
1
2.7219e-13
1
1
0
0
1
1
1
1
1
1
1
0
1
2.56045e-14
1
1
1.52101e-13
1
0
1
0
0
0
1
1
1
8.31557e-14
1
1
1
5.77316e-15
1
1
5.86198e-14
5.44009e-15
7.71605e-15
1
3.22797e-14
1
0
1
0
1
1
1
0
0
1
1
1
1
0
0
5.55112e-17
1
1
1
3.71925e-14
4.92661e-14
1
1
1
0
1
0
1
1.88738e-15
1
1
-1.11022e-16
0
1
1
1
1
1
1
1
1
1
1
1
1
1.28786e-14
1
1
1
1
1
1.56042e-13
1
1
1
1
1
1
1.66533e-14
1
1
1
1
2.19824e-14
1
1
1
1
1
1
1
1
1
1
0
1
1
0
1
1
0
1
0
0
5.09315e-15
1
1
0
1.11022e-16
2.2371e-14
1.7375e-14
0
1
1
1
8.80407e-14
3.19411e-13
1
1
1
1
0
1
1
1
1
1
0
0
1
3.80251e-15
1
0
4.39648e-14
1
5.01543e-14
1
1.05027e-13
1
0
1
1
1
1.37668e-14
1
1
1
1
2.23155e-14
1
0
0
0
1.34337e-14
1
1
0
1
1
1
9.99201e-15
1
0
1
0
1
1
1.17961e-14
1
0
1
1
1.0103e-14
1
0
1
1
1
2.04559e-14
1
0
1
1
0
1
1
1
1
1
1
1
4.38538e-14
1
1
1.11577e-14
1
2.89768e-14
1
1
0
1
0
1.9984e-14
1
1
1
1
1
1
1
0
1
0
1
9.21485e-15
1
1
1
1
1
0
1
1
1
5.63993e-14
1
2.9643e-14
1
1
1
1
0
1
1
1
1
1
1
1
0
0
1
0
1
1
1
0
0
1
1
1
0
0
9.27036e-15
0
1
1
1
1
1
0
1
1
1
0
1.19488e-13
1
1.09801e-13
3.42837e-13
1
2.47025e-14
1
9.85878e-14
1
4.71845e-14
0
5.53446e-14
1
9.71815e-14
1
1
1
1
0
1
0
0
0
1
0
1
0
1.94289e-15
0
1
1
1
1
0
1
0
0
0
0
1
1
1
3.49859e-14
1
1
1
1
1
1
1
1.28786e-14
0
1
1
1
1.45717e-15
0
1
1
1
1
1
0
0
1
1
1
0
0
0
1
1
1.24623e-14
1
1
1
1
1
1
1
0
0
1
1
0
1
1
1.24761e-14
1
1
2.83246e-14
1
1
1
1
1
0
1
1
1.21292e-14
1
1
1.30451e-14
1
1
5.77871e-14
1
5.34295e-15
0
1.53766e-14
0
0
0
0
1
0
0
1
1
1
8.85403e-14
0
1
1
1
1
0
1
1.44884e-14
1
1
1
1
1
1
4.46448e-14
1
1
1.26343e-13
1
0
1
0
5.25413e-14
0
0
1
5.4734e-14
1.03251e-13
1
1.33227e-15
1
0
1
1
0
0
1
1
5.03764e-15
0
0
1
0
1
0
1
0
1
0
1
0
1
1
1
1
7.57727e-15
1
1
3.71925e-14
5.89528e-14
1
1.65423e-14
1
0
1
1
1
1.88738e-15
1
1
1
1
1
1
1
0
1
1
1
1
1
1
1
1
1
0
1
1
1
1
0
1
1
1
1
1
1
1
1.12688e-14
1
1
1
1
1.4877e-14
1
1
1
1
0
1
1.89848e-14
1
1
1
1
1
0
0
1
0
1
0
1
1
0
0
2.31759e-15
1
1
2.44249e-15
0
1
0
1
1.36446e-13
2.71968e-13
2.55629e-14
0
1
1
1
1
1
1
1
2.22045e-15
0
1
3.7581e-14
7.06102e-14
1
1
8.79297e-14
1
0
1
0
1
0
1
1
5.4734e-14
1.03251e-13
1
1.54321e-14
1
1.9984e-15
2.85327e-14
1
5.86198e-14
1.5099e-14
0
1
4.92661e-15
1
0
1
0
1
1
1
9.54792e-15
1
0
1
0
1
1
1
1
1.28786e-14
0
1
3.71925e-14
1.13964e-13
1
1.65423e-14
2.88658e-14
0
1.59872e-14
1.33227e-14
1
0
1
0
1
1
1
1
1
1
1
1
1
1
1
1
1
1
1
0
1
1
1
1
1
1
1
1
1
1
1
1
1
1
1
0
1
1
1
1
1
1
0
1
1
0
1
1
0
6.03869e-14
1
1
1
0
1
1
0
1
7.27196e-15
0
1
1
2.24265e-14
0
1
0
1
1
1.13465e-13
2.7219e-13
1
1
0
1
1
3.83027e-15
1
1
1
7.41074e-15
1
4.92384e-14
1
3.55271e-15
1
1
4.37428e-14
0
4.98768e-14
1
1.04805e-13
1
0
0
8.38218e-15
1
2.25116e-13
2.80886e-14
0
1
0
1.12355e-13
1
1.71752e-13
0
0
0
1
1
0
0
1.27259e-14
1
0
1
1.04361e-14
1
0
1.83048e-14
0
1
1
1
1
0
1
1
0
0
1
1
1
1
5.02376e-15
1
1
1
0
0
1
1
1
1
1
0
1
1
1
1
1
1
5.30131e-15
1
1
1
9.4369e-15
1
1
1
0
1
1
1
0
0
1
1
1
1
1
1
0
1
1.79856e-14
1.24345e-14
1
1
0
0
1
0
1
0
1
1.50713e-14
1
0
1
0
1
0
0
0
1
0
0
1
0
0
0
0
1
1
1
0
1
1
1
1
1.70419e-14
1
1.45162e-14
1
1
1
1
4.34652e-14
1
1.58901e-14
1
1
1.64979e-13
1
0
1
0
3.51386e-14
0
1
1
3.49443e-14
1.21606e-13
1
1
1
8.10463e-14
1
1
0
0
0
1
0
1
1
1
1.30729e-14
0
0
1
0
1
0
1
1
1
1
1
1
1
1
1
0
1
1
1.31145e-14
0
1
1
1
0
4.91274e-15
1
1
1
1
1
1
1
1.3517e-14
1
1
1
1
1
1
1
1
1
0
1
1
1
1
1
1
1
1
3.81639e-14
1
1
0
1
1
1
0
1
1
1
1
1
1
1
0
1
1
1
1
1
1
1
1
1
0
1
1
0
5.19029e-15
5.34295e-15
0
6.66134e-16
4.66294e-15
0
0
0
1
1
1
6.76126e-14
0
0
1
1
1
1
1
0
1
1
1
0
1
1
0
1
1
0
0
1.22458e-13
1
2.88658e-13
1
1
2.10424e-13
2.12941e-13
1
0
1
1
1
3.4972e-14
0
1
2.11831e-13
1
1
0
1
1
5.2458e-15
5.32907e-15
0
1
1
1
0
1
0
1
1
1
1
0
1
0
1
1
1.33338e-13
1
1
1
1
1
0
1
1
1
1
1
1
1
1
1
1
1
2.22045e-16
1
0
1
1
0
1
1
1
0
1
1
1
1
0
1
1
1.02141e-14
1
1
1
0
1
1
1
1
1
0
1
0
1
1
1
1
1
0
1
1
7.88258e-15
5.30964e-14
1
1
1
5.96884e-14
1
3.60822e-15
1.69031e-14
1
1.16851e-14
0
1.05749e-14
2.77556e-16
0
0
0
1.96509e-14
0
1
1.88738e-14
0
1
1
1
0
1
1
1
1
1
4.94049e-15
1
1
0
0
1
1
1.68754e-14
1
0
1
0
1
1
1
2.64497e-13
1
3.1386e-13
1.66533e-15
0
1
2.69784e-14
1
1
0
0
1.44329e-15
1
0
1
0
1
0
7.38298e-15
1
1
1
1
1.22125e-14
0
1
1
0
1.41415e-14
0
1
1
1
1
1
1
1
1.25872e-14
1
1
1
1
1
0
1
1
4.50195e-14
1
1
1
1
1
1
1
1
1
1
1
1
1
1
1
1
1
1
0
1
1
1
6.4726e-14
1
1
1
0
1
1
1
1
0
1
1
0
1
1
1
6.41709e-14
1
0
1.33227e-15
1
4.58522e-14
1
1
1
1.19904e-14
1
1
1
1
0
1.54043e-15
1
0
1
1
0
1.6237e-14
0
1
1
0
1
1
1
1
1
1.44329e-14
1
1
1
1
1
0
1
4.69902e-14
1
1
1.43219e-13
0
0
1
0
1
1.54599e-14
1
1
0
0
1
1
1
1
1
1
2.89768e-14
1
0
1
3.27516e-15
1
0
1
1.62093e-14
1
0
1
1
1
0
1
1
1
1
0
1
1
1
1
1
1.25885e-13
1
1
0
0
0
1
0
1
1
1
1
1
1
1
1
5.21805e-14
1
1
1
1
1
1
1.53766e-14
1
1
0
1
1
1
1
1
1
1
1
1
1
1
1
3.53051e-14
1
9.4369e-16
1
1
0
1
1
3.69704e-14
1
1
1.33088e-14
1
1
4.10783e-15
1
1
1
1
1
1
2.60902e-14
1
2.06501e-14
0
1
1
0
1
1
1.42386e-14
0
1
1
1
1
3.21965e-15
7.14984e-14
1
1
1
0
1
9.04832e-15
1
1
2.43139e-14
1
6.66134e-15
0
0
0
0
1
7.32053e-14
2.33702e-14
5.17364e-14
1
7.37327e-14
1
0
1
1.15949e-13
3.27793e-14
1
1
1
1
1
0
1
1.23845e-13
1
1
1
1
1
1
1
1
1
1
1
1
1
8.09075e-15
1
1
1
1
1
2.67564e-14
1
4.44089e-15
1
1
1
1
1
1
1
1
1
0
0
1
1
1
1
1
1
1
1
0
1
1
0
1
1
0
1
1
1
1.07164e-13
1
1
1
1
1
0
1
2.45914e-14
1
0
1
1
1
0
0
1
1
2.27596e-15
1
1
1
1
2.82274e-14
1
1
1
1
1
1
1
1
1
1
0
1
1
1
1.76803e-14
1
1
0
0
0
0
8.54872e-15
1
1
1
4.13558e-15
4.10783e-15
1
1.1019e-14
0
1
0
1.16018e-13
0
1.77303e-13
1
7.78821e-14
1
0
1
1
1
1
1
1
5.60108e-14
5.06539e-14
1
0
1
1
0
1
1
1
1
1
1
1
1
0
0
1
2.77556e-15
1
2.9976e-15
1
0
1
0
1
1
6.32827e-15
0
1
1
1
1
1
1
1
0
0
1
0
0
1
1
1
0
1
0
1
0
1
1
1
1
1
1
1
1
1
1
1
1
1
1
1
1
1
1
1
1
1
0
1
2.77556e-17
1
2.17604e-14
1
0
1
0
0
1
0
1
0
1
0
1
1
1
1
1
1
1
4.88498e-15
5.44009e-15
0
6.60583e-15
1
1
7.59393e-14
2.37144e-13
1
1
1
3.77892e-14
5.97022e-14
1
6.07847e-15
0
1
1
2.16493e-14
1
0
0
1
0
0
0
1
0
1.81716e-13
0
1
1
0
1
0
2.10665e-14
1
1
0
1
4.79061e-14
0
1
0
1
1
1
1
1
1
0
2.35922e-14
0
1
2.78944e-14
1
1
1
0
1
1
1
1
1
1
1
1
1
1
1
0
1
0
0
5.9952e-15
1
1
1
1
0
1
1
1
0
1
1
1
1
0
1
1
1
1
1
1
1
0
1
9.82547e-15
1
1
1
0
1
1.24345e-14
1
1
1
1
1.33782e-14
1
1
2.04281e-14
0
1
1.57097e-14
0
1
1
1.10689e-13
1
1
1
0
1
1
0
2.65205e-14
1
1
0
1.52378e-14
1
4.996e-14
0
0
1
0
1
1
1
1
0
1
1
0
1
0
1.48104e-13
1
0
1
0
0
0
0
1
1
1
1
1
1
3.63598e-14
1
0
1
1
5.34683e-13
1
1
1
1
3.18495e-14
1
1
1
0
0
0
1
1
1
0
1
1
0
1
3.01842e-14
0
0
0
1
1
1
1
1
1
1
1
1
0
1
5.55112e-17
1
1
1
1
4.45199e-14
1
0
2.79776e-14
1
1
1
1
1
1
1
1
1
1
1
1
0
1
0
1
1
1
1
1
0
1
1
1
1
1
1
1
1
0
1
1
1
1
1
1
1
1.65701e-14
1
1
1
1
1
1.02418e-14
1.1019e-14
0
1
1
1
1
0
2.06779e-15
1
1
9.15934e-16
1
3.44863e-14
0
0
1
3.91492e-14
0
1
1.65312e-13
0
2.43139e-14
0
0
0
1
3.2227e-13
1
0
1
1
0
1
1
1.16573e-14
1
1
1
1
0
1
0
1
1
0
1
1
1
1
0
3.49026e-14
0
1
0
1
3.30291e-15
1
1
1
1
1
0
1
1
1
1
1
1
1
1
1
1
0
1.15186e-15
3.58741e-14
1
1
1
1
4.03011e-14
1
1
8.00471e-14
1
1
1
1
1
1
0
0
1.14631e-14
1
1
1
0
1
1
1
0
1
5.42899e-14
1
1
1
1.90542e-14
0
1
0
1
1
1.55431e-15
8.43769e-15
1
1
1
0
1
6.11677e-13
1
1
1
4.03011e-14
1
1
0
2.44249e-15
1
8.72913e-15
0
0
1
0
5.79981e-13
1
0
1
1
1
1
1
0
1
1
0
1
0
1
1
9.63118e-14
1
0
1
0
1
0
1
5.31242e-14
0
1
1
1
1
1
1
1
0
1
1
1
1
0
1
1
1
1
1
1
0
1
1
1
1
1
3.34732e-14
1
0
1
-1.85037e-17
0
1
1
1
1
1
1
1
0
1
0
1
1
1
1
1.02141e-14
1
0
1
1
1
9.54792e-15
1
1
1
0
1
1
1
1.77913e-14
1
1
1
1
1
4.05231e-14
1
1
1
0
1
2.30371e-14
1
3.09475e-14
1
1
1
0
1
2.04281e-14
1
1
1
0
1.11577e-14
1
1
1
1
1
1
1
0
0
1
1
1
1
2.77278e-14
1
1
0
0
1
1
1
4.996e-16
1
1
1.27676e-14
1
2.08167e-14
1
1.28342e-13
0
1
1
0
1.34392e-13
0
1
8.5848e-14
1
1
1
1.33726e-13
0
1
1
1
1
1
1
1
2.03393e-13
1
1
1
1
1
0
0
1
1
0
1
4.7462e-15
1.55431e-15
1.99563e-14
1
1
0
1
1
3.94129e-15
1
6.16174e-15
1.71529e-14
1
1
1
1
1
1
1
0
1
1.11022e-16
0
1
1
1
1
1
1
1.27676e-15
0
0
1
1
1
1
9.99201e-16
1
1
1
0
1
1
1
0
1
1
1
0
1
1
1
1
1
1
1
1
0
1
1
9.38138e-15
0
1
1
2.4647e-14
1
1
1
1
1
1
1
1
1
0
0
1
1
4.63518e-15
1
1
1
7.19425e-14
1
5.17641e-15
1
1
1
1
1
1
1
1
0
1
8.49321e-14
0
1
1.36099e-13
1
9.3231e-14
1.12466e-13
0
1.44329e-15
0
1
0
3.40561e-14
1
1
0
1
1.16573e-14
1.0561e-13
1
0
0
1
0
1
1
1
1.90403e-14
1
1
1
1
0
0
1.46272e-14
1
1
1
0
1
1
0
0
0
1
1
1
1
1
1
1
1
1
0
1
1
1
1
1
0
1
0
1
1.16573e-14
3.88578e-15
1
1
1
2.25375e-14
1
1
1
1
1
1
1
1
1
7.21645e-15
1
0
1
1
1
3.33067e-15
1
1
1
0
1
1
0
1
0
1
1
2.77278e-14
1
1
1.50491e-13
1
1
1.23096e-14
1
1
1
0
0
0
1
1.21847e-14
1
1
1
0
9.24261e-15
1
1
1
1
0
1
1
1
1
1
1
1.20126e-13
1
0
1.38403e-13
1.33227e-14
1.8488e-13
1
0
0
1
1
0
0
1
1
0
1
1
1
1
0
1
1
1
1
1
1
1
1
1
0
1
0
1
3.01148e-15
1
9.53404e-15
1
1.53488e-14
1
0
1
2.14939e-13
1
1
1
1
1
1
1
0
1
1
1
0
1
1
1
1
1
1
1
0
1
1
1
1
1
0
1
1
0
1
1
1
1
1
1
4.01068e-15
1
1
1
0
1
0
1
0
1
1
1
1
1
2.0095e-14
1
1
0
1
0
1
0
1
0
1
0
1
2.37588e-14
1
1.94289e-15
1
0
1
1
1
1
1.98508e-13
7.35523e-15
1
1
0
8.04912e-15
1.54599e-14
1
1.49325e-14
1
0
1
1
0
1
1
0
1
0
1
0
1
0
1
0
4.9738e-14
1
1
1
1
0
1
1
0
1
1
1
1
2.8616e-14
1
1
1
0
1.31561e-14
1
1
1
1
0
0
1
0
1
1
1
1
1.21403e-13
1
1
1
1
1
1
1
1
1
0
1
1
1
1
0
1
0
1
0
1
0
0
1
1
7.49401e-15
1
0
1
1
1
1
1
0
1
1
1
0
1
1
1
0
1
1
1
0
1
1
0
1
0
1
1
1
8.04912e-16
1
1
1
1
0
1
0
1
1
0
0
1
0
1
1
1
0
1
0
1
1
1
1
1
1
1
1
0
4.07452e-13
0
1.38778e-16
1
2.27957e-13
1
5.88141e-14
0
0
1.01891e-13
1
1
1
1
1
1
4.58245e-14
1
2.95319e-14
0
1
0
1
1
1
1
0
1
0
1
6.71685e-15
1
1
2.22045e-16
1
1
1
1
0
0
1
1
0
4.65183e-14
2.95874e-13
1
1
1
1
1
1
1
0
1
0
1
1
1
1
0
0
0
0
4.57412e-14
1
0
1
0
1
1
1
1
1
6.88061e-14
1
1
1
2.95319e-14
1
0
1
0
1
1
1
1
1
1.86517e-14
0
1
1
0
1
0
1
1
1
0
1
1
1
1
0
1
1
1
1
1.06581e-14
1
0
1
0
1
1
0
0
0
0
1
1
0
1
1
0
1
1
0
4.48253e-14
1.1191e-13
1
6.65024e-14
1.87184e-13
1
0
1
1.31006e-14
0
1
1
3.10307e-14
1
1
0
0
1
2.44249e-15
6.7446e-15
1
1.25677e-13
1
1
1
1
1
1
1
1
4.63518e-14
1
1
0
1.70697e-14
4.66294e-15
1
1
1.58346e-14
0
1
1
1
1.44329e-15
6.52811e-14
1
1
1
1
1
1
1
0
1
1.76525e-14
0
1
1
1
1
0
1
1
3.33067e-16
1
1.40166e-14
1
1
1
1
1
1
1
1
1
1
1
1
1
0
1
1
1
1
1
1
1
0
1
1
1
1
1.14353e-14
1
0
1
1
0
0
1
5.96051e-14
1
1
1
1
1
1
0
0
0
1
1
1
1
1
0
0
1
1
1
1
1
1
1
1
0
1
1
0
9.22595e-14
1
3.2932e-14
1
2.02061e-14
0
0
1
4.62963e-14
1
1.67671e-13
1
1
1
3.47777e-14
1
1
1
1
0
0
2.16493e-14
1
1
0
0
1
0
9.21485e-15
1
0
0
0
0
1
1
9.60343e-15
1
1
2.95319e-14
1
4.75175e-13
0
1
1
1
1
1
1
1
1
1
0
1
1
1
1
3.07809e-14
0
0
1
0
0
1
0
1
1
1
1
0
1
1
1
1
1
0
1
1
1
0
1
0
1
4.25215e-14
1
3.33067e-16
1
1.39888e-14
1
0
1
0
1
1
1
1
0
1
1
1
1
0
1
0
1
1
0
1
9.58955e-15
1
0
1
1
0
1
0
0
0
1.90126e-15
1
1
1
1
1
0
1
1.50213e-13
1
0
0
1
0
1
1.29341e-14
1
1
1
0
1
1
0
1
1
1
1.08441e-13
1
2.51799e-13
1
1
0
1
1
3.87468e-14
1
1
1
0
1.73195e-14
0
1
1
1
1
1.6015e-14
1
1
1
3.16275e-14
7.53841e-14
1.09662e-13
1
1
1
1
1
1
1
1
1
1.11022e-16
1
1
1
1
3.4972e-14
5.28466e-14
1
1
3.33067e-16
0
1
1
1
1
0
1
1
1
8.9373e-14
1
1
1
1
1
0
1
0
1
0
1
0
1
0
9.74221e-15
1
0
1
1
1
0
1
1
8.27116e-15
0
1
1
1
1
1
0
1
1
0
0
0
1
1
1
1
0
0
1
4.31599e-14
0
1
1
1
1
1
1
1.63203e-14
0
1.7959e-12
0
1
4.14113e-14
0
0
0
1
0
1
1
1
1
1
1
0
1
1
4.92939e-14
1.11744e-13
1
0
1
1
1
1
1
1
3.79419e-14
1
1
1
4.60743e-14
1
1
0
1
9.90874e-15
0
0
1
1
0
1
1
1
1
1
1
1
1
1
1
1
3.16414e-15
1
1
1
1
0
1
1
2.89768e-14
1
0
1
1
0
1
1
1
1
1
0
1
1
1
1
1
1
1
1
1
1
1
1
1
1
1
0
0
1
1
1
0
1
1
1
1
1
0
1
1
1
1
1
1
1
5.57887e-15
0
0
1
1
1
1
0
1
1
1
1
1
0
1
1
1
4.71845e-16
0
0
0
1
1
0
1.98619e-13
0
0
1.45439e-14
0
1
1
1
1
1
1
1
1
1
0
1
0
1
1
1
1
1
1
1
1.74305e-14
1
1.39055e-14
1
0
1
1
1
1
1.57513e-14
0
1
1
1
0
1
1
1
1
1
1
1
0
0
1
1
1
1
1
1
1
1
0
1
1
0
1
1
1
1
1
1
1
0
1.09635e-15
1
1
1
1
1
1
1
2.77556e-17
1
1
1
3.95517e-14
1
0
1.77219e-14
1
1
1
1
1
1
1
0
1
1
1
1
1
1
1
1
1
1
0
1
1.32117e-14
7.13318e-15
1
5.07511e-14
1
1
0
1
1
1
3.41255e-14
0
1
4.35763e-15
1
1
1
0
1
0
1
0
0
0
0
1
0
0
0
1
1
1.54252e-13
1
1
1
1
0
0
1
4.37428e-13
1
1
1
6.14786e-15
1
1
0
0
1
1.11022e-14
1.11022e-16
3.71925e-15
1
0
1.19349e-14
0
0
1.04361e-14
1
1
1
2.53686e-14
1
1
1
1
1
1
1
0
1
1
0
0
1
1
1
0
1
1
0
1
9.14546e-15
1
1
0
1
1
1
1
1
8.35165e-14
1
1
1
1
1
4.49502e-14
1
1
1
0
1
1
1
1
1
1
1
1
1
1
1
1
0
2.2829e-14
1
1
0
1
1
1
1
1
1
6.21725e-15
1.77636e-14
1
1
0
1
1
8.9373e-15
4.56524e-13
0
1
0
1
1
1
0
1
1
1
5.25802e-13
1
6.21447e-14
0
1
1.06054e-13
9.10827e-13
0
1.77636e-14
0
1
1
1
1
1
1
1
3.19605e-14
1
0
1
1
0
1
0
0
1
0
1
1
1
0
0
1
1
1
0
1
1
1
1
1
0
1
0
8.95672e-14
1
1
1
1
1
1
1
1
1
0
1
1
1
1
1
2.90046e-15
0
1
0
1
1
3.33067e-15
1
1
1
1
0
1
1
1
1
1
1
1
1
1
3.50553e-14
1
3.69704e-14
1
1
1
1.13243e-14
1
1
1
1
1.84297e-14
1
1
1
3.69149e-14
0
1
1
0
1
1
1
1
1
2.20934e-14
1
1
2.77556e-17
0
0
0
1
4.94049e-14
0
1
0
0
1
0
3.2474e-15
2.53131e-14
1
1
1
1
1
0
0
1
9.83102e-14
1
0
1.13881e-13
0
1
0
1
0
1
1
0
1
1
1
1
1
0
0
1
0
1
1
1
1
1
0
5.55112e-17
1
0
1
5.82867e-16
1
1
1
1
1
1.85407e-14
1
0
1
1
1
1
1
1
1
1
0
9.10383e-15
0
1
0
1
1
0
9.13158e-15
1
1
4.10783e-15
1
1
1
1
1
0
1
1
1
0
1
1
1
1
1
1
1
0
1
1
1
0
1
1
1
1
1
1
9.6867e-15
1
0
1
1
1
1
1
0
1
1
1
1
4.2466e-15
1
1
1
0
1
1.27676e-14
1
1
1
1.88738e-14
1
1
1
0
1
2.76029e-14
1
1
1
1
0
1
1.12133e-13
1
0
2.88047e-13
1
0
1
0
1
1
1
0
1
1
0
0
1
9.63118e-14
1
1
3.0953e-13
2.60902e-14
1
3.93297e-14
0
0
2.52437e-14
0
0
0
1
0
1
2.73115e-14
0
1
0
1
2.59792e-14
1
1
1
4.22995e-14
1
1
1
1
1
1
1
1
1
1
1
1
5.45952e-14
1
1
6.82787e-14
3.60822e-16
2.48135e-14
0
2.33147e-14
0
1.41276e-14
0
1
1
1
1
1
1
0
1
1
1
1
1
1
1
1
1
1
1
1
1
0
1
1
0
1
1
0
0
1
1
1
1
1
1
1
1
1
1
1
1
1
0
5.9952e-15
0
0
0
1
0
0
1
1
1
1
6.46705e-15
0
1
0
1
1
0
1
0
1.38778e-16
1
2.27957e-13
1
0
0
0
1.01891e-13
1
1
1
1
1
1
1
1
1
1
1
0
1
1
1
0
1
1
0
1
9.21485e-15
2.44249e-15
1
0
1
1
1
1
9.52016e-15
1
1
1
1
0
1
1
1
1
1
1
1
1
1
1
0
0
1
1
1
1
9.13158e-15
1
0
0
1
1
1
1
1
1
1
0
1
6.88061e-14
1
1
1
2.95319e-14
1
0
1
1
1
1
1
1
1
1.86517e-14
1
1
1
0
1.96232e-14
1
1
1
1
0
0
1
1
1
1
1
1
1
2.95319e-14
1.06581e-14
1
1.15463e-14
1
0
0
1
1
0
0
1
1
1
0
1
1
1
1
2.38698e-14
0
1
1.1191e-13
1
1
0
0
0
1
1.31006e-14
1
1
1
3.10307e-14
1
1
1
1
1
2.44249e-15
1
1
1.84408e-13
5.25135e-14
1
1
1
1
1
1
1
1
0
1
0
1
0
1
0
1
1
1
1.49325e-14
5.02653e-14
1
1
1
1
1
1
1
1
1
1
9.6867e-15
0
1
1
1
1
1
0
1
1
1
1
1
1
1
1
0
1
1
0
0
1
1
1
0
1
1
1
0
1
1
1
7.99361e-15
1
0
1
1.26565e-14
1
1
1.14353e-14
1
0
1
1
0
1
1
1
1
1
2.38698e-14
1
0
1
1
0
0
1
0
0
1
1
0
1
1
1
0
0
0
1
1
1
0
0
1
0
1
1
0
1
3.81084e-14
1
0
1
1
1
1
6.18394e-14
1
0
0
1
1
0
1
0
1
1
0
1
0
1.55986e-14
1
1
1
0
1
0
1
0
4.65183e-14
1
1
1.77636e-15
1
1
1
1
1
1
1
1
1
1
1
1
1
1.32949e-14
1.27676e-14
0
1
1
1
1
0
0
1
2.28706e-14
1
1
1
1
1
1
1
2.9754e-14
0
0
1
1
1
0
1
1
1
2.02061e-14
1
2.77556e-17
1
1
1
0
0
1
1
1
1
1
-1.11022e-16
1
1
0
1
1
1
1
1
1
1
1
1
0
1.41276e-14
0
1
1
4.14807e-14
1
0
0
1
1
1
1
1
1
1
1
1
3.60822e-16
3.86358e-14
0
0
1
1
0
1
9.63396e-14
0
1.45439e-14
0
1
1
1
1
1
1
1
1
0
8.32667e-16
1
0
1
1
1
1
1
1
1
1
1
1
1
1.06581e-14
1
0
1
2.59792e-14
1
3.45557e-15
1.33227e-14
1
1
2.39808e-14
1
1
1
1
1
1
1
1
0
0
1
1
1
1
1
0
0
0
1
0
1
0
1
1
1.27676e-14
1
1
1
1
2.61083e-13
1
1
1
1
1
4.53249e-14
1
2.36478e-14
1
1
1
2.12053e-14
1
1.44884e-14
0
1
0
1
1
1
1
1
1.93734e-14
1
1
1
0
1
4.4853e-14
1
1
0
0
0
0
3.01564e-14
0
1
0
1
0
0
4.27436e-15
1
1
4.08007e-14
0
1
1
1
1
1
0
1
0
0
1
0
1
0
6.4837e-14
0
1.66825e-13
1
1
9.37306e-14
1
1
1
4.7462e-14
1
0
1.19543e-13
1
8.03061e-14
0
1
0
1
1
1
1
1
0
0
1
0
1
6.16174e-15
1
5.41234e-16
1
1
1
1
1
0
1
1
1
1
1
1
1
1
1
1
0
1.10467e-14
0
1
1
1
0
1
1
0
1
0
1
1
1
1
1
0
0
1
1
1
1
0
1
1
1
1
1
2.38698e-14
1
1
1
1
1
1
1
0
7.99361e-15
1
0
1
1
0
1
1
1
1
1
1
1
1
1
1
1
0
1
3.4639e-14
1
1
1
0
1
1
1
1
1
1.35447e-14
1
1
1
1
0
1
0
1
0
0
1
0
1
0
1
1
1
1.11328e-13
0
1
0
1
1
1
0
1
0
3.0323e-14
1
0
1
1
1
1
1
1
0
1
0
1
0
1
1
1
1
1
1.19349e-14
1
6.245e-14
1
1
1
1
1
1
1
1
0
0
0
1
1
1
1
1
0
1
1
0
1
1
1
1
1
0
1
1
0
2.15217e-13
1
1
1
1
1
0
1
1
1
0
1
0
1
1
5.45397e-15
1
1
1
1
1
0
1
1.4766e-14
1
1
1
1.40249e-13
1
1
1
1
1
1
0
0
6.16174e-15
1
2.77556e-14
7.66054e-15
1
1.24123e-13
0
1
1
1
1
1
1
1
0
1
1
1
2.09388e-13
0
1
0
1.6287e-13
1
1.04777e-13
1
0
0
1
1
1
0
1
1
0
1
2.87548e-14
1
1
4.5608e-13
1
1
1
0
5.02931e-14
1
1
1
1
1.06304e-14
1
1
1
0
3.33067e-15
1
1
1
1
1
1
4.39648e-14
1
1
1
1
1
1
1
0
1
0
1.91513e-14
0
0
1
1
0
1
2.54241e-14
0
1
1
1
2.45082e-14
1
1
1
1
1
1
2.42723e-13
1
1
1
1
1
2.1122e-14
1
0
1
1
1
0
1
1
1
0
0
1
1
1
0
1
0
0
3.57492e-14
1
1
1
1
1
1
1
1
1
0
0
0
0
9.52016e-15
1
8.50431e-14
0
2.25375e-14
0
1
0
1
0
1
0
1
2.23432e-15
1.24623e-13
1
0
1
1
1.23374e-13
1
2.25292e-13
1
0
1.04972e-13
1.79884e-13
1
9.08024e-14
1
1
1
1
1
0
1.82049e-13
1
0
1
1
1
1
8.49321e-15
0
1
1
1
0
1
1
1
1
-1.11022e-16
1
1
0
1
1
1
1.79301e-14
0
1
1
1
1
1
1
1.77636e-14
1
1
1
0
1
1
1
1
0
0
1
0
1
1
1
1
0
1
1
1
1
0
1
1
1
1
1
1
1
0
1
1.08802e-14
1
1
1
0
1.47105e-14
1
1
1
1
1
1
0
1
5.46785e-15
1
1
2.06127e-13
1
1
1
1
1
1
0
1.12965e-14
2.32037e-14
2.88658e-15
1
1
1
1
0
1
1
2.02616e-15
1
0
1
0
1
0
1
0
0
7.03881e-14
1
1
0
1
0
6.55032e-14
2.77556e-17
8.40716e-14
0
1
1
0
1
1
1
1
0
1
1
7.99361e-15
1
1
0
1
0
1
4.86833e-14
1
0
1
1
1
1
9.85323e-15
0
0
1
1
1
0
1
0
6.51146e-14
1
1
1
1
1
1
1
1
0
0
1
1
1
1
0
0
0
0
2.33424e-14
1.6584e-14
0
0
1
1
1
1
1
1
9.18848e-14
1
1
1
0
1
1
1
1.39749e-14
1
1
1
0
1
1
1
1
1
1
1
1
1
1
1
1
1
1
1
1
1
1
1
1
1
1
0
1
0
1
1
1
1
6.82565e-13
1
0
1
0
1
1
1
0
1
1
1
7.03881e-14
0
1
0
5.40679e-14
1
1.75582e-13
1
0
1
1
1
1
1
1
1
1
1
8.99281e-15
2.65343e-14
1
0
1
1
1
1
1
1
1
1
1
2.19269e-14
2.56739e-14
0
1
0
1
7.18869e-15
1
0
1
1
1
1
1
1
1
1
1
1
1
1
0
0
1.23512e-14
1
1
1
1
0
1
1
1
1
4.91274e-15
1
1
1
1
1
1
1
1
2.36922e-13
1
1
1
1
1
1
1
4.16334e-16
1
1
1
0
1
1
1
1
1
1
1
1
0
1
1
1
1
1
1
1
1
0
1
1
1
1
0
0
9.21485e-15
0
1
1
0
0
1
1.82077e-14
1
1
1
0
1
1
1
1
0
1
0
1
1.59206e-13
1.71446e-13
0
9.15934e-16
1
4.72816e-14
0
4.57412e-14
1
3.34593e-14
1
1
1
1
1
0
1
1
0
1
1
1
0
0
1
0
1
1
0
1
5.50948e-15
1
0
1
8.18789e-15
1
0
1
1
1
4.24105e-13
0
1
1
1
1
1
1
0
0
2.20379e-14
1
0
1
1
1
-4.16334e-17
1
3.4972e-14
0
1
1
1
1
1
1
1
1
1
1
1
1
1
1
1.03251e-14
1
0
1
0
1
1
1
4.95437e-14
1
8.65974e-15
2.92127e-14
1
1
0
1
1
1
0
1
1
1
1
1
1
1
1
1
0
0
0
1
0
4.08562e-14
1
1
1
1
0
0
0
1
1
1
1
0
1
0
0
7.88813e-14
1
9.69502e-14
0
1
0
1.58396e-12
0
4.63435e-13
0
0
0
1
1
4.57967e-14
1
1
1
1
1
1
1
4.82947e-14
1
1
1
0
1
1.6237e-14
0
1
0
1
1
0
1
0
1
1
1.72085e-14
1
1
1
1
2.71339e-13
0
1
1
1
1
1
1
1
7.11931e-15
1
1
0
1
1
1
4.06342e-14
1
1
2.96985e-14
0
1
1
1
0
5.66214e-15
1
1
1
1
1
1
1
1
0
1
0
1
0
1
0
1
2.9643e-14
1
1
1
0
1
0
1
1
8.07687e-15
1
0
1
1
1
0
1
1
1
0
0
1
1
1
1
0
1
1
1
1
0
1
0
3.64986e-14
4.85723e-14
1
1
1
1
1
1
0
0
0
1
1
8.94423e-14
7.02771e-14
8.12683e-14
1
0
1
1
1
0
1
1
1
1
1
0
1.00475e-14
1
0
1
0
1
0
0
1
1
3.33067e-14
1
1
1
1
1
0
1
1
7.77017e-14
1
1
1.0536e-13
0
1
1
1
1
1
1
1
1
1
1
1
0
1
1
1
1.78191e-14
1.39194e-14
1
0
1
1
0
1
1
1
1
1
1
1
1
1
1
1
1
0
1
0
1
1
1
1.98175e-14
1
1
1
1
1
1
1
1
1
1
0
1
1
1
1
1
0
1
1
1
0
1
1
2.06501e-14
0
1
2.98095e-14
1.50435e-14
1
0
1
1
1
1
0
1
0
0
1
2.64788e-13
1
0
1
2.25986e-13
1
1
1
1.0264e-13
0
1
1
0
1
0
3.93019e-14
1
0
4.14946e-15
0
0
1
1
1
1
1
1
1
1
1
1
1
1
1
1
1
0
1.15408e-13
0
1
1
1
1
1
1
1
1
1
1
0
1
1
7.43849e-15
0
0
1
1
1
1
1
1
1
1
1
1
1
1
1
1
0
1
1
1
1
1
1
1
1
1
0
1
1
1
1
1
1
1
1
1
0
0
1
1
1
1
1
1
1
1
1
1
1
1
3.4861e-14
3.41394e-14
1
1
1
1
6.43929e-15
1
1
1
1
0
1.64868e-13
2.42029e-14
0
1
0
1
0
1
0
1
8.68194e-14
1
1
1
1
1
0
1
3.50275e-14
6.32827e-15
1
4.50195e-14
1
0
1
0
0
1
1
1
1
0
1
1
0
1
1
1
1
1
0
0
0
1
1
1
1
1
1
1
1
1
1
1
1
1
1
2.12885e-14
0
0
1
1
0
1
1
1
1
1
1
0
1
1
1
1
1
0
1
1
1
1
1
1
1
7.50788e-14
1
0
1
5.69267e-14
1
1
1
1
1
1
1
1
1
1
1
1
0
1
1
1
1
1
1
0
0
7.33857e-14
1
1
1
1
2.09971e-14
1
1
1
8.01581e-14
1
0
3.22659e-14
1
1.84824e-13
1
0
0
4.93772e-14
1
7.40241e-14
1
1
1
1
1
1
1
0
1
1
0
1
1
1
1
1
1
0
1
1
1
0
1
1
0
1
1
1
1
1
1
1
1
1
1
1
1
1
1
1
1
1
1
0
1
1
1
1
2.77556e-17
1
1.45439e-14
7.86038e-14
1
0
1
3.34177e-14
1
1
2.78944e-14
1
1
1
1
1
1.90126e-14
1
0
1
1
1
1
1
1
1
1
1
1
1
1
1
1
1
1
1
1
1
1
1
1
1
1
1
1
1
1
1
1.0697e-13
0
4.27575e-14
1
1
1
1
1
1
1
1
0
1
6.62803e-14
0
7.91589e-14
0
4.99045e-14
4.37428e-14
1
9.37445e-14
0
1
1
0
4.35485e-14
1
1
1
1
0
0
0
8.21565e-15
1
1
1
1
1
1
1
1
1
1
1
1
1
1
1
0
1
2.01228e-15
1
9.6867e-14
0
1
1
1
1
1
1
1
1
1
1
1
1
1
0
1
4.24105e-14
1
1
1
1
1.03251e-14
1
3.23214e-14
1
1
1
0
1
1
1
0
1
1
1
1
1
0
1
3.51941e-14
1
2.88797e-14
1
1
1
0
1
3.44169e-15
1
0
1
1
1
1
1
1
0
1
0
1
1
6.81677e-14
1
1
3.72896e-14
1.58429e-13
2.6934e-13
1
1
0
0
1
1
0
3.19467e-14
1
1.2923e-13
1
0
2.30926e-14
0
0
1
0
1.36696e-14
1.41442e-13
1
1.36086e-13
1
1
0
1
1
1
0
0
1
0
0
1
1
1
1
1
1
1
1
1
1
1
1
1
1
1
1
1
1
1
0
0
1
1
1
1
1
1
1
1
1
1
1
1
1
0
0
1
1
1
1
0
0
1
1
1
1
1
1
1
1
1
0
1
1.90126e-14
1
4.25215e-14
1
0
1
0
1
0
1
0
1
6.245e-15
1
0
1
0
1
2.03726e-14
1
1
1
1
1
0
1
1
1
1
1
1
1
8.92619e-14
5.2125e-14
0
0
3.48055e-14
1
4.96825e-15
2.32037e-14
0
1
0
0
1
0
0
1
0
1
0
2.00506e-13
2.13857e-14
1
2.00062e-13
1
1
1
1
1
1
1
0
1
1
1.43404e-14
1
1
1
1
0
1
1
1
1
1
1
1
0
1
4.84751e-14
1
1
1
1
1.18239e-13
1
1
1
1
1
1
1
1
1
1
1
1
1
1
1
1
2.55351e-15
1
0
1
0
2.19269e-14
3.26683e-14
1
1
1
1
0
1
1
1
0
1
1
1
1.17129e-14
1
0
1
1
1
1
1
4.94049e-14
1
1.13576e-13
1
1
1
6.02296e-14
1
1.76803e-14
1
5.00711e-14
1
1
1
1
1
0
1
1
5.3707e-14
1
4.60326e-14
1
8.65974e-14
1
1
0
1
1
1
1.6917e-14
1
0
5.63993e-14
0
0
1
4.08895e-13
2.74128e-13
0
2.03559e-13
1
0
3.42504e-14
1
1
1
0
1
1
1
1
0
0
1
1.47845e-14
1
1
1
1
1
1
1
1
1
1
1
1
5.29993e-14
1.24345e-14
1
1
1.01585e-14
1.32117e-14
1
1
1
1
1
1
1
1
1
1
1
1
1
1
1
1
1
1
1
1
1
1
0
1.00198e-14
0
1.64035e-14
0
1
1
0
1
1
1
5.2458e-15
1
0
1
0
1
1
1
1
1
4.26326e-14
1
0
1
1
1
1
1
1
1
1
1.03251e-14
1
1
0
1
1
6.50591e-14
1
1
1
1
1
0
0
0
0
1
1
1
1
0
1
1
1
0
3.17191e-13
6.34492e-14
0
0
6.109e-14
4.97935e-14
0
1
0
1
1
1
0
3.03924e-14
1
1
1
0
2.96985e-14
0
1
2.45359e-14
1
0
0
1
0
1
1
0
1
1
1
1
1
1
1
1
0
1
1
2.29816e-14
0
1
1
1
1
1
1
1
1
1
1
1
1
1
0
0
0
1
1
0
1
1
0
1
1
0
1
0
1
1
1
0
1
1
1
0
1
0
1
0
1
4.54775e-14
1
1
1
1
1
0
1
1
1
1
1
1
1
0
0
0
1
1
1
1
1
1.09357e-14
5.00988e-14
0
0
1
1
1
1
1
1
1
0
1
2.03282e-13
1
3.04201e-14
0
1
0
1
0
2.3237e-13
1.36433e-13
1
8.67917e-14
1
6.18672e-14
1
1
1
1
1
0
1
1
0
1
1
1.11022e-16
1
1
1
0
1
0
7.16094e-15
1
1
1.13659e-14
2.53408e-14
1
1
1
1
1
4.24105e-14
1
1
1
1
1
1
1
1
1
1
1
1
1
1
0
0
1
0
0
1
0
1
0
1
0
1
1
0
1
1
1
0
1
1
1
0
1
1
1
1
1
1
1
1
1
1
1
1
1
0
1
1
1.88738e-15
1
1
0
1
1
1
1
1
1
1.78746e-14
1
1
0
0
1
0
1
1
1
1
1
1
5.61773e-14
4.14113e-14
1
0
1
0
0
1.11355e-13
1.22902e-13
3.49859e-14
9.46465e-15
1
0
1
1.31561e-13
3.8719e-14
1
1
1
1
0
2.74503e-14
1
0
1
0
1
1
1
1
1
1
1
1
1
1
1
1
1
1
1
1
1
0
0
1
1
1
1
1
1
1
1
1
1
1
1
1
1
1
0
1
1
1
1
1.06581e-14
1
1
1
1
1
0
1
1
1
1
1
0
1
0
1
0
1
0
1
2.07612e-14
1
0
1
0
1
1.87628e-14
1
0
1
1
1
1
1
1
1
1
0
1
1
1.95399e-14
1
1
1
0
0
1
4.17721e-15
7.10126e-14
0
0
0
1
0
0
0
1.08524e-14
0
1
1.66311e-13
0
1
0
1
2.97262e-14
1
1
1
1
1
1
1
1
4.50334e-14
9.83658e-14
4.74065e-14
1
2.76779e-13
1
1
1
1
1
1
1
1
1
1
1
1
1
1
1
1
1
1
1
1
1
1
1
1
1
1
1
1
1
1
1
1
1
1
0
1
1
1
0
1
1
1
1
1
1
1
1
0
1
1
6.29496e-14
1
1
1
1
0
1
1
1
0
1
0
1
0
1
1
1
1
1
4.62269e-14
1
1
0
1
1
1
1
1
1
1
1
1
1
1
1
0
2.93839e-14
1
1
1
0
0
5.7454e-15
1
1
0
0
1
0
1
1
0
5.4845e-14
0
2.29816e-14
0
8.03663e-14
7.8465e-14
1
0
0
1
1
0
0
0
0
1
0
1
1
0
1
1
1
0
1
0
0
0
1
0
0
1
1
4.06897e-14
1.65701e-14
1
0
4.16056e-14
1
1
1
1
1
1
1
1
1
1
0
1
0
1.68476e-14
4.30767e-14
1
0
0
0
3.15858e-14
0
0
1.37945e-14
1
1
1
5.00433e-14
1
1
1
1
1
0
1
3.81362e-14
1
1
1
5.60108e-14
1
1
1
1
1
0
1
8.32667e-15
1
0
1
1
1
1
0
1
1
0
1
1
0
1
1
1
1
0
0
1
3.31402e-14
1
0
1
1
1
0
1.91791e-14
2.67564e-14
0
3.83304e-14
0
1.99285e-14
6.93473e-14
0
0
0
0
1
1
1
0
1
1
1
1
1
0
1
1
0
3.7137e-14
1
1
1
1
1
1
1
1
1
1
1
1
1
1
1
1
1
1
0
1
1
1
1
1
1
1
1
1
1
1
1
0
1
0
1.79856e-14
0
1
1
5.0418e-14
1
1
1
0
0
1
1
0
1
1
1
1
1
5.47618e-14
1
0
1
1
1
0
1
4.26326e-14
1
7.10543e-15
1
1
1
1
1
0
1
1
2.78805e-14
1
4.3715e-15
1
1
1
1
1
1
1
1
1
1
0
3.25665e-14
1.9762e-14
1
1
0
0
1
1
1
1.41831e-14
8.53206e-14
0
1.64313e-14
9.01501e-14
1.78746e-14
6.93473e-14
1
0
0
2.75613e-14
1
1
1
0
1
1
1
1
1
0
8.99281e-15
1
0
1
1
1
1
1
1
0
0
1
1
0
1
1
0
1
1
3.03785e-14
1
1
1
1
1
1
1
1
1
1
1
1
1
1
1
1
1
1
1
1
2.23432e-14
1
3.69843e-14
1
1
2.28151e-14
0
9.21485e-15
1
1
0
1
1
1
0
1
1
1
1
1
1
1
1
1
4.47697e-14
1
1
1
1
1
1.01585e-14
1
5.67324e-14
1
1
3.79835e-14
1
1
1
1
1
0
2.79637e-14
1
4.57412e-14
0
1
0
0
1.82632e-14
1
1
1
1
1.05055e-14
0
1
0
5.0529e-14
0
8.43769e-14
0
1
1
3.00593e-14
1
1.07581e-13
0
0
5.99798e-14
1
1
7.70217e-15
1
1
1
1
1
1
6.68354e-14
1
0
1
1
2.70478e-14
1
1
1
1
1
1
1
1
1
1
1
1
1.68754e-14
1
0
1
8.77076e-15
0
1
1
1
1
1
1
1
1
1
1
1
1
1
1
0
1
1
0
1
1
2.96013e-14
1
1.3059e-14
1
1
1
6.15064e-14
1
0
1
2.24126e-14
1
1
1
1
1
1
1
0
1
0
1
0
1
0
1
1
1
1
1
0
1
1
1
1
1
1
1
1
1
1
1
1
1
8.09353e-14
1.56319e-13
1
1
1
1
2.59237e-14
1
1
1
1
4.71845e-14
0
0
0
0
0
1.09329e-13
0
1
2.20768e-13
1
1.26343e-13
1
1
0
1
1
1
1
9.9365e-15
2.55351e-14
1
6.63173e-14
1
1
1
0
1
1
1.43219e-14
1
1
1
0
1
1
1
1
1
1
1
1
2.29816e-14
0
1
1
1
1
1
1
1
1
1
1
1
1
1
0
0
0
0
1
0
1
1
0
1
1
1
1
1.03861e-13
1
1
1
1
1
1
1
1
1
1
1
0
1
5.02376e-15
1
2.85327e-14
1
8.04218e-14
1
0
1
1
1
1
1
1
1
1
1
1
1
1
1
1
1
1
1
0
3.33067e-15
1
1
1
0
1
0
1
1
1
0
0
1.21625e-13
1
0
0
1
0
0
7.6994e-14
0
1
1
0
6.45595e-14
1
1
1
1
1.7486e-14
0
1
3.4824e-14
1
1
1
1
0
0
1
1
1
1
1
2.89213e-14
1
1
3.28626e-14
1
1
1
1
3.71925e-14
0
1
1
1
1
1
1
1
1
1
1
1
1
0
1
1
0
1
0
1
1
0
1
1
1
1
1
3.19744e-14
1
1
1
1
1
0
1
0
1
1
1
0
1
1
1
0
1
1
1
1
1
1.50852e-14
1
1
9.65616e-14
1
0
1
1
1
1
1
1
1
3.77476e-15
1
1
0
0
0
9.71445e-16
1
1
1
1
1
1
7.00551e-14
0
1
1.21875e-13
1
1
1.51448e-13
1
0
7.51066e-14
7.23033e-15
2.04836e-14
1
1
0
1.78024e-13
1
1
1
1
3.24185e-14
0
1
8.77076e-15
1
0
1
1
1
1
1
0
1
1
1
1.21014e-14
0
1
1
0
1
1
1
0
0
1
1
1
1
1
1
1
1
1
1
1
1
1
1
1
0
1
1
0
0
0
1
4.47004e-14
1
1
1
5.4623e-14
1
1
1
1
1
1
1
1
1
1
1
1.88738e-15
1
1
1
1
1
0
1
1
1
1
1
1
3.05034e-14
1
1
1
1
0
1
1
1
1
1
1
1
0
0
1
1
1
0
1
1
0
1
1
0
0
0
0
1
2.68396e-14
1
0
1
6.05072e-14
0
1
1
2.91434e-16
0
1
1
1
1
1.15574e-13
1.22874e-13
1
2.58737e-13
0
0
0
1
4.60743e-15
1
1
1
1
0
1
1
0
1
1
1
1
1
1
6.96665e-14
1
1
1
1
1
1
1
1
1
1
1
1
0
1
1
2.97262e-14
1.80966e-14
1
1
0
9.52016e-15
1.49603e-14
1
1
5.91888e-14
1
1
1.52656e-15
1
1
1
0
1
0
1
1
1
1
1
1
1
0
1
4.73233e-14
1
0
1
1
1
0
1
0
0
1
1
1
1
1
0
1
1
1
3.94962e-14
1
0
8.83182e-14
1.08358e-13
4.63518e-15
1
1
1
9.71445e-15
1
0
1
0
6.14508e-14
5.57776e-13
0
1
8.52651e-14
0
1
2.44527e-14
3.15581e-14
8.96505e-14
1
1
1
0
0
1
1
1
1
0
0
1
0
1
1
0
1
1
1
1
1
1
1
1
2.22322e-14
1
1
1
1
1
1
1
5.01266e-14
1.27259e-14
1
1
1
1
1
1
1
1
1
1
1
1
0
1
0
1
1
1
1
1
2.59792e-14
1
1
1
1
1
0
1
1
1
1
1
2.77556e-17
1
1
1
0
1
0
1
0
1
4.05231e-14
1
0
1
1
1
0
1
1
0
1
1
1
7.13318e-15
1.24345e-14
1
1
1
1
1
1
1
6.83897e-14
6.02851e-14
0
1
0
1
1.82215e-14
1
9.57567e-16
1
0
9.12603e-14
1
0
1
1
2.25486e-13
1
9.12465e-14
1.45661e-13
1.52933e-13
1
1
1
7.65082e-14
1
1
1
1
1
4.65183e-14
1
1
1.9984e-15
1
1
1
1
1
1
1
1
1
1
1
1
1.94705e-14
1
1
1
3.93574e-14
1
1
0
0
1
1
1
1
1
1
1
1
1
1
1
1
1
0
1
0
1
0
0
0
1
0
1
1
1
1
0
1
1
1
1
1
1
1
1
1
1
1
1
1
1.249e-15
1
0
1
1
1
1
1
0
1
1
2.36894e-14
1
1
1
1
1
0
1
1
1
1
1
1
8.13793e-14
3.68039e-14
1
1
1
1
0
1
1
1
1
0
1
0
1
0
0
1
1.05332e-13
1
2.52354e-13
0
1
1
1
1
1
1
1
1
0
1
1
0
1
1
1
1
1
1
1
1
1
1
1
1
0
1
1
1
0
1
1
1
5.50671e-14
1
1
1
1
1
1
1
1
1
1
1
1
5.45675e-14
1
1
1
0
1
1
5.01821e-14
1
0
1
1
1
1
3.39173e-14
1
1
1
1
1
0
1
1.69864e-14
1
6.90559e-14
1
4.58522e-14
1
1
1
1
1
1.64313e-14
1
1
1
2.2482e-14
1
1
0
1
1
1
1
1
1
1
1
1
1
1
1
0
0
3.65263e-14
1
1
0
1
1
1
1
1
0
1.22458e-13
0
1
1
0
1
5.10703e-14
0
0
3.40006e-15
1
1
0
0
1
1
1
6.11733e-14
9.09828e-14
0
1
1.39722e-13
1
1
2.70478e-14
1
1
1
1
1
0
1
1
1
4.45477e-14
0
1
1
1
0
1
0
6.47538e-14
1
1
1
1
1
1
1
1
1
1
1
1
1
3.52635e-14
3.85664e-14
1
1
0
1.21014e-14
0
1
0
3.88994e-14
1
1
1
3.46667e-14
1
1
1
2.77556e-17
1
1
1
1.12965e-14
1
1
1
1
1
0
1
1
1
1
1
1
1
1
1
1
0
1
1
1
1
1
1
1
1
1
1
1
1
2.74225e-14
8.48951e-14
1
0
1
1
0
1
1
1
1
1
1
0
0
0
0
8.67084e-14
0
1
1.87961e-13
2.5091e-14
1
1
0
1
1
1
1
1.04083e-15
0
0
6.01741e-14
0
1
1
1
1
1.11855e-14
1
1
1
0
1
0
1
1
1
1
0
1
0
1
0
2.18436e-14
1
1
1
1
1
1
1
1
1
1
1
1
1
0
1
0
1
4.59077e-14
0
1
1
1
0
1
1
1
3.79557e-14
1
1
1
0
1
1
1
1
1
2.45359e-14
1
0
1
0
1
1.66533e-16
1
0
1
0
1
1
1
0
1
1
1
1
1
0
1
1
1
8.27116e-15
1
1
0
6.4837e-14
3.45834e-14
1
1
0
0
4.45199e-14
0
1.05471e-15
1
1
1
6.75016e-14
0
1
0
0
6.87228e-14
1.05332e-13
1
2.52354e-13
0
1
1
7.65082e-14
1
1
1
1
1
0
1
1
0
1
1
1
1
7.63001e-14
1
1
1
1
1
1
1
1
1
0
0
1
1
1
0
4.44922e-14
1
1
1
1
1
1
1
1
1
1
1
1
1
7.99361e-15
1
0
0
1
0
1
0
1
0
1
0
1
3.39173e-14
1
1
1
2.84217e-14
1
1
1
1.69864e-14
1
6.90559e-14
1
4.58522e-14
1
1
1
1
1
0
1
1
1
0
1.12688e-14
1
0
1
1
4.61298e-14
0
1
1
1
0
1
1
5.55112e-15
0
0
0
1
1
8.01303e-14
0
1
1
1
1
1
0
1
0
1
0
0
0
1.19793e-13
1
0
1
1
1
0
1
1
1
1
1
0
0
1
0
1
1
1
1
1
1
1
1
1
0
1
1
0
1
1
1
1
1
1
0
3.39728e-14
1
1
1
1
1
1
1
1
1
1
1
1
1
1
1
0
1
1
1
1.77636e-15
1
1
1
1
1
1
5.50393e-14
1
1
1
0
1
1
1
0
1
1
1
0
1
1.19349e-15
1
6.39211e-14
1
1
1
0
1
0
1
1
0
1
1
1
1
1
1
1
1
0
5.55528e-14
1
0
0
0
1
0
1
0
0
0
1
0
1.03528e-14
0
1
0
1
9.29257e-14
0
1
1.45634e-13
0
0
1
1
1
7.68829e-15
0
1
1
0
1
1
1
1
8.07132e-14
0
4.67404e-14
0
1
0
0
1
1
0
0
1
1
5.76622e-14
1
9.99201e-16
1
0
1
1
0
1
1
1
1
1
1
1
1
1
1
1
0
1
1
1
0
0
1
0
4.09117e-14
0
0
0
9.4369e-15
1
1
1
0
1
1
1
1
1
1
1
1.48492e-14
1
1
1
1
1
1
1
0
1
1
1
0
1
9.58955e-15
1
1
1
1
1
0
1
1
1
0
1
1
1
1
1
4.44089e-15
3.65818e-14
1
0
1
1
1
1
1
0
3.99403e-14
6.81677e-14
1
0
0
1.23235e-14
2.04559e-13
1
0
1
0
0
1
1
1
1
1
1
1
1
9.64784e-14
1
1
0
1
1
0
1
0
1
0
1
0
1
1
0
2.70339e-14
1
1
1
1
1
1
0
4.40759e-14
1
1
1
1
1
1
1
1
1
1
1
1
1
1
0
1.27398e-14
0
2.9976e-14
2.37588e-14
0
1.87628e-14
1
1
1
1
1
0
1
1
1
2.44249e-15
1
7.78266e-14
1
1
1
0
1
1
1
0
1
0
1
0
1
1
1
2.17604e-14
1
1
6.45317e-15
1
1
1
1
1
1
1
0
1
1
1
1
0
0
1
1
1
1
0
1
1.87628e-14
1
1
8.21565e-15
5.58442e-14
0
1
0
7.55507e-14
1
0
3.67206e-14
0
0
1
1
1
0
1
1
1
1
7.80487e-14
5.82034e-14
1
1.63758e-14
1
5.81757e-14
1
1
0
1
1
1
1
1.04805e-13
1
1
0
0
1
1
0
1
1
0
0
1
1
1
1
1
1
1
1
1
1
1
1
1
6.14647e-14
1
0
1
1
4.59355e-15
2.05808e-14
1
0
0
1
1
1
0
1
6.92502e-14
1
1
1
1
1
0
1
1
1
1
1
0
1
0
1
1
1
1
1
1.33227e-14
1
1
1
1
1
0
1
1
1
1
1
1
1
1
1
0
1.75637e-13
1
0
1
1
1
2.26208e-15
1
1
1
6.46705e-14
1
1.02751e-13
1
1.06026e-13
0
0
0
0
0
0
1
1
1
1.78468e-14
1
1
1
1
1
0
1
8.22398e-14
1
1
1
5.82451e-14
1
1
0
0
1
1
0
1
1
1
1
0
0
0
1
0
0
1
1
1
1
1
1
1
1
1
1
8.99281e-15
1
1
1
0
1
0
1
0
1
1
0
2.58821e-14
1
1
1
5.77177e-14
1
1
0
8.61811e-15
1
1
1
0
1
1
1
0
1
1
1
1
1
2.67286e-14
1
0
1
1
1
1
0
1
1
0
1
1
1
1
1
1
1
1
1
1
0
1
0
1
1.52239e-14
1
1
0
1
1
2.50355e-14
0
0
1
1
1.19738e-13
1
1.08941e-13
1
2.27401e-13
0
2.43694e-14
1
0
1
1
1
1
0
1
4.30211e-15
1
0
1
1
1
1
1
1
1
1
1
1
1
1
1
1
1
1
1
0
1
0
0
1
1
1
1
1
1
1
1
1
1
1
1
1
0
1
1
1
1
2.86715e-14
1
1
1
2.73115e-14
1
1
1
1
1
1
1
6.58223e-14
1
0
1
1
1
0
1
0
1
0
1
3.18634e-14
1
7.29417e-14
1
3.57492e-14
1
0
1
1
1.63647e-13
1
1
1
0
0
1
1
0
1
1
1
0
1.9551e-13
1.03029e-13
1
1
0
1
1.6126e-14
1
0
0
7.82707e-15
4.75175e-14
1
0
0
0
0
1
2.22128e-13
1
0
6.29496e-14
0
1
1
0
1
1
1
1
9.58122e-14
0
1
7.03326e-14
0
1
1
1
1
1
1
1
0
1
1
2.39808e-14
1
0
3.91631e-14
1.53766e-14
0
0
1
6.71685e-15
0
1
1
1
1
1
1
1
1
1
1
1
1
0
2.44249e-14
0
0
1
0
1
1
0
0
0
1
1
1
0
1
1
1
1
1
1.24345e-14
1
1
1
0
1
1
1
7.46347e-14
1
0
1
1
1
0
1
1
1
1
1.81383e-14
1
1
1
0
1
0
0
1
1
1
1
1
1
9.60343e-14
1
1
1
1
1.76525e-14
1
1
1
1
0
1
-1.11022e-16
0
1
0
1
0
1
0
1
1
1
1
1.76831e-13
1
1
1
1
0
5.18335e-14
1
0
1
0
0
1
3.95239e-14
1
1
1
1
1
1
3.38618e-14
1
1
0
0
1
1
1
1.04639e-13
1
1
1
1
1
1
1
1
1
1
1
1
1
0
1
1.11022e-14
2.35367e-14
4.51306e-14
1
1
1
0
1
0
1
7.11653e-14
1
5.58581e-14
1
1
1
0
1
0
1
1
1
0
1
0
1
0
1
1
1
0
1
1
1
0
1
0
1
1.33699e-13
0
1
1
0
0
1
0
1
3.09752e-14
0
1
0
7.14984e-14
1
1
0
0
0
1
1
1
1
0
1
7.55229e-14
1.10689e-13
1.51101e-13
0
1
0
1
0
1
1
1
1
1.76748e-13
1
1
1
1
0
1
1
0
1
1
1
2.40641e-14
0
1
4.8711e-15
1
0
1
1
1
1
1
1
1
1
1
1
0
0
1
1
1
1
1
1
1
1
1
1
1
1
1
1
1
0
0
0
0
1
1
1
1
1
1
1
2.9643e-14
1
1
1
1
1
4.1217e-15
1
1
1
1
1
3.33067e-15
1
1
1
0
1
0
1
1
1
1
1
1
1
1
1
1
1
1.24345e-14
1
5.46785e-15
2.83107e-15
1
1
1
1
0
1.95843e-13
1
1
1
1
1
1
1
1
1
1.0314e-13
1
0
0
1
2.04559e-13
1
0
1
0
1
1
1
8.76105e-14
0
1
1
1
1
3.48055e-14
0
1
6.95e-14
0
1
1
1
1
1
1
1
1
1
1
1
1
1
4.60743e-14
3.18079e-14
1.27676e-15
1
1
1
4.58522e-14
1
1
1
1
1
1
1
1
1
1
1
1
1
0
0
1
1
1
1
8.46545e-16
0
0
0
1
1
1
0
1
1
1
5.4512e-14
1
3.33067e-14
1
1
1
1
1
1
1
1
1
8.60423e-15
1
1
1
1
1
0
1
1
3.39867e-14
1
0
1
1
1
1
1
1
1
1
1
1
5.20695e-14
1.03917e-13
1
1
1
1
1
5.40124e-14
1
1
1
0
0
1.34309e-13
5.45952e-14
1
0
0
0
1
1.87794e-13
1
0
1
2.81997e-14
3.93574e-14
1
3.62627e-14
0
2.04975e-14
0
0
1
0
1
1
1
1
1
1
0
1
1
1
1
0
1
1
0
1
0
1
1
1.07359e-13
0
1
1
1
1
1
1
1
1
1
1
4.94049e-15
1
1
0
1
1
0
1
1
1.55986e-14
0
0
1
1
1
1
3.78586e-14
1
1
5.43177e-14
1
1
5.34434e-14
1
1
1
1
1
1
1
6.88338e-15
1
1.26565e-14
1
1.65423e-14
1
1
1
1
1
1
0
1
0
1
1
1
1
1
1
1
1
1
1
5.63993e-14
7.02771e-14
1
1
1
1
0
1
5.44009e-14
1
1
1
3.38618e-14
0
1
1
0
1
9.12465e-14
1
1.52933e-13
1
1
1
7.65776e-14
1
1
1
1
1
5.88418e-15
0
1
0
0
1
0
1
1
1
1
1
1
1
0
0
0
1
1
1
1
1
1
0
0
1
1
1
1
1
1
1
1
1
1
1
1
1
1
0
1
1
1
0
1.66533e-15
0
0
1
1
0
1
3.39173e-14
1
1
1
0
1
0
1
0
1
1
1
0
1
1
1
0
1
1
1
1
1
1
1
1
0
1
1
3.38896e-14
1
1
1
0
1
1
1
5.72598e-14
1
0
-9.25186e-18
3.65263e-14
0
1
4.41591e-14
1
4.26187e-14
1
1
1
0
1
0
1
0
2.25486e-13
1
1.41109e-13
1
0
1.87267e-13
1
1
7.65082e-14
1
1
2.91156e-14
0
1
4.65183e-14
0
1
1.9984e-15
1
1
1
1
0
1
1
1
1
1
1
1
1
1
1
1
1
1
1
0
0
1
1
1
1
1
1
1
1
1
1
0
1
1
1
3.28626e-14
0
1
1
1
1
1
0
1
1
1
1
3.39173e-14
1
1
1
1
1
1
1
1.69864e-14
1
0
1
1
1
1
1
3.69149e-14
1
0
1
0
1
1
1
1
0
1
1
1
1
1
1
0
1
1
1
1
1
8.13793e-14
3.68039e-14
1
0
1
1
1
1
1
1
1
0
1
0
1
0
0
1
1.83992e-13
0
0
1.27259e-14
1
1
0
1
1
1
1
1
1.01252e-13
1
1
1.04361e-13
1
0
1
1
0
6.12843e-14
0
1
0
1
1
1
6.99441e-14
3.475e-14
0
1
0
1
1
1
1
1
1
1
1
1
1
1
1
1
1
1
1
1
1
1
0
1.16573e-14
9.20514e-14
1
0
0
0
1
1
1
1
1.93734e-14
1
1
1
0
1
1
1
9.85323e-15
1
1
1
1
1
1
1
1
1
2.87548e-14
1
0
1
1
1
-2.77556e-17
1
1
1
1
1
1
1
1
1
1
1
1
1
1
9.34808e-14
1
0
1
1
1
1
1
0
1
5.88418e-14
1
3.78586e-14
1.00614e-13
4.09672e-14
0
2.18159e-14
0
1
9.75053e-14
1
0
1
0
1
1
1
1
1.06998e-14
0
0
1
6.43189e-14
1
1
1
1
1.48492e-14
1
1
1
1
1
0
1
0
1
1
1
1
1
1
1.07359e-13
0
1
1
1
1
1
1
1
1
1
1
1
1
1
0
1
0
2.77556e-17
1
0
1.46549e-14
0
1
1
1
1
1
0
1
1
1
1
1
8.46545e-15
1
1
1
3.96488e-14
1
4.19664e-14
1
1
1
0
1
1
1
0
1
0
1
1
9.49241e-15
1
1
1
1
1
1
1
1
1
7.06102e-14
1
1
5.11813e-14
0
1.15602e-14
1
5.49283e-14
1
1
4.45199e-14
1
0
4.87388e-14
0
3.38896e-14
0
1
0
2.25486e-13
1
1.41109e-13
1
0
1.87267e-13
1
1
1
1
1
1
1
5.0418e-14
4.65183e-14
1
1
1.9984e-15
1
1
1
1
1
1
1
1
0
1
1
1
1
1
1
1
1
0
1
0
0
1
1
1
1
1
1
1
1
1
1
1
1
5.45675e-14
0
1
0
1
0
1
1
1
0
3.92048e-14
1
1
1
3.39173e-14
1
1
1
2.33147e-15
1
1
1
1.69864e-14
1
1
1
1
1
1
1
3.69149e-14
1
0
1
1
1
7.74936e-14
1
1
0
1
1
9.79772e-15
1
1
1
1
1
1
1
1
0
0
0
1
0
1
1
1
0
0
1
1
0
1
0
1
0
2.25486e-13
1
4.78506e-14
1
0
0
1
1
0
1
1
1
1
1
0
3.35426e-14
1
0
1
1
1
1
1
1
1
0
1
1
0
1
0
1
1
1
1
1
1
0
0
1
1
1
1
1
1
1
1
1
1
1
1
5.45675e-14
1
1
1
1
1
1.11022e-15
5.01821e-14
1
1
1
1
1
1
7.6078e-14
1
1
1
1
1
0
1
1.69864e-14
1
1
1
0
1
1
1
9.85323e-15
1
1.64313e-14
1
1
1
1
1
1
0
1
1
1
1
1
1
1
0
1
1
1
1
0
0
0
1
1
1
1
0
1
1
1
0
1.22458e-13
0
1
0
0
1
5.10703e-14
1.75415e-14
0
3.40006e-15
1
1
1
0
1
1
1
1
1.11466e-13
1
0
6.91669e-14
4.00929e-14
1
1
0
8.07687e-15
0
1.74305e-14
1
1
1
0
1
1
0
1
1
0
1
1
1
1
1
1
1
1
1
1
1
1
1
1
1
1
1
0
3.85664e-14
0
1.16573e-14
4.19664e-14
1.21014e-14
1
1
0
1
1
1
1
3.46667e-14
1
1
1
2.77556e-17
1
1
1
1.12965e-14
1
0
1
1
1
1
1
1
1
1
1
1
1
1
1
1
1
1
1
0
1
1
1
1
1
1
1
1
1
0
0
1
1
0
1
1
1
1
1
1
0
1
0
0
1.23235e-14
0
0
0
1
0
1.1588e-14
1
1
1
0
1
1
1
1
1.69476e-13
1
1
0
1
1
0
1
1
1
1
0
1
1
7.13318e-14
1
0
1
4.60743e-14
1
0
1
1
0
6.79734e-14
1
1
1
1
1
1
1
1
1
1
1
1
1
1
6.79456e-14
1
1
1
0
0
1.86795e-14
0
1
0
1
1
0
1
1
1
1
1
0
1
1
1
1
1
1
1
4.75175e-14
1
1
1
1
1
7.52731e-14
1
1
1
1
3.38757e-14
1
1
1
1
1
1
1
1
1
1
1
1
1.37224e-13
1.40665e-13
2.50633e-14
1
1
1
0
1
1
1
1
2.04836e-14
1
0
1
1.18683e-13
0
1
0
8.9484e-14
0
1
1
1
1
0
1
1
1
0
1
1
8.63198e-15
3.88301e-14
5.67324e-14
1
2.69229e-14
8.52651e-14
1.9193e-14
0
3.49165e-14
1
4.79894e-14
0
0
1
0
1
1
1
1
1
1
0
1
1
1
1
1
1
1
1
1
1
1
1
1
1
4.8031e-14
8.24341e-15
8.25728e-15
0
3.60822e-14
0
0
1
1
2.58821e-14
1
1
1
7.45237e-14
1
1
1
1
1
0
1
1
1
1
1
1
1
1
1
1
1
1
1
0
1
0
1
1
1
1
1
1
1
1
1
1
1
1
0
1
1
0
1.07692e-13
4.87943e-14
1
1
1
1
1
1
0
0
3.88023e-14
1
0
1
0
0
1
0
0
0
1
0
1
1
0
1
1
1
1
1
0
1
1.52656e-15
1
1
1
1
1
1
1
1
1
1
1
1
1
1
0
1
1
1
1
1
1
1
1
1
1
1
1
1
1
1
1
1
1
1
1
1
0
1
1
1
1
0
0
1
1
0
1
4.19387e-14
1
1
0
1
1
1
1
0
1
1
1
1
1
1
1
1
1
1
1
0
1
1
1
1
0
1
1
0
1
1
1
1
1
0
1
2.39808e-14
1
1
0
1
1
1
1
1
1
1
0
1
0
1
0
1
1
1.19738e-13
1
5.21805e-14
1
1.34892e-13
1
1
1
7.55646e-14
1
1
1
2.77556e-17
0
1
8.20177e-15
1
0
1
1
1
0
1
1
1
1
1
1
1.29063e-14
1
0
1
0
1
3.89966e-14
1
1
0
1
1
1
1
1
1
1
1
1
1
1
1.19349e-14
1
1
0
1
1
0
1
1.10051e-14
3.14193e-14
0
0
1
1
1
1
0
1
1
1
1
1
4.19942e-14
1
0
1
0
1
1
1
1
1
1
1
1
1
1
1
7.10543e-15
1
1
1
1
0
0
1
1
1
1
1
1
1
1
1
0
4.77396e-14
2.294e-14
1
8.11851e-15
1
1
1
1
1
1
6.9722e-14
1
7.05269e-14
0
2.73115e-13
1.19391e-13
1
1.68754e-14
1
1.09635e-13
0
4.52971e-14
1
0
1.33671e-13
1
1
1
1
0
0
1
0
1
0
1
1
0
1
0
1
1
0
1
3.4861e-14
1
1
3.28626e-14
1
3.62627e-14
1
1
4.09117e-14
1.73195e-14
1
1
1
1
1
1
1
1
1
1
1
1
1
1
1
0
0
1
1
0
0
0
1
1
1
1
1.80078e-13
1
1
1
1
1
1
1
1
1
1
1
0
1
1
1
1
1
9.27036e-15
1
0
1
0
1
1
1
1
1
1
1
1
1
1
0
3.35287e-14
9.32587e-15
1
1
0
0
1
1
1
1
1
1
2.77556e-17
1.71529e-14
4.88498e-14
0
8.60423e-15
0
2.26597e-13
2.0095e-14
2.63289e-13
1
0
0
0
1
1
1
0
0
1
1
1
5.03764e-14
0
1
0
9.88098e-14
1
0
1
1
1
1
1
1
1
1
1
1
1
0
1
0
4.69347e-14
2.98928e-14
1
5.85088e-14
1
1
1
1
1
1
1
1
1
1
1
1
1
1
5.00711e-14
1
1.7375e-14
1
1
1
1
1
3.87052e-14
0
1
1
1
0
1
1
1
7.14984e-14
1
0
1
0
1
1
1
1
1
1
1
1
1
3.80806e-14
1
1
1
1
1
1
0
1
1
1
1
1
1
1
0
1
1
1
1
0
0
1
0
1
1
1
1
1
1
1
0
0
0
0
5.37903e-14
2.63289e-13
0
0
1
0
1
1
1
1
0
1
1
1
1
0
1
1
9.88098e-14
1
1
1
1
1
1
0
1
1
1
1
1
1
1
0
1
0
2.9976e-14
1
5.85088e-14
0
1
1
1
1
1
1
1
1
1
1
1
1
1
1.73195e-14
1
1
0
1
0
3.77476e-14
0
1.02002e-14
0
1
1
1
0
1
1
1
1
1
1
1
1
1
1
1
1
1
0
1
1
1
1.33227e-14
1
1
1
1
1
1
0
1
1
1
1
1
1
1
1
1
1
1
1
0
0
1
1
1
1
0
1
0
1
1
0
1
0
1
1
1.29091e-13
1
0
4.60465e-14
0
1
1
1
1
2.70894e-14
1
1
1
1
1.45439e-14
1
1
0
8.94285e-14
1
0
1
1
1
0
0
4.82114e-14
1
0
1
8.88178e-15
1
0
1
0
2.13302e-14
1
0
0
1
1
1
1
1
1
1
1
1
1
1
1
1
1
0
8.38218e-15
0
7.68829e-15
0
0
0
0
1.66533e-16
1
1
1
2.76168e-15
1
1
1
0
1
1
1
0
1
1
1
1
1
2.33147e-15
1
1
1
0
1
3.93713e-14
1
1
1
1
0
1
1
1
1
1
1
1
1
1.60982e-14
1
1
1
1
0
1
0
1
1
1
1
0
1
1
1
0
1.05332e-13
2.36866e-13
1.37557e-13
0
1
1.63231e-13
0
2.73975e-13
0
1
1
0
1
1
1
1
0
7.69385e-14
1.78468e-14
1
8.75411e-14
0
1
2.62845e-14
1
1
1
1
1
1
1
1
1.43774e-14
0
1
0
1
0
1
1
1
0
1
1
1
1
1
1
1
1
1
1
1
1
1
9.84768e-14
3.45279e-14
1
1
1
1
0
9.07052e-14
5.77316e-14
1
1
1
1
1.19627e-14
1
1
1
1.0103e-14
1
1
1
6.83897e-14
1
1
1
1
1
0
1
1.85407e-14
1
1.66533e-14
1
1
1
1.50158e-14
1
1
7.62029e-14
1
1
1
1
1
1
0
1
1
1
1
1
9.45355e-14
1.22125e-13
1
1
1
1
0
1
1
1
0
0
1
0
1
1
1.64563e-13
1
0
0
0
0
1
1
3.23352e-14
2.2482e-14
1
1
1
1
5.89528e-14
7.35523e-15
1
0
1
1
1
1
1
1
1
1
1
1
7.72993e-15
1
1
1
0
0
1
1
1
0
1
1
1
1
1
1
1
1
1
1
1
1
1
1
1
1
1
1
1
0
1
0
1
2.58821e-14
1
0
1
2.66454e-15
1
1
0
0
1
1
1
1
1
1
1
2.70894e-14
1
1
1
1.02141e-14
1
2.05391e-14
1
1.67227e-14
1
1.09635e-14
1.05096e-13
1
1
1
1
1
1
1
1
1
1
1
0
1
2.80886e-14
2.27596e-14
4.84427e-14
1
1
1
1
1
4.18832e-14
1.60427e-14
0
1
1.38167e-13
1
1.04694e-13
0
1
5.70793e-14
1
0
1
0
1
0
1
1
1
1
1
1
1
1
1
1
0
1
1
1
1
1.57235e-14
1
0
1
1
1
4.54081e-14
1
1
1
6.65717e-14
1
1
1.90403e-14
1
0
1
1
1
1
1
1
1
1
1
1
1
1
1
1
1.94011e-14
0
0
0
1
0
1
0
1.2948e-14
1.05471e-15
1
1
1
0
1
1
1
1
1
1
1
7.66054e-15
1
1
1
0
1
1.68338e-14
1
1
1
3.58186e-14
1
1
1
1
1
1
4.67404e-14
1
1
1
1
0
1
1
1
1
1
1
1
0
0
1
0
1
0
0
1
3.56937e-14
1
1
0
9.04832e-15
0
1
1
0
1
7.30527e-14
1
2.27526e-13
1
1
1
1
1
1
1
1
1
1
0
1
3.0087e-14
1
1
1
0
1
1
0
1
0
1
1
1
1
1
1
1
0
0
1
0
6.68493e-14
1
1
1
1
1
1
1
1
1
1
3.47222e-14
1
1
1
1
1
0
0
1.29341e-14
1
1
0
3.57492e-14
1
1
1
2.66176e-14
1
1
0
1
1
0
1
1
1
1.40721e-14
1
0
1
7.32747e-15
1
9.14824e-14
1
1
1
1
1
1
1
1
0
1
0
1
1
2.78666e-14
1
1
1
1
1
1
1
3.52496e-14
4.52416e-14
0
1
1
0
3.45973e-14
1
1
1
1
1
1
1.44745e-14
2.09707e-13
0
0
1
0
1
0
0
0
1
3.51066e-13
1
1
1
0
1
1.12743e-13
1
1
1.40443e-13
1
0
2.51188e-14
1
1
1
4.08978e-14
1
1
1
2.90046e-14
1
1
1
3.41394e-15
1
1
1
1
1
0
1
1
1
1
1
1
1
1
1
1
0
1
1
1
1.83187e-14
0
2.58404e-14
1
0
5.37348e-14
0
1
1
1
1
1
0
1
1
1
1
1
0
1
1
1
2.58404e-14
1
1
1
7.21645e-15
1
1
1
0
1
1
1
1
1
1
1.91513e-14
1
0
1
1
1
1
1
1
1
1
1
1
3.81917e-14
8.7134e-14
1
1
1
1
1
1
1.13798e-14
1
1
1.15463e-14
9.32587e-15
1.42442e-13
1.70419e-14
1
2.26152e-13
1
5.89528e-14
1
0
0
1
1
1
1
1
1
1
1.93734e-14
0
0
0
0
1
1
0
1
1.0103e-13
1
1
1
1
1
1
1
1
1
1
7.70495e-14
1
0
1
9.37583e-14
1
1
1
1
1
1
1
1
1
1
1
1
1
1
0
2.498e-16
0
1
0
1
0
1
1
7.54952e-15
1
1
1
2.07112e-13
1
1
1
0
1
1
1
1
1
7.21645e-14
1
1
1
1
1
1
1
3.9968e-15
1
1
1
1
1
1.93456e-14
0
1
1
1
1
1
1
1
1
1
1
1
1
1.77525e-13
3.61988e-13
1
1
2.39669e-14
1
1
1
1
1
1
0
1
9.8449e-14
0
1.31561e-13
7.8576e-14
1
0
1
0
1
1
1
1
1
1
1
1
1
3.10862e-14
1
0
0
1
6.66134e-16
1
0
0
1
1
1
1
1
1
1
1
1
1
1
1
1
1
0
0
1
1
1
1
1
1
1
1
1
1
1
1
1
6.55032e-14
1
0
0
1
1
1
1
1
1
1
1
1
1.43996e-13
1
1
1
0
1
4.76702e-14
1
5.49838e-14
1
1
1
1
1
0
1
0
1
1
1
0
1
0
1
1
0
1
0
1
1
1
1
1
1
1
0
1
2.22322e-14
2.26097e-13
2.32925e-13
1
0
1
1
3.46667e-14
1
1
0
1
2.7256e-14
1
0
1
1
0
1
2.22072e-13
1
4.17943e-13
0
1
1
1
1
1
0
0
1
0
1
1
0
1
1
1
0
1
2.39808e-14
0
1
0
1
1
1
1
1
1
1
1
1.15741e-14
1
1
1
1
1
1
1
1
1
1
1
1
1
4.50334e-14
1.09066e-13
1
1
1
1
2.19269e-15
4.36318e-14
1
1
1
1
0
0
1
1
4.24105e-14
1
1
1
3.70814e-14
1
1
1
1
1
1.41276e-14
1
1
1
1
1
1
1
1
1
1
1
3.35287e-14
1
0
1
1
1
1
1
1
1
1
1
1
1
1
1
0
0
1
1
1.00475e-14
1
1
1
1
1
7.31359e-14
1
4.21663e-13
0
0
1
0
1
0
1
1.02723e-13
1
1
1
1.78996e-13
1
1
1
1
1
6.83342e-14
0
1
9.76996e-14
1
0
1
0
1
1
1
3.03646e-14
0
0
1.79023e-14
1
0
1
1.84297e-14
1
1
0
1
0
0
1
1
1
1
1
1
1
1
1
1
1
1
1
1
0
7.63833e-14
0
0
0
0
0
0
1.05749e-14
1
1
1
0
1
1
1
0
1
1
1
5.05151e-15
1
5.63993e-14
1
0
1
0
1
0
1
1
1
5.22915e-14
1
1
1
0
0
1
1
1
1
0
5.58997e-14
1
1
1
1
1
1
0
0
1
1
1.07692e-14
0
1
0
1
0
1
0
0
0
1
0
9.44522e-14
1
8.86236e-14
1
2.06238e-13
1
1
1
1.30188e-13
1
1
1
1
1
0
1.72362e-13
1
0
1
1
3.52496e-14
3.04201e-14
1
1
2.58821e-14
1
0
1
0
1
1
1
1
1
1
0
1
0
1
1
1
1
1
1
1
1
1
1
1
1
1
1
1
1.5099e-14
1
0
7.30804e-14
0
1
1
1
3.03091e-14
0
6.4837e-14
1
0
1
1
0
1
1
5.55112e-15
1
4.06342e-14
1
1
1
1
1
1
1
0
1
1.47937e-14
1
0
1
1
1
1
0
1
1
1
1
1
1
1
8.61533e-14
1
1
1.53072e-14
1
2.498e-14
0
7.16094e-14
1
1
1
1
1.27398e-14
1
1
1
4.90163e-14
1
1.5507e-13
1
0
1.81549e-13
4.996e-16
2.39808e-14
1
8.6986e-14
1
0
1
6.68632e-14
0
1
1
1
0
0
1.94289e-15
1.15186e-14
0
1
1
1
0
1
4.67404e-14
0
1
0
1
1
1
1
1
1
1
1
3.02952e-14
1
1
1
1
1
1
1
1
1
1
1
1
1
1
1
1
0
1
1
0
0
3.35287e-14
1
1
1
4.85167e-14
1
1
1
0
1
1
0
1
1
1
1
1
1
0
1
1
1
1
1
6.43929e-15
1
4.67126e-14
1
1
1
7.31637e-14
1
1
0
1
1
1
1
1
1
1
0
1
1.25733e-14
1
1
0
0
1
1
5.71904e-14
1
1
0
1
1
7.09849e-14
1
0
0
1
1
2.02574e-13
3.92242e-13
0
1.83131e-13
1.57874e-13
3.85803e-15
1
1
3.06699e-14
0
1
1
1
2.68952e-14
1
2.18991e-14
1
3.86913e-14
1
1
0
1
1
1
3.81778e-14
1
1
1
1
1
1
1
1
1
1
1
1
1
0
1
1
1
1
1
1
1
1
1
1
1
1
1.16795e-13
6.04239e-14
0
1
0
0
1
1
1
1
1
1
1
1
0
1
1
1
4.03289e-14
1
1
1
0
1
1
1
2.294e-14
1
0
1
0
1
1
1
1
1
3.23908e-14
1
1
1
0
1
1
1
4.85167e-14
1
1
1
1
0
1
0
1
0
1
0
1
1.71668e-14
4.21607e-14
1.20459e-14
1
1
0
0
1
1
1
1
1
1
1
1
1
1
6.41709e-14
5.11952e-14
1
1
1
1.91236e-14
1
1
1
1
1
1
1
1
0
1
1
0
1
1
1
1
1
1
2.7367e-14
1
1
1
1
1
1
1
0
1
1
0
1
1
1
1
1
1
0
1
1
1
1
3.62904e-14
1
1
0
1
1
1
1
1
0
1
1
1
1
1
1
1
1.20459e-14
1
1
1
1
1
1
1
0
1
1
1
1
1
1
1
1
1
1
1
1
1
1
1
3.05311e-15
1
0
1
1
1
1
1
1
1
5.10703e-14
0
0
6.05904e-14
1
1
1
1.67089e-14
1
1
1
2.44249e-15
1
0
1
1
1
1
1
1.28203e-13
1
1
1
1
1
1
1
1
2.36478e-14
1
1
1
1
1
1
1
1
1
1
1
1
1
1
1
0
1
1
1
1.52656e-15
0
0
1
1
1
1
0
0
0
1
1
1
1
1
1
1
0
1
1
1
1
0
1
5.61357e-14
1
3.0087e-14
1
1
1
1
8.09353e-14
1
1
0
1
1
1
1
1
0
0
1
1
1
1
1
1
1
1
1
1
1
0
1
1
3.86913e-14
1
0
1
1
0
0
3.9635e-14
1
0
3.17524e-14
1
9.88098e-15
1
1
0
1
1
0
1
3.85803e-14
1
1
1
1.1241e-15
1
1
1
1
1
8.18789e-15
0
4.82114e-14
0
0
4.34375e-14
1
0
1
1
1
1
0
1
1
0
1
2.9643e-14
1
1
6.30052e-14
0
3.03507e-14
2.88658e-14
0
1
1.60982e-15
1
1
1
3.47222e-14
0
1
0
1
1
1
0
1.29896e-14
1
1
1.73472e-14
1
0
0
1
1
0
1
1
1
0
1
1.30174e-14
3.46528e-14
1
1
3.02536e-14
8.37108e-14
1
4.44089e-14
1
1
0
1
1
0
0
1
1
1
1
0
1
0
1
6.53921e-14
1
2.4869e-14
4.91274e-15
1
0
3.49443e-14
2.88658e-15
1
1
1
0
3.33067e-16
1
1
9.10383e-15
1
1.11022e-16
0
0
0
1
1.84852e-14
1
1
1.23235e-14
1
1
2.28845e-14
9.40914e-15
1
1
1
6.55032e-15
1
1
0
1
0
4.996e-16
1
1
0
0
1
3.73035e-14
1
2.4869e-14
1
6.66134e-16
1
1
0
0
1
2.87548e-14
1
1
1
2.10942e-15
5.64548e-14
0
1
2.86021e-14
1.89848e-14
5.75928e-14
3.65541e-14
1
2.13718e-14
3.76921e-14
1
5.70516e-14
1
0
1
1
1
1
2.38698e-15
0
1
1.97342e-14
1
0
2.84495e-14
1
1
8.88178e-16
9.11771e-15
1
0
1
0
2.01505e-14
1
1
1
0
0
2.03448e-14
1
1
1
1
0
1
1
4.1217e-14
1
1
1
0
1
1
1.04361e-14
1.7597e-14
1
1
0
0
1
2.11497e-14
0
1.06304e-14
1
1.0511e-13
2.13163e-14
0
7.38853e-14
1
1.08617e-14
1
1
3.7928e-14
4.30767e-14
5.62606e-14
0
1
0
0
1
0
0
1
1.11022e-15
1
1
1
1
1
1
0
1
0
1
0
5.42344e-14
1
1
0
0
0
1
0
1
4.03011e-14
0
0
1
1
1
0
1
0
1
0
1.73195e-14
1
1
0
1
2.80609e-14
0
1
0
1
1.19627e-14
1
0
5.43315e-14
0
1
7.07767e-15
3.54994e-14
0
0
0
0
1
1
1
4.06064e-14
0
1
1
1
3.08226e-14
0
1
2.20102e-14
1
1
9.54792e-15
0
1
0
0
8.25728e-15
0
-1.85037e-17
1
1
1
1
0
0
1
0
3.88578e-15
1
1
1.7375e-14
1
8.61811e-15
1
1
6.34492e-14
4.23828e-14
1
1
1
0
1.11022e-14
0
1
1
3.00593e-14
2.67147e-14
1
1
1.01724e-14
1
4.08285e-14
1
1
4.1217e-14
0
1
1
0
7.10543e-15
0
0
1
0
0
5.41095e-14
1
0
0
0
1
2.77556e-17
1
1
4.99739e-14
0
0
1
0
1
0
1
1
0
1
1
1
1
1
0
2.55351e-15
1
1
0
1
1
3.05173e-14
1
1
3.46945e-14
8.28226e-14
1
1
1
1
1
1
0
1
2.22045e-16
1
0
1
1
1.32394e-14
1
1
1
1
1
0
0
1
1
7.07767e-14
1
1
1
1.7264e-14
1
1
1
2.52021e-14
0
0
1
1
4.996e-16
1
1
0
1
1
1
1
1
2.66454e-15
0
1
1
1
1
1
1
1
0
3.70537e-15
1
1
1
1
1
1
4.19109e-14
0
0
1
0
1
1
0
1
1
1
1
1
2.82135e-14
1
1
1
1
0
1
0
1
1
1
0
1
1
1
1
1
1
1
0
1
0
1
0
9.43967e-14
4.95159e-14
1
0
0
7.38298e-15
1.4877e-14
1
0
0
0
1
7.50788e-15
0
1
1
1
1
1
1
1
4.95437e-14
1
0
4.95159e-14
0
1
1
0
1
4.95715e-14
0
5.55112e-17
1
0
0
1
1
4.95715e-14
1
1
1.4766e-14
0
4.95159e-14
0
1
4.95437e-14
1
0
1
0
1
0
4.95159e-14
4.95715e-14
1
0
0
4.95159e-14
0
1
4.95715e-14
1
2.65343e-14
1
4.95437e-14
1.17684e-14
1
4.95715e-14
2.32037e-14
1
1
0
3.46945e-14
1.15463e-14
6.68632e-14
0
1
1
0
0
4.09395e-14
6.69464e-14
1
0
0
0
3.22242e-14
1
0
4.95437e-14
1
0
1.73472e-14
6.10623e-14
0
2.30926e-14
1
4.95437e-14
1
4.95715e-14
1.16573e-14
1
1
2.65343e-14
1
0
4.95159e-14
0
0
0
6.11733e-14
1
0
0
8.52096e-15
0
1
4.95159e-14
1.15463e-14
4.94049e-14
0
1
1
1
0
1
2.35645e-14
0
3.55179e-14
0
1
2.39901e-14
1
2.97262e-14
1
4.95437e-14
1
1
3.29736e-14
1
2.65343e-14
1
2.39808e-14
4.95437e-14
1
4.95437e-14
1
1
1
1
0
1
0
1
1
0
0
1
4.95715e-14
4.95159e-14
1
0
1
1.4877e-14
1
1
0
1
1.4877e-14
0
1
4.95437e-14
1
0
1
4.95159e-14
1
0
1
1
1
1
4.95715e-14
1
1
1
4.08701e-14
1.74305e-14
1
4.95715e-14
1
6.68632e-14
1
0
1
1.4877e-14
0
1
4.95159e-14
0
4.95159e-14
0
1
4.95437e-14
1
1
2.63123e-14
1
3.78586e-14
1.71807e-14
1
1.47798e-14
1
0
3.47222e-14
1
0
0
1
4.94604e-14
1
2.47719e-14
1
1
0
0
1
0
1
1
3.33761e-14
4.95715e-14
0
0
4.95437e-14
1
3.3501e-14
1
0
1
1
7.46625e-15
4.20913e-14
2.47719e-14
4.95715e-14
1
1
1
8.42382e-14
7.45237e-15
1
1
1
1
0
1
1
3.29736e-14
0
1
1
1
2.47857e-14
7.46625e-15
0
1
3.45834e-14
1
1
0
1
1
0
1
1
5.20972e-14
4.95437e-14
4.95437e-14
3.29736e-14
4.95437e-14
0
4.95715e-14
3.54901e-14
3.55364e-14
3.29736e-14
1
4.95437e-14
1
0
1
1
1
0
0
0
0
3.3501e-14
1
2.47719e-14
1
4.95437e-14
0
1
0
0
1.73195e-14
1
2.30926e-14
0
1
0
0
1
1.15463e-14
0
1
1
0
1
1
0
2.4758e-14
1
1
0
1
1
1
1
0
1
1
1
1
1
1
9.82547e-15
1
1
1
1
1
1
1
1
1
1
1
1
1
1
1
1
1
1
0
1
1
1
1
1
1
1
1
1
1
1
0
1
1
0
1
1
0
1
1
1.26288e-15
1
1
1
1
1
1
1
1
1
0
1
1
1
1
0
1
0
1
1
1
1
1
0
0
1
0
0
0
1
0
0
0
1
1
1
1
1
1
1
1
0
1
1
1
1
1
1
0
1
1
0
2.48135e-14
4.95715e-14
0
1
2.34396e-14
0
1
1
0
1
1
1
1
1
1
8.32667e-15
0
1
0
0
1
1
0
1
1
4.95159e-14
3.47222e-14
1
3.55549e-14
1
1
4.08007e-14
4.95715e-14
2.34396e-14
1
0
1
4.95715e-14
1.7264e-14
1
3.21548e-14
1
0
0
2.30926e-14
1
0
1
4.95437e-14
1
4.95437e-14
4.95437e-14
1
1
2.39808e-14
1
1
2.8505e-14
2.77556e-17
1.72917e-14
4.95437e-14
2.77556e-17
1
0
0
4.95715e-14
1
2.39808e-14
1
1
4.95715e-14
1
1
2.63123e-14
1
2.8505e-14
1
4.95715e-14
4.95159e-14
0
1
1
4.95437e-14
0
4.95159e-14
0
1
1.16573e-14
6.11733e-14
1
4.95437e-14
2.30926e-14
1
1.74027e-14
1.4877e-14
1
2.64233e-14
2.30926e-14
0
0
1.4877e-14
1
4.95715e-14
0
0
2.34396e-14
4.95159e-14
1.7264e-14
0
1
4.95715e-14
0
1.15463e-14
1
2.63123e-14
3.46667e-14
4.95159e-14
0
5.88418e-15
4.95159e-14
3.80806e-14
1.7264e-14
4.95437e-14
5.95218e-14
0
1
1
4.95437e-14
1
1.99007e-14
4.95992e-14
1
1
1
0
0
4.95437e-14
0
4.95715e-14
0
1.15463e-14
0
1
1
1
0
2.77556e-17
4.95715e-14
0
1.98869e-14
1
1
4.95437e-14
1
1
4.95715e-14
1
1.98869e-14
1
4.95159e-14
0
1
4.95159e-14
0
1.7264e-14
3.80806e-14
1
2.77556e-17
2.77556e-17
1
4.95159e-14
2.77556e-17
1
3.29736e-14
1
1
2.63123e-14
1
5.52891e-14
1
0
3.2252e-14
1
1
1
8.6875e-15
2.32037e-14
0
4.95437e-14
1.15463e-14
0
1
4.08701e-14
1
0
1
2.64233e-14
0
0
1
2.34396e-14
1.15463e-14
4.95298e-14
1.73195e-14
1
1
3.79696e-14
1
1
9.28146e-14
0
1
1
4.95159e-14
4.95437e-14
1
1.11161e-14
1
0
1
1
1
9.57706e-14
4.95437e-14
4.95437e-14
1
4.95437e-14
1
4.95992e-14
1.1241e-14
1
4.95715e-14
1
0
1
3.30846e-14
3.55179e-14
4.95715e-14
3.55364e-14
4.95715e-14
1
1
3.55364e-14
4.95715e-14
1
1
1
2.8505e-14
4.95715e-14
6.93889e-14
4.95437e-14
0
1
1
1
2.47719e-14
1
1
2.47857e-14
1
1
2.47857e-14
1
1
1
0
1
1
1
4.95437e-14
2.47719e-14
1
0
1
2.84911e-14
4.95715e-14
4.95715e-14
2.85744e-14
1
1
2.48829e-14
3.30846e-14
7.45237e-15
0
1
1
2.47857e-14
1
3.29736e-14
1
4.95437e-14
0
1
2.77556e-17
1
1
1
2.06501e-14
1
1.7375e-14
3.34316e-14
0
0
1
1
1
1
0
2.31759e-14
1
5.20139e-14
1
1
1
1.6126e-14
1
1
0
4.95715e-14
1
1
1
9.85323e-14
1
0
1
1
0
9.83935e-15
1
0
1
1
1
1
1
1
1
1
2.72976e-14
1
1
1
1
1
1
1
1
1
1
1
9.82547e-15
1
1
1
1
1
1
1
1
1
1
1
1
1
1
1
0
1
1
1
1
1
1
1
1
1
1
1
1
1
1
1
1
1
1
1
1
1
1
1
1
1
1
1
1
1
1
1
0
0
0
1
1
0
1
0
1
0
0
1
0
0
0
1.11022e-15
1
1
1
1
1
1
1
1
1
4.95715e-14
1
-1.11022e-16
4.95715e-14
7.49401e-15
1.4877e-14
1
1
3.30846e-14
1.1241e-14
-1.11022e-16
0
1
1
1
-1.11022e-16
1
1
1
1
1.4877e-14
1
4.62963e-13
1.4766e-14
1
1
0
1
1.1241e-14
1
5.81757e-14
1
1
5.54001e-14
1
3.22797e-14
0
1
1
4.95159e-14
3.46945e-14
5.77316e-15
1
3.79696e-14
1.72917e-14
1
4.94604e-14
1
4.96362e-14
1
4.95437e-14
0
1
0
1
4.95715e-14
1
4.95437e-14
4.95715e-14
1
4.08007e-14
1
1
1
0
1
4.95715e-14
6.10623e-14
1.1241e-14
1
4.95715e-14
1
1
3.54901e-14
1
1
4.95437e-14
6.94445e-14
4.95437e-14
1
4.95159e-14
1
4.95715e-14
1
-4.62593e-17
1
1
2.65343e-14
0
0
0
1
4.95992e-14
1
2.39808e-14
1
1
1.16573e-14
1
0
3.46667e-14
1
4.96362e-14
5.52891e-14
0
9.17599e-14
3.55179e-14
9.42024e-14
1
2.63123e-14
1
1
3.80806e-14
1.82632e-14
1
4.95715e-14
1
4.95437e-14
1
4.95437e-14
1
1
4.95715e-14
1
2.32037e-14
1
6.67799e-14
1
4.62963e-14
1
4.95159e-14
4.9627e-14
1
0
5.93414e-14
4.95992e-14
1
1
3.33067e-15
1
2.64233e-14
0
4.95715e-14
3.46945e-14
6.11733e-14
0
3.46667e-14
6.92779e-14
5.93414e-14
3.33067e-15
5.93414e-14
1
3.33067e-15
1
2.65343e-14
1
0
0
5.93414e-14
2.64233e-14
1
1
3.33067e-15
1.15463e-14
1
2.30926e-14
1
4.95715e-14
1
6.11733e-14
0
2.32037e-14
0
3.33067e-15
1
0
1
2.65343e-14
1
0
1
2.63123e-14
1
0
1
1
1
1
3.33067e-15
1
2.64233e-14
1
4.95715e-14
1
1
2.64233e-14
1
6.92779e-14
1
3.33067e-15
1
1
4.95715e-14
0
1
4.95715e-14
2.32037e-14
3.2141e-14
0
1
0
0
1
4.95159e-14
0
2.30926e-14
1
4.95715e-14
1
1
1
3.34316e-14
5.03486e-13
0
1
1.99146e-14
1
1
8.52096e-15
1
4.95437e-14
1
2.4758e-14
1
1.1241e-14
1
0
0
1
3.30846e-14
6.94167e-14
2.39808e-14
4.95715e-14
3.29736e-14
1
1
4.95715e-14
1
3.30846e-14
3.54901e-14
4.959e-14
3.29736e-14
4.95715e-14
1
1
1
1
2.06501e-14
4.95715e-14
4.95715e-14
0
1
4.21746e-14
3.34316e-14
1
4.95715e-14
1
3.29736e-14
0
4.95715e-14
1.81799e-14
1
6.60583e-15
4.95715e-14
1
1
1
0
1
2.48551e-14
1
4.95715e-14
0
4.22301e-14
1
1
1
1.17684e-14
2.31296e-14
1
1
4.95437e-14
2.30926e-14
0
1
0
0
1
0
1
7.45237e-15
1
2.48551e-14
1
1
0
0
0
1
1
1
1
0
1
1
0
1
0
1
1
1
2.47719e-14
1
1
1
1
1
1
1
1
1
1
1
1
1
1
9.95037e-15
1
1
1
1
9.83935e-15
1
1
1
1
1
1
1
1
1
1.00753e-14
1
1
1
1
0
1
0
1
0
0
1
9.95037e-15
1
1
1
1
1
0
1
4.45199e-14
1
1
1
1
1
1
0
1
1
1
1
1
1
1
1
1
1
0
1
1
1
1
0
1
1
1
0
1
1
1
1
1
0
9.92262e-15
1
0
1
0
0
9.92262e-15
1
1
0
1
0
1
1
1
1
1
0
1
1
1
1
1.52896e-13
0
1
2.00118e-14
1
0
1
0
3.11418e-14
1
3.46667e-14
1
1
1
1
1
1
1.94289e-14
1
1
1
0
1
2.21489e-14
1
3.68594e-14
5.98965e-14
1
1
1
1
1
0
0
0
1
1
1
5.55112e-17
1
1
3.81362e-14
1
1
5.1098e-14
5.10703e-14
0
1
2.77556e-17
1
0
0
1
0
2.57572e-14
0
0
1
1
0
1
0
1
1
1
0
1
0
0
0
1
1
1
2.61458e-14
1
1
5.00155e-14
3.46945e-14
5.00572e-14
1
5.25413e-14
6.74738e-14
1
3.76921e-14
1
2.77556e-17
1
1
4.46865e-14
0
1
2.59515e-15
1
4.78506e-14
1
5.31519e-14
1.06304e-14
1
5.32352e-14
1
1.2379e-14
3.05866e-14
0
0
0
1
1
1
0
5.37625e-14
0
2.68674e-14
1
0
1
5.39568e-14
0
1.89663e-15
1
1
2.70894e-14
0
1
0
5.50671e-14
0
1
1
1
1
0
1.16573e-14
0
1
0
2.74503e-14
1
1.84297e-14
1
2.38143e-14
1
0
4.55191e-15
0
1
4.8378e-14
1
4.84612e-14
1
0
0
1
3.45279e-14
1
1
-4.62593e-17
1
1
0
1
5.58442e-14
4.19664e-14
2.22045e-16
2.09693e-14
1.39888e-14
1
1
1
0
7.52176e-15
0
1
0
1
1
1
1
1.41831e-14
0
1
4.25215e-14
0
1.82077e-14
1
5.37487e-14
1
8.55704e-14
2.24265e-14
5.00433e-14
1
3.46806e-14
1
1
0
1
1.85962e-14
1
1
5.77316e-14
1
1
0
6.64746e-14
0
1
2.33147e-14
1.01447e-14
1
3.47639e-14
0
1
1
1
2.91989e-14
1
0
0
1
2.19824e-14
1
1
5.88696e-14
1
1
1
0
8.85125e-14
0
1
0
1
1
0
0
1
5.95357e-14
1
1
5.95912e-14
1
0
0
1
6.74183e-14
1
0
1
1.11022e-16
0
8.32667e-17
1
1
1
1
1.4988e-14
6.05627e-14
1
2.02061e-14
1
8.35443e-14
1
2.2829e-14
1
7.62029e-14
1
1
0
1
1
1
1
1
3.06977e-14
0
1.54321e-14
0
1
3.08457e-14
0
1
1
0
2.73115e-14
1
1
0
1
0
0
0
1
0
1.57097e-14
3.9066e-14
1
1.24345e-14
4.70318e-14
0
1
9.44245e-14
0
1
7.25947e-14
1
2.77556e-17
1
5.4845e-14
1
1
6.64468e-14
1
1
1
6.37823e-14
1
1
0
1
1
1
1.33726e-13
1
2.68674e-14
1
5.07094e-14
1
0
0
9.15934e-15
1.385e-13
1
1
1.9923e-13
1
1
0
1
4.10783e-15
1
1
1
8.16014e-15
1
5.73153e-14
1
2.77556e-17
1
1
1
0
1
7.43294e-14
1.65146e-14
7.44543e-14
1
0
1
1
0
1
1
3.339e-14
1
1
1
1
4.12587e-14
0
0
2.51049e-14
1
1
0
1.68754e-14
0
4.31183e-14
0
0
1
1
1
1.14353e-14
1
1
2.31667e-14
0
1
5.09592e-14
1
0
5.11952e-14
3.40283e-14
1.72085e-14
1.67782e-14
1
0
0
2.77556e-17
1
1.72279e-13
1
1
1
1
6.22002e-14
1
0
1.73334e-14
8.32667e-15
2.5091e-14
1
0
1
1
1
1
1
1.42109e-14
1
1
4.44783e-14
1
1.27537e-14
1
6.37962e-14
3.93574e-14
1
0
1
1
1
1
3.23214e-14
0
0
1
1
1
1.74305e-14
8.54872e-15
1.74583e-14
1
1
2.64233e-14
7.65499e-14
1
0
1
4.65739e-14
1
1.8513e-14
5.32907e-14
3.06838e-14
1
1
1
2.69784e-14
0
1.19571e-13
1
0
2.70062e-14
4.07452e-14
4.9627e-14
5.50393e-14
1
1
1
0
0
1
2.74225e-14
5.50948e-14
1
1
0
0
1
1
2.78944e-14
0
2.0553e-14
0
1
1.39611e-14
0
0
1
1
2.82274e-14
1
1
6.72518e-14
1
1
1.93873e-14
0
1
0
0
1
1
1
1
1
0
0
1
0
1
1
2.19824e-14
1.45439e-14
6.6197e-14
2.77556e-17
1
1.15463e-14
0
1
1
5.24303e-14
2.97956e-14
1
8.98726e-14
2.77556e-17
1
1
1
2.26347e-14
0
1
1
9.11493e-14
7.61197e-14
0
0
0
1
1
0
1
0
1
0
0
1
0
2.34535e-14
0
1
1
0
1
6.30745e-14
0
1
1
1
1
1
6.38933e-14
0
1
0
1
1
1
8.58758e-14
1
1
4.87943e-14
5.44009e-14
3.27516e-14
8.16014e-15
1
4.39648e-14
6.6086e-14
1
0
0
0
0
0
3.39312e-14
1
6.7002e-14
1
1
1
1
0
2.55074e-14
0
1
1.73195e-14
2.57017e-14
0
1
0
1
0
1
1
2.61569e-13
1
1
1
0
1
1
1
0
1
1
1
0
1
2.05114e-14
1
1
1
1
1
0
1
1
1
1
1.27398e-14
1.29341e-14
0
1
0
1
0
1
1
1
0
1.31284e-14
1
0
1
1
1
0
0
1
1
1.06581e-14
0
1
1
1
1
1
1
0
1
1
0
6.93889e-14
1
1
1
0
0
1
1.88738e-14
1
1
1
1
1
1
0
1
1
1
1
1
1
1
0
1
1
1
7.66054e-15
1.39888e-14
7.00828e-15
1
1
1
0
1
6.32827e-14
1
1
1
1
1
1
0
1
1
1.41553e-15
1
1
1
1
1
0
1
0
1
1
1
1
1
0
5.19862e-14
1
1
1
1
0
1
1
0
0
1
0
1
1
0
1
0
1
0
0
0
1
1
6.56142e-14
1
1
1.16573e-14
3.28487e-14
0
1
1
1
1
1
1
1
1.73195e-14
0
1
1
6.13121e-14
1
1
1
1
1
1
0
1
1
3.78586e-14
1
1
1
4.09117e-14
1
1
0
1
1.65423e-14
1
1
1
1
1
1
0
1
0
1
1
1
1
1.70142e-14
1
1
2.63678e-16
1
1
1
1
1
1
1
1.71418e-13
0
3.7248e-14
0
1
1
1
1
1
1
1
1
1
3.55271e-15
0
1
0
1
0
1
0
5.32907e-15
1
1
1
1.06026e-14
1
0
0
1
8.32667e-16
2.33147e-15
1
2.35922e-15
1.63758e-15
0
1
1
0
1
1
1
1
1
0
1
1
0
0
8.21565e-15
1
1
1
1
1
1
1
0
1
5.32907e-15
1
1
1
1
1
1.66533e-16
0
0
5.63438e-15
0
1.249e-15
1
1
0
0
1
1
1.17684e-14
1
1
1
1
1
1
1
1
1
1
1
0
1
0
1
0
1.27676e-15
1
0
1
1
1
0
8.24341e-15
0
1
1
1
2.498e-16
1
1
1
1
0
0
1
0
8.6875e-15
1
1
1
1
5.27356e-16
1.66533e-15
1
1
1
1
1
1
1
0
1
0
1
0
1
0
1
0
0
1
1
1
1
2.9976e-15
0
0
1
0
1
1
0
0
1
1
1
0
1
1
1
0
1
1
1
4.55191e-15
1
1
0
1
1
8.60423e-15
0
0
1
2.22045e-16
1
0
3.58047e-15
1
1
6.10623e-15
1
0
1
0
1
1
1
1
0
1
1
1
1
9.85323e-16
1
0
1
1
0
1
1
1
1
1
0
1
0
1
1
1
1
1
1
1
1
0
1
1.04639e-14
