1
1
1
6.88338e-15
1
1
1
1
1
1
0
1
1
1
1
1
3.33067e-16
1
0
1
5.25968e-15
1
0
1
1
0
9.71445e-15
1
3.55271e-15
1
4.30211e-16
1
1
0
1.66533e-15
1
1
1
1
0
1
8.46545e-16
0
1
1
1
1
0
1
1.11577e-14
1
1
1
1
1
1
0
1
1
0
0
0
1
1
1
0
5.13478e-15
0
1
1
7.43849e-15
1
1
0
1
1
1
0
1
0
5.85643e-15
1
1
0
1
1
1
0
8.54872e-15
1
0
0
1
1
1
0
0
0
0
1
1
1
0
0
1
0
1
1
1
0
1
1
1
1
0
0
1
1
1
1
0
6.71685e-15
1
1
0
0
1
1
1
0
1
0
1
1
1
0
1
1
1
1
1
0
1
1.10884e-14
1
4.21885e-15
1
9.10383e-15
1
1
1
0
1
1
8.88178e-15
1
0
1
0
1
1
1
1
0
1
1
1
1
1
1
0
1
1
1
4.44089e-16
0
0
0
1
1
0
1
1
1
0
1
2.4647e-14
1
1
2.04003e-14
0
1
2.54241e-14
0
4.14113e-14
0
1
0
1
1
9.88098e-15
1
1
1
1
1
0
1
1
1
1
0
0
0
0
1
2.33147e-14
0
1
1
1.11577e-14
1
0
0
1
6.77236e-15
1
0
1
0
1
1
4.27436e-15
1
0
1
1
0
1
0
1
1
0
0
0
1
1
1
0
0
1
1
1
1
8.88178e-16
1
0
0
0
8.88178e-16
1
0
1
0
1
1.44468e-14
1.52101e-14
1
0
1
1
0
1
1
1
1
0
1
1
1
1
1
8.69675e-16
0
1
1
1.21292e-14
1
1
1
0
1
1
1.09912e-14
2.01922e-14
0
1
1
1
1
1
1
0
1
0
1
1
1
1
1
1
0
1
0
1
1
1
1
1
1
0
1
1
1
1
1.84575e-15
1
1
1
1
1
1
3.89688e-14
1
1
1
2.76862e-14
0
0
1
0
1
0
0
1
1
0
2.02338e-14
0
1.17129e-14
1
4.55191e-15
1
1
0
0
1
7.92422e-15
0
1
0
1
1
2.79499e-14
0
1
1
1
0
1
0
1
1
1
1
1
0
0
1
1
1
1
1
2.50355e-14
1
0
1
0
1
1
1
0
0
1
1
1
0
0
1
1
1
1
0
1
1
0
1
0
1
1
1
0
8.47933e-15
2.53964e-15
1
1
-3.70074e-17
1
1
0
2.14828e-14
1
1
0
0
1
1
1
1
1
1
1
1
1
0
1
1
1
0
1
1.06581e-14
1
1
1
1.68199e-14
0
1
1
5.55112e-17
1
1
0
1
5.55112e-15
1
1
0
1
1
1
0
1
1
1.00198e-14
1
1
1.81521e-14
1
0
1
1.85268e-14
1
1
1
9.57567e-15
1
1
1
0
1
0
1
0
1
0
1
1
0
2.2482e-15
1
1
1
1
8.88178e-15
1
0
1
1.26288e-15
1
1
1
1
1
1
1
1
1
1
1
1
1
1
6.80012e-15
1
9.74221e-15
1
1
7.93809e-15
1
1
1
1
1.78746e-14
1.44329e-15
1
1
0
9.33975e-15
1
1.36141e-14
1.85685e-14
0
1
1
1
1
1
1
1
0
0
1
1
1
0
1
0
5.32907e-15
9.72833e-15
3.53884e-15
1
0
1
1
0
0
0
1
1
1
1
1
1
1
0
1
1.93734e-14
1
1
0
0
0
1
1
0
1
4.85723e-15
1
1
1
0
1
0
1
1
1
1
8.63198e-15
1
0
0
1
0
7.64666e-15
1
0
1
1
1
1
1
1
0
1
0
1
0
1
1
1
2.43972e-14
0
9.90874e-15
2.60347e-14
1
0
2.56739e-14
1
0
0
1
1
0
1
2.01367e-14
1
1
0
1
1
1
1
2.33147e-14
0
1
1
0
1
2.63678e-16
1
1
7.88258e-15
8.21565e-15
0
1
1
1
1
1
0
1
1
1
1
1
1
0
1
1
0
1
0
1
0
1
1
1
1
1
0
1
1
1
1
1
1
1
1
0
1
0
0
1
0
1
0
1
1
1
1
1
7.96585e-15
1
1
1
1
1
1
1
0
0
0
1
1
0
1
6.38378e-15
0
1
1
1
0
0
0
4.05231e-15
1
1
0
1
0
1
0
1
1
0
0
1.20737e-14
2.23987e-14
1
1
1
0
2.9976e-15
0
1
1
1.08802e-14
0
1
1
1
0
1
1
1
1
1
1
0
2.88658e-14
1
1
9.75608e-15
1.24345e-14
1
9.99201e-16
1
0
0
0
0
1
2.10942e-15
0
0
1
1
1
6.67522e-15
3.60267e-14
2.66454e-15
1
1
1
1
2.24126e-14
1
0
0
0
1
1
1.06581e-14
0
0
0
1
1
0
0
1
1
1
1
1
1
1
1
3.02536e-15
0
1
1.35725e-14
1
1
1.06859e-15
1
1
2.566e-14
1
1
0
1
1
1
1
1
0
1
1
0
1
1
0
1
1.25455e-14
1
1
1
1
1
1
1
1
1
1
9.45077e-15
1
2.91017e-14
5.44009e-15
3.77476e-15
1
1
1
1
1
1
0
0
1
7.43849e-15
1
0
0
1
1
1.47382e-14
1
1
0
0
0
1
0
0
1
1
1
1
1
1
1
0
1
1
1
0
1
1
1
1
1
1.44329e-14
1.37853e-15
2.07057e-14
3.88578e-15
2.64788e-14
1
1
1
0
0
1
1
0
2.56462e-14
1
0
0
1
1
1.90126e-14
0
1
1.06581e-14
1
0
1.0103e-14
0
1
1
0
1
1
1
1
0
1
1
2.45359e-14
1
1.01863e-14
1
0
1
1
1
4.84797e-14
1
1
1
4.19109e-15
0
1
4.55191e-15
2.10831e-13
0
7.43849e-15
1
1
1
1
1
1
1
1
0
1
1
0
1
1
1
1
0
1
1
2.91434e-16
2.98372e-15
1
1
1
1.81521e-14
1
1
1
1
0
1
1
1
0
1
0
1
1
1
0
1
3.05311e-15
1
1
3.88578e-14
1
1
7.77156e-15
1
1
1
1.02973e-14
1
1
1.36141e-14
8.43769e-15
1.21014e-14
0
1
1
1
0
0
1
1
0
0
1
0
1
1
1
1
1.59872e-14
1
1
0
0
1
1
0
7.49401e-14
7.91034e-15
1
1
6.10253e-14
1
1
1
3.10862e-15
0
1
0
0
1
1
0
8.07687e-15
1
1.02696e-14
1
2.18714e-14
1
0
1
1
0
0
1
0
0
2.77556e-16
1
0
1
1
2.37218e-14
1
1
1
1
1
1
2.77556e-15
1
1
2.60625e-14
1
0
1
1
1
1.0103e-14
0
1
0
7.85483e-15
1.95399e-14
1
1
2.95319e-14
1
0
3.63598e-15
1
1
0
0
1
1
1
1
1.64313e-14
1
1
1
1
1
3.33067e-15
1
1
0
1
0
0
0
1
1
1
1
0
1
0
1
3.21965e-15
1
8.10463e-15
0
1
1
2.77556e-15
7.10543e-15
1
1
1
0
1.31006e-14
1
1.6237e-15
1
1
7.43849e-15
1
4.23273e-15
1
1
0
1
1
1
1
0
0
0
0
0
1.94289e-14
1
0
1
1
1
1
1
1.94289e-15
1
1
1
1
3.33067e-14
0
1
1
2.51466e-14
1
2.26208e-15
1
3.66235e-14
0
0
1
1
0
2.77556e-17
6.4948e-15
1
1
1
1
3.83027e-15
1
0
1
1
0
1
0
0
3.85247e-14
1
0
0
0
1
1
1
1
3.21965e-15
1
0
0
1
0
0
1
1
0
1
0
1
0
1
1
6.7446e-15
1
1
9.99201e-16
1
0
0
1
1
1
1
1
0
1
0
1.59872e-14
1
1
1
0
0
0
1
1
0
1
1
2.72282e-14
1
1
3.88578e-16
0
1
1
1.81799e-14
1
1
3.13083e-14
1
1
1
1
0
1
0
1
1
1.17822e-14
0
1
0
0
1
1
0
1
1
1.16573e-14
0
4.74204e-14
2.23849e-14
1
0
0
1
0
1
1
6.10623e-16
0
1
1.84297e-14
7.77156e-16
1
1
1
1
1
1
1
0
1
1
1
3.31818e-14
1
1
1.05471e-15
1
1
0
1
1
1.10467e-14
1
1.83187e-15
1
2.16493e-14
1
1
1
1
1.72085e-14
0
0
1
1
0
1
1
1
0
5.55112e-17
0
1
2.25451e-13
0
1
1.37945e-14
0
2.17881e-14
1
1.95122e-14
0
1
1.97065e-14
0
1
1.46827e-14
1
1
0
1
0
0
1
0
1
1.34337e-14
1
1
1
1
1
1
1
1
1
0
1.1921e-14
1
1
1
1
1
1
1
0
0
1
1
2.32731e-14
1
0
1
4.07452e-14
1
1
2.27596e-14
1
1
1
1
5.24025e-14
1
0
5.44564e-14
8.24341e-15
1
1
2.7478e-14
1
1
1
1
0
1.22125e-15
1
1
1
0
1
7.66054e-15
1
1
1
0
0
0
1
1
1
1
1
1
1
1
1
1.43774e-14
1
0
1
1
1
1
0
1
5.95357e-15
1
1
0
0
1
0
1
2.53686e-14
1
1
1
3.03368e-14
1
1
1
0
1
1
1.72085e-15
1
1
1
1
1.26343e-13
0
1
0
3.64986e-14
0
1
1
0
1
1
1.94289e-15
1
1
1
3.30569e-14
1
0
1
1
2.92266e-14
1
0
1
1
1
4.69347e-14
1
1
8.13238e-15
0
1
1
1
1
0
1
1
2.44804e-14
1
1
1
0
1
1
1.11577e-14
0
1
1
0
7.10543e-15
0
1
1
0
0
1
1
1
1
0
1
1
0
1
1.82077e-14
0
1
1
1
1
0
0
9.99201e-16
2.54519e-14
0
0
0
1
0
1
1
2.52576e-14
0
1.91236e-14
1
0
3.02258e-14
1
1
1
1
0
1
1
1.32117e-14
1
1
1
2.35367e-14
1
1
0
1.04361e-14
0
1
1
1
6.93889e-15
1
1
8.65974e-15
1
1
0
1
1
1
1
1.05194e-14
1
0
1
1
1
0
1
0
1
1
1
1
1
1
1
1
1.5099e-14
1
1
0
1
1
2.43139e-14
1
1.35447e-14
0
1
1
0
1.51823e-14
0
0
1
0
0
1
1.08247e-14
1
1
0
1
1
1
1
0
0
5.55112e-16
1
1
1
0
1
1
1
1.69309e-15
1
1
1
2.90323e-14
1
0
0
0
2.32592e-14
1
1
0
1
1
0
0
2.42306e-14
1
0
1
1
1
1
1
1
1
1
1
4.54081e-14
0
1
1
1
5.07372e-14
1
1
1
1.83187e-15
2.55351e-15
1
1
1
1
1
1
2.9865e-14
1
1
1
0
1
1
1
1
0
1.54876e-14
1
1
0
0
1
1
6.52256e-16
1
0
1.71807e-14
0
0
1
1
1
1
0
1
4.16334e-14
1
1
1
0
0
1.79856e-14
2.226e-14
0
1
1
0
1
1
0
0
6.67522e-15
1
1
0
1.70142e-14
1.37113e-14
1
2.62984e-14
1
1
1
1
1
0
1
1
0
1.81151e-14
0
1
0
0
0
0
0
1
9.53404e-15
1
1
0
1
1
1
1
1
1
1
1
1
0
1
1
0
1
1
1
1
0
1
1
1
0
2.2371e-14
1
1
1
1
1
6.36158e-14
0
1
1
1
1
1
1.33227e-14
1.63203e-14
1
1
1
1
1
3.33067e-15
1
0
1
0
1
1
0
1
1
1
1.66533e-15
1
9.15934e-16
1
0
1
1
1
1
1
1
1
0
1
1
0
1
3.08087e-15
0
3.21687e-14
1
0
2.22322e-14
1
0
0
6.57807e-15
0
1
1
0
0
0
0
0
5.39846e-15
1
0
1
0
0
1
1.14353e-14
1
0
4.77538e-15
0
1
0
1
0
0
1
1
0
1
0
0
1
0
0
1
1
1
1
1
0
0
1
1
1.11022e-15
0
1
1
1
1
1
0
1
1
0
1
1
1
0
1.44329e-14
1
1
0
1
4.21885e-15
1
1
1
1
3.88578e-15
2.30926e-14
1
0
1
0
1
1.27676e-14
0
1.83187e-14
1
0
0
9.92262e-15
1
1
0
1
1
1
4.23828e-14
0
1
1
1
0
0
1.11577e-14
0
1
1
1
1
1
1.14908e-14
6.14786e-15
0
1
1
1
1
1
1
1
2.00673e-14
1
0
1
0
1
0
1
1
8.32112e-14
0
1
1
1
1
1
1
1.54043e-14
2.22877e-14
1
0
1
1
0
1
1
3.33067e-14
1
1
1
1
1
1
0
1
1
1
1
1
0
1
1
0
1
4.51491e-15
3.8719e-15
1
0
1
1
0
1
4.28824e-15
0
1
0
0
0
1.02696e-14
1
1
0
1
1
1
1
1
2.27318e-14
1
1
1
1
1
0
1
1
1
1
1
0
1
1
1
1
1
1
1.57652e-14
1
1
1
1
1
7.02216e-15
0
1
1
1
1
1
0
1
1
1
1
1
0
1.13243e-14
9.49241e-15
1
3.83027e-15
9.46465e-15
1
1
1
1.38917e-14
1
1
1
1
1
1
9.71445e-15
1
0
0
1
1.77081e-13
0
1
1
1
1
0
5.88418e-15
1.11022e-15
1
1
1
1
1
2.7478e-14
1
5.32907e-15
0
1
1
1
1
8.52096e-15
1
0
1
1
0
7.43849e-15
1
0
1
1
0
1
0
0
1
1
1
1
1
5.32907e-15
3.2474e-15
0
0
1
1
1
1
0
0
1
1
1
1
1
0
1
1
1
1
0
0
1.4988e-15
2.26069e-14
0
1
2.7589e-14
1
1
0
0
1
2.22045e-14
1.83187e-15
0
1
0
1
0
1
1.09912e-14
1
1
1
1
1
0
1
1
1
1.19349e-15
1
1
1.19904e-14
1
1
1
1
1
1
1.30451e-15
8.21565e-15
1
1.94289e-16
0
3.84137e-14
1
1
0
0
2.03171e-14
1
1
1
1
1
1
1
1
1.2948e-14
0
1
0
0
0
0
2.19269e-15
1.29526e-14
0
1
1
1
1
1
1
1
1
1
1
1
1
1
0
0
1
1
1
0
0
1
1
1
1
1
1
7.66054e-15
1
2.46747e-14
0
1
7.88258e-15
1
4.7462e-14
1
0
1
1
0
1
1
1
1
1
1
1
2.23155e-14
1
1
0
0
0
1.54321e-14
1.61908e-14
0
1.69864e-14
1
0
1
1
1
0
3.90799e-14
1
6.09235e-15
1
0
1
1
1
1
1
1
1
1
1
1
1
1
1
0
1
0
1
1
1
0
1
1
1.6126e-14
1
1
0
1
1
1
1
1
0
1
0
1
1
0
1
0
1
1
1
1
0
1
1
1
0
1
0
1
1
1
1
0
0
1
0
0
1
1
0
1
1
1.18794e-14
1
0
1
1
0
1
1
0
8.99281e-15
0
2.27818e-13
1
1
1
3.90521e-14
1
0
1
2.22045e-15
1
1
2.83107e-14
1
1
9.90874e-15
1
0
1.7597e-14
1
1
1
8.90954e-15
6.27276e-15
1
1
5.55112e-16
1
1
1
1.4766e-14
0
1
0
0
1
1
1
0
1
1
0
1
1
1
1
2.39253e-14
0
1
0
1
1
0
1
1
1
0
1
1
4.77396e-15
0
1
0
1
0
1
1
0
0
4.01901e-14
4.50038e-15
1
1
1
1
3.95239e-14
1
1
7.21645e-15
1
1
0
0
1
1
2.51466e-14
0
1
1
1
1
1
1
1
1
1
1
0
1
2.60902e-14
1
1
1
1
1
0
4.54081e-14
1
1
1
3.21687e-14
0
1
0
1
0
1
1
1
0
0
7.74381e-14
1
0
1
1
1
1
2.55074e-14
1
1
1
0
1
0
1
1
1
2.12885e-14
1
1
0
0
0
1
0
0
1
0
0
0
1
1
1
1
1
1
1
1
1
1
1
6.00908e-15
0
1
0
0
1
1
1
1
1
0
1
1
1
1
0
1
9.10383e-15
0
1
1
1
1
0
1
1
1.52989e-13
0
1
1
1
1
0
9.76996e-15
1
1
1
1
0
1
0
1
1
1
1
1
0
0
1
0
0
1
5.08852e-17
1
1
1
0
1
1
1
1
1
1.02696e-15
1
6.70297e-15
5.1209e-15
1
1
0
0
1
1
4.16334e-15
1
0
0
0
1
1
1
1
1
1
1
0
0
1.53766e-14
0
7.18869e-15
0
0
1
1
0
1
4.90025e-14
1
1
1
1
1
1
1
1
1
1
0
1
1
0
1
1
1
0
1
1
1
9.15934e-16
0
0
1
1
1
1
1
4.10783e-15
1
1
1
0
1
0
1
1
9.07607e-15
0
1.28231e-14
1
1
1
1
1
1
1
1
0
1.07969e-14
0
0
1
1
1
0
0
4.60743e-15
1
1
1
1
1.12688e-14
0
2.27596e-15
1
0
1
1
1
1
1
1
1
1
1
1
1
0
1
1.83742e-14
1
1
0
1
0
1
1
1
1
1.72917e-14
1
1
4.66294e-15
1
0
1
1
0
0
1
1
0
1
1
1
1
1
1
1
1
1
0
0
0
2.55351e-15
0
1.66533e-15
8.14626e-15
1.83409e-13
0
1.11022e-14
1
4.64073e-14
1
1
1
1
1
1
1
1
1
0
1
0
0
1
4.59355e-15
1
1
0
1
1
1
1
1
1
1
1
3.71925e-15
1
0
1
0
1
1
1
0
0
1
0
1
1
1
2.81442e-14
0
1
2.18714e-14
1
1
1
1
1
1
1
1
0
1
2.64233e-14
1
1
0
1
1.57097e-14
1.14353e-14
1
0
1
0
0
2.41474e-15
1
1
1.05749e-14
5.55112e-16
4.85723e-16
0
1
1
2.09166e-13
1
1
1
2.73115e-14
1.16573e-15
1
1
1
0
1
1
0
1
0
0
0
1
9.65894e-15
1.75415e-14
1
1
4.03289e-14
1
0
1
0
1
1
1
0
1.01308e-15
5.10703e-15
1
1
1
1
1
1
1
1
1
1
1.57652e-14
1
1
1
1
0
1
0
0
0
1
1
1.64313e-14
1
0
1
1
1
1
1
1.06581e-14
1
1
0
1
0
1
7.17204e-14
6.24778e-14
0
0
0
0
1
2.20657e-14
0
4.55191e-13
1
1
1
1
1
1
1
1
1
1
2.38143e-14
1
1
1
1
1
4.94049e-15
1
1
1
1.12965e-14
1
1
0
5.05151e-15
1
1
1
1
1
2.02394e-13
1
1
0
9.04832e-15
0
1.4877e-14
1
0
0
0
1
1
1
1.98175e-14
1
1.29341e-14
2.54741e-13
1.13798e-14
1
1
1
1
1
1
1
1
1
1
0
1
1
1
3.88578e-13
1
1
1
1
1
7.77156e-15
1
1
1
1
1
1.35586e-14
1
1
1
1
0
0
1
1
1
0
1
1
1
1
1
1
1
1
1
1
1
1
3.54383e-13
1
1
1
0
1
1
1
0
1
1
1
1
1
1
1
1
0
1
0
1
1
0
1
1
0
1
1
1
1
1.39611e-14
1
1
1
1
1
3.15303e-14
0
1
1
1
4.69902e-14
0
1
0
1
3.51201e-14
1.39749e-14
0
1
1
1
0
1
1
1
1
1
1
1
1
1
1
0
1
0
1
1
1
1
1
1
0
1
1
0
3.28904e-14
1.21292e-14
1
1
1
3.03368e-14
1
5.70655e-14
1
1
1
1
1
1.41276e-14
1
0
1
1
1
0
1
1
1
1
1
1
1
1
1
1
0
1
1
0
1
1
1
1.60705e-14
1
1
0
1
1
1
1
1
1
1
9.4369e-15
0
1
1
1
1.40443e-14
0
1
1
1
0
0
1
0
1
1
1
0
1
1
1
0
1
1
1
1
1
1.30562e-13
1
0
1
0
1
1
2.64233e-14
1
1.44884e-14
1
6.10623e-15
1
1
1
1
1
0
1
3.9635e-14
1
1
1
1
1
1
1
0
1
1
1
0
1
1
1
1
0
0
1
1
1
1
1
1.35891e-13
0
0
1
2.59653e-14
3.03297e-14
1
1
1
0
1
1
3.55271e-15
1
1
1
1
1
1
1
1
1
1
1
0
1
1
1
1
1
1
1
0
1
1
1
0
1
1
1
1
1
0
1
1.04361e-14
1
1
0
1
1
1
1
0
1
1
1
4.42701e-15
1
0
3.747e-15
4.59355e-15
2.9976e-15
0
1
1
1
1
1
1
1
1
1
1
0
2.35645e-14
1
0
1
0
1
1
4.26326e-14
1
1
1
1
1
1
1
1
0
1
1
1
0
3.24463e-14
1
1
1
1
1
0
1
1
1
1
1
1
0
1
1
0
1.11577e-14
1
1.28786e-14
1
1
1
1
1
0
1
1
1
1
1
0
6.01463e-14
1
1
1
1
1
1
1
1
1
1
1
1
1
1
1
1
1
1
8.84848e-14
1
1
1
0
1
2.17604e-14
1
2.14051e-13
3.98709e-14
1
1
1
1
0
1
1
1
1
1
1
1
1
1
1
1
1
1
1.84852e-14
0
0
1.13937e-14
1
1
1
8.65974e-15
1
0
1
1
1
0
1
1
1
0
1
0
1
1
1
1
1
0
1
1
1
1
0
1
0
0
1
1
1
1
0
1
1
1
1
1
1
1
1
1
1
2.27596e-15
1
1
1
1
6.52811e-14
1
1
1
1
1
1
1
1
1
1
1
1
1
1
1
1
1
1
1
1
1
1
0
1
1
1
1
1
1
1
8.91509e-14
0
0
1
1
1
1
1
0
1
1
1
1
1
1
1
1
0
0
0
1
1
1
1
1
1
1
1
0
1
1
1
0
1
1
1
0
1
1
4.32987e-15
1
1
1
2.46025e-13
1.82077e-14
0
1
4.23828e-14
0
1
1
8.88178e-16
1
1
1
1
1
1
1
1
6.32827e-15
1
1
1.72085e-15
1
1
1
1
1
0
1
1
1
1
1
1
1
1
1
1
1
1
1
1
1
0
1
1
1
1
1.19349e-15
0
1
1
1
1
1
1
1
1.18794e-14
3.03368e-13
1
1
1
1
1
1
1
1
1
1
1
1
1
1
1
0
1
1
1
1
0
1
1
1
1
1
1
1
1
1
1
0
0
1
0
1
0
2.12608e-14
1
1
1
1
1
1
1
1
4.44089e-15
1
1
1
3.16636e-13
1
1
1
1
1
0
1
1
1
1
1
0
1.13613e-14
1
1
1
1
1
5.43177e-14
1
0
1
1
1
7.52176e-15
1
1
1
1
1
1
1
1
1
6.95832e-14
0
0
0
1
5.30409e-14
1
0
1
1.17267e-14
1
0
1.03806e-14
1
1
1
1
0
0
1
0
1
1
1
0
1
1
1
1
1
1
1
1
1
1
1
1
1
1
1
1
2.54241e-14
1
1
1
1
1
1
0
1
1
0
1
1
1
1
5.05151e-15
1
1.11022e-14
1
1
1
1
9.28424e-15
1
0
1
1.64591e-14
1
1
1
1
1
1
4.21885e-14
1
1
8.88178e-16
1
1
1
1
1
1
2.00284e-13
1.38445e-13
1.66367e-13
1
1
1
1
1
0
1
1
1
0
0
1
1
1
1
1
1
1
1
3.60822e-16
1
1
1
1
1
1
1
1
1
0
1
0
1
1
1
1
0
1
1
1
1
0
1
1
1
1
5.4956e-15
1
1
1
1
1
1
1
1
1
1
0
1
1
1
1
1
0
1
1
0
0
1
1
1
1
1
7.14151e-14
2.86581e-14
1
0
1
1
1
0
0
0
1
1
1
1
1
0
1
1
1
1
1
1
1
0
1
8.52096e-15
1
1
1
1
1
0
1
1
1
1
1
1
1
0
1
1
1
1
7.99361e-15
1
1
1
1
1
0
1
1
0
1
0
0
1
1
1.54321e-14
1
1
1
1
1
1
0
1
1
1
1
1
8.51541e-14
1
1
0
1
1
1
1
1
1
1
1
1
0
1.55431e-14
1
1
6.66134e-15
3.15581e-14
0
1
2.32592e-14
0
1
0
2.99621e-14
1
1
1
1
1
1
1
1
1
1
1
1
1
1
0
1
0
1
1.25872e-14
0
1.97342e-14
1
1
1
1
1
0
2.31759e-15
1
1
1
0
1
1
1
1
1
1
1
1
1
1
1
0
0
1
1.45439e-14
1
1
1
0
1
1
0
0
2.44249e-13
0
0
1
0
3.11418e-14
2.31482e-14
1
1
1
1
1
1
1
1
1
1
6.66134e-15
1
0
1
1
1
1
1
1
1
1
1
1
0
1
0
1
1
1
1
0
1
1
1
1
1
1
1
0
1.32117e-14
0
1
1
0
1
1
0
0
0
1
1
0
1
1
1
1
1
0
1
1
1
1
1
3.95239e-14
6.13398e-14
1
1
1.2168e-13
1
1
1
1.17684e-14
1
1
0
1
2.22045e-15
1
0
1
1
1
1
1
1
1.49325e-14
1
1
1
1
0
1
1
1
1
1
0
1
0
1
0
1
0
1
1
1
1
0
1
1
1
0
1
1
1
9.35363e-15
1
1
1
1
1
1
1
1
1
1
1
1
1
1
1
1
1
1.11022e-16
4.52769e-15
1.75703e-13
1
0
0
5.53594e-13
1.55431e-15
1
5.11813e-14
1
1
8.63754e-14
1.52101e-14
1
1
0
1
0
1
8.00054e-14
1
1.62093e-14
1
1
1
2.51743e-14
6.05072e-15
1
1
0
1
1
1
1
1
0
1.14353e-14
9.15934e-16
1
0
1
1
1
1
1
1
1
1
1
1
1
1
1
0
1
1
1
1
1
0
0
2.00395e-14
0
1
1
1
0
0
1
1
1
0
1
0
1
1
2.35589e-13
1
0
7.71883e-14
0
1
1
1
1.79301e-14
1
1
1
3.08226e-14
1
1
1
1
1
1
1
0
1
2.79221e-14
1
0
1
1
2.20934e-14
1
1.43663e-13
0
0
1
0
2.55351e-15
1
0
5.2458e-15
1.54876e-14
1
0
9.82547e-15
1
1
4.05231e-14
1
1
1
1
0
0
1
1
1
1
1
1
2.32592e-14
1
0
0
1
1.6856e-13
1.46827e-13
1
1
1
0
2.84217e-14
7.4829e-14
0
0
1
1
0
1
0
0
0
9.79772e-15
0
1
1
0
1
2.72005e-14
0
0
1
0
1
7.41074e-15
1
3.9968e-15
1
1
1
0
1
0
0
1
1
1
1
3.74561e-14
1.5335e-14
1
1
1
1
1
9.50628e-15
0
1
1
1.81799e-14
1
1
0
7.77156e-15
1
0
1
1
1
1
0
1
0
1
0
1
1
1
0
0
0
4.70735e-14
0
1
1
1
1.03251e-14
1
1
0
2.56462e-14
1
1
1
1
1
0
1
1
1
1
1
1
1
1
1
0
0
1
1
0
0
1
0
1
1
1
1
0
1
1
1
0
1
0
1
1
1.59872e-14
1
1
0
0
1
1
1.98952e-13
1.06332e-13
0
1.56993e-13
0
1
2.5091e-14
1
1
1
1
0
0
1
0
0
1
0
1
0
1
1
0
1
1.47105e-14
0
1
1
2.14828e-14
1
1
1
1
2.77417e-14
0
1
1
1
1
0
0
1
0
1
1
1
1
0
2.37033e-14
1
0
0
1
1
1
1.88738e-15
1
0
1
1.96093e-14
1
1
1
0
1
1
1
1
1
1
1
1
1
1
1
1.70919e-13
0
1
1
0
0
1
3.39867e-14
1
1
1
1
1
1
1
1
1
1
0
0
0
1
0
1
1
1
1
0
0
1
1
3.88578e-14
1
1
1
1
1
1
1
4.63518e-15
1
1.11022e-16
1
1
1
0
1
1
1
1
1
0
1
1
1
1
2.21212e-14
0
1
1
1
0
0
0
0
0
1.84852e-14
0
0
1
1
2.80886e-14
0
7.82707e-14
3.58324e-14
1
1
0
5.2458e-15
1
2.44138e-13
1
8.52374e-14
0
1
1
0
1
1
1
1
1
1
1
1
1
1
1
1
1.66533e-14
1
1
9.04832e-15
1
1
1
1
1
1
1
1
1
1
1
1
0
1
0
0
1
1
4.33209e-13
0
0
1
0
1
1
0
1
4.55191e-15
1
7.68829e-15
1.5668e-14
0
1
1
1
1
1
0
0
0
1
1
1
1
7.93809e-15
1
0
1
0
1
1
1
1
1
0
1
1
1
1
1
1
1
1
0
1
0
1
0
1.10467e-14
1
1
1
1
0
2.1233e-14
0
1
1
1
0
3.8719e-14
1
0
1
0
1
2.16216e-14
1
1
1.29896e-14
1
1
1
1.92568e-13
6.08125e-14
0
1.83187e-14
0
3.59712e-14
8.32667e-16
0
0
0
0
1
1
0
1
1
1
1
1
6.63358e-14
1
0
0
0
0
1.9984e-15
1
1
1.63758e-14
1
1
1
1
1
1
1
1
2.80331e-15
1
1
1
1
1
0
1
1
0
0
1
1.84575e-14
1
1
1
1
1.09079e-14
1
0
0
1
1
1
0
0
1
1
1
1
1
1
0
1
1
1
1
0
1
1
0
0
1
0
4.10783e-15
1
1
1
1
1
0
1
0
1
2.35922e-15
0
1
4.44089e-15
1
1
0
0
1
1
1
0
1
1
2.45359e-14
1
1
1
1
1
1
1
1
1
1
0
1
1.38778e-15
1
1
1
0
2.67564e-14
0
0
1
2.52715e-14
1
1
1
1
1
1
1
1
0
0
1.38536e-13
0
6.71685e-14
0
1.20958e-13
1
1
0
0
0
0
1
1
0
1
1
1
1
6.55032e-14
1
1
0
3.32512e-14
1
1
1
0
1
1
1
1
1
1
1
0
0
1
1
1
1
1
1
1
0
1
1
1.33227e-14
1
1
0
1
1
1
0
1
3.91492e-14
1
0
1
5.05429e-14
1
1.19627e-14
1
1
1
1
1
1
1
1
1
1
1.49186e-14
1
1
1
1
1
0
1
1
1
0
1
1
1
0
1
1
1
1
0
1
1
0
1
1
1
1
1
0
1
1
6.05072e-15
1
1
1
1.0672e-14
0
2.91434e-14
7.36911e-15
1
1
1
1
1
8.75688e-15
0
1
1
1
2.32731e-14
0
1
1
1
8.54872e-15
1
1
0
1
1
0
2.83384e-14
0
0
0
0
1
2.41916e-13
1
1.4803e-16
1.11022e-16
4.99295e-14
0
0
1
1
1
1.13048e-13
1.17961e-14
2.84217e-14
1
0
1
1
1.66533e-15
1
1
1
0
1.15324e-14
1
9.99201e-16
1
0
1
1
1
1
1
1
2.498e-16
1
1
1
1
1
0
1
1
1
0
1
0
1
0
0
0
1
1
1
0
1
5.8259e-14
1
2.56184e-14
1
1
0
4.88128e-14
1
1
1
1
1
1
1
1
1
2.13163e-14
1
1
2.48551e-14
1
1
3.40977e-14
0
0
7.49401e-16
0
1
1
1.05471e-14
0
1
1
2.68674e-14
1
1
1
1
1
1
1
7.52176e-15
1
1
1
1
0
1
1
1
1
1
1
1
1
0
-1.11022e-16
0
0
1
0
1
0
1
1
1
2.34812e-14
1
0
1
1
1
1
1
0
4.94102e-13
0
1
2.72282e-14
1.70974e-14
1
1
1
7.82152e-14
0
1
0
0
1
0
0
0
6.78346e-14
1
0
1.99285e-14
1
1
1
1
1
0
1
8.52096e-15
1
0
1
1
1
1.89293e-14
1
1
1
1
1.03806e-14
1
1
1
1
1.26689e-13
1
1
6.85563e-15
1
1
1
1
0
1
1
0
1.4988e-15
1
1
1
0
1
1
0
1
0
1
1
1
0
0
1
1
1
1
1
1
0
0
3.30291e-15
0
1
1
1
1
4.13558e-15
1
3.4639e-14
1.70697e-14
1
1
1
1
1
1
1
1.72362e-14
1
1
1
1.28508e-14
1
1
0
1.1352e-14
0
2.91989e-14
1
1
1
1
7.79932e-15
1
1
0
1
1
1
1
1
0
0
5.9952e-15
1.45439e-14
1
1
1
1.95399e-14
0
1
0
1
1
1
2.07612e-14
0
0
0
1
5.32907e-14
0
0
0
0
1
1
0
1
1
0
2.79499e-14
1
0
1
0
1
1
2.25236e-14
1
2.63678e-15
1
1
0
1
8.39606e-15
0
1
1
1
2.55213e-14
1
0
1
1
1
1
0
1
1
0
1
1
1
0
2.14273e-14
0
1
1
0
0
1
1
1
1
1
1.61537e-14
1
0
1
1
1
0
0
1
1
0
1
1
1
1
2.71033e-14
4.44089e-16
1
1
2.11775e-14
0
1
1
1
1
1
0
-1.11022e-16
1
1
0
1
1
1
1
1
1
1
1
1
1
1
1
1
1
1
0
1
1
1
1
1.30174e-14
1
0
0
1
1
1.08247e-15
0
4.82114e-14
0
1
1.77081e-14
1.66811e-14
1
1
1
0
1
1
1
1
1
0
1
0
3.23441e-13
0
1
1
4.83832e-13
1
1
0
0
0
0
1
1
8.32667e-17
1
1
3.66374e-15
1
0
1
2.63678e-14
1
1
1
1
1
0
1
1.92901e-15
1
1
1
1
6.91114e-15
1
1
1
1
1
1
1
1
1
1
2.498e-16
0
1
0
1
1
1
1
1
2.15383e-14
1
1
1
1
1
3.69704e-14
0
1
0
1
1
1
0
1
0
1
2.27596e-14
1
0
1
1
3.75477e-13
1
3.78216e-14
2.50078e-14
0
1
1.21292e-14
1
1
1
1
1
1
0
1
1
0
1.59872e-14
1
1
1
1
1
1
1
0
1
1
1
1.5099e-13
1
0
0
0
1
1
1
1
1.17961e-15
1
1
2.20934e-14
1
1
0
1
2.47025e-14
4.10783e-15
7.42462e-15
1
1
1.68384e-15
1
1
1
1
1
1
0
0
0
0
1
1
1.20958e-13
1
0
0
0
1
0
1
1
1
1
0
0
1
0
1
1
1
3.30846e-14
1
1
1.18794e-14
1
0
1
1
0
1
1
1
0
1
1
1
0
1
0
1
1
7.88258e-15
1.40998e-14
1
1
0
1
1
2.31482e-14
1
1
1
1
1
0
0
1
1
0
1
1
0
0
0
1
1
1
1
0
0
1
1
4.44089e-14
1
1
1
1
1
1
1
0
2.77556e-15
0
1
1
1
1
1
0
1
1
1
1
1.37806e-14
3.08087e-15
0
1
2.32592e-14
1
1
1
1
1
1.94289e-14
1
1
1
1
0
1
1
1
1
1
0
8.04912e-14
7.21645e-15
0
0
1
1
1.83326e-14
1
1
1
1
0
0
0
1
4.76008e-14
1
9.21485e-15
0
1
1
1
4.47661e-13
1
1
2.91989e-14
0
4.27158e-14
0
0
1
1
1
1
0
0
0
1
1
4.24383e-14
1
1
0
1
1
1
1
1
0
1
0
0
5.55112e-16
1
1
-1.38778e-17
0
1
1
1
1
1
1
1
2.63123e-14
1
1
1
2.07889e-14
3.68872e-14
1
1
1
1
1
1
1
6.4726e-14
1
1
1
1
1
2.07334e-14
1
1
1
1
1
1.52989e-13
0
1
1
3.20299e-14
0
0
0
1
1
1
1
1
1
1
1
1
1
1
1
1
1
1
1
1
1
0
3.51386e-14
1
1
1
0
1
1
1
1
0
1
0
0
0
1
0
1
0
0
1.40721e-14
9.79772e-15
0
1
0
0
1
1
1
1
1
0
0
1
1
1
1
7.1349e-13
0
1
0
1
0
2.66454e-15
0
0
1
1
2.98095e-14
0
1
0
1
0
2.20934e-14
1
1.006e-13
1
1
1
1
0
0
0
0
1
4.70457e-14
0
2.50355e-14
1
1.19627e-14
0
1
1
1
1
1
0
1
1
1
0
1
4.18138e-14
1
1
1
1
0
1
1.41553e-15
1
1
3.24185e-14
0
5.78398e-13
0
1.40998e-14
1
1
0
1
1
1
1
0
2.22045e-14
0
1
1
1
1
1
6.72795e-14
5.04319e-14
1
1
1.18239e-14
1
1
1
1
8.32667e-15
1
1
1
0
1
1
1
0
1
1
1
1
0
1
0
1
1
0
1
1
1
1
1
1
1
1
1
1
1
0
1
1
1
1
9.11909e-14
2.9976e-15
1
0
1
0
0
2.26347e-14
3.52496e-15
1
1
1.1352e-14
1
0
1
0
0
1
0
1
8.61533e-14
1.23457e-13
0
0
1
0
4.14113e-14
0
1
1
1
0
3.35287e-13
1
0
1
0
1
3.611e-14
1
1
1
1
1
1
1.21754e-14
3.21965e-14
1
1
1
1
1
1
0
1
1
0
1
1
2.6773e-13
1
1
0
1
1
1
0
1
1.48215e-14
1
1
1
1
7.15816e-14
0
0
1
1
1
1
1
1
1
1
1
1
0
2.46136e-13
1
1
1
0
0
1
5.64132e-14
1
3.9968e-15
1
0
1
1
1
1
1
2.69229e-15
1
0
1
8.52096e-15
1
1
1
1
1
3.32651e-14
2.67147e-14
0
1
5.57887e-14
1
1
1
1
0
1
0
1
1
1
1
1
1
8.24341e-15
0
1
0
1
1.08802e-14
1
1
0
1
1
0
1
1
0
1
1
1
7.9498e-13
0
1
2.18575e-14
1
0
7.14793e-14
0
0
1
1
0
7.99462e-14
1
1
1.0722e-13
1
0
1
0
1
3.05311e-14
1
1
1
0
1
1
1
1
1
1
2.78666e-14
1
1
1
1
0
1
1
1
1
1
1
3.60822e-14
1
1
0
1
1
1
1
1
1
0
6.32827e-15
1.46966e-14
1
1
1
0
1
4.02456e-14
1
1
1
0
1
0
1
1
1
1
1
1
1
3.05533e-13
1
0
0
1
1
1
1
2.0095e-14
1
1
1
0
1
0
1
1
1
0
1
5.52336e-15
1
1
1
0
1
1
0
1
4.62297e-13
1.33227e-15
1.11022e-14
1
1
0
1.44051e-14
1
1
1
1
1
0
0
1
0
1
1
1
1
1
0
1
1
1
0
1
1
0
1
0
0
1
2.49217e-13
1
7.80624e-13
1
1
0
3.10862e-14
1
0
5.34017e-14
1
2.18853e-14
0
1
9.72555e-14
0
1.95816e-14
2.33147e-15
1
1
1
1
1
1
1
1
1
0
1
1
1
2.8394e-14
2.45914e-14
1
1
1
2.30649e-14
1.60705e-14
1
1
1
1.07248e-13
3.33067e-15
0
1
0
1
0
1.50574e-14
1
1
1
1
1
1
1
1
1
1
0
1
0
1
1
1
1
3.11695e-14
1
1
9.6867e-14
1
1
1
1.12133e-13
1
0
1.92207e-14
1
1
0
0
1
9.65894e-15
0
1
1
1
1
1
1
2.03726e-14
0
1
1
1
1.67644e-14
1
1
1.87905e-14
1
1
1
8.67084e-14
2.37865e-14
1
1
1
0
2.67564e-14
1
1
0
1
1
1
0
1
0
1
1
8.27116e-15
1
1
0
1
1
0
1
3.49859e-14
1
0
0
3.65161e-13
0
1
0
0
0
1.48942e-14
0
0
1
0
5.35127e-14
5.16106e-14
3.48055e-14
1
0
4.27436e-14
1
1
1.4766e-14
0
0
0
1
1
1
1
1
1
1
0
0
1
1
1
1
1
0
2.66454e-15
0
1
1
3.02425e-13
1
5.35683e-15
0
0
0
1
0
1.38778e-15
3.88578e-16
0
1
8.84015e-15
1
1
8.63615e-14
1
1
1
1
0
3.77476e-15
1
1
0
1
1
1
1
1
1
4.69902e-14
1
5.88696e-14
0
1
1
9.04832e-15
0
2.33702e-14
1
1
1
0
0
1.4988e-14
0
1
1
1
1
1
1
1
2.03726e-14
7.10099e-13
1
5.70766e-13
1
1
1
1
1
1
0
1
1
0
0
1
1
1
0
0
0
0
1
1
1
0
1
1
1
1.02196e-13
2.87918e-14
0
0
1
2.357e-13
1
0
0
1
0
1
2.77926e-14
0
0
8.01026e-14
0
0
0
0
1
0
1
1
1
5.50671e-14
1.0339e-14
1
1.92901e-15
1
1
0
0
1
1
1
1
0
1
1
1
1
1
1
0
1
1
1
1
1
1
1
1
1
1
1
4.8489e-14
0
1
3.01287e-14
1
0
1
1
1
1
1
1
1
1
0
1
1
1
1.70974e-14
1
1
0
5.16254e-15
1
3.86635e-14
0
1
1
1
1.60288e-14
1
1
0
1
1
0
1
1
1
2.15661e-14
1
0
0
0
1
0
1
1
0
1
1
1
1
1
1
1
7.78821e-14
0
1
2.55351e-14
1
1
0
0
0
1
1
1
1.07692e-14
0
1
0
0
0
0
1
1
0
0
0
4.82207e-14
5.10703e-15
1
1
3.05866e-14
0
0
1
1
1
1
1
0
1
0
0
1
3.17894e-14
1
1
1
1
1.38778e-14
0
1
1
1.00753e-14
1
1
1
1.29896e-14
1.33689e-14
1
1
1
1
0
1
1
0
1.70974e-14
1
1
0
1
0
1
0
1
1
1.25427e-13
1
0
2.20934e-14
1
1
2.10942e-14
1.80411e-14
1
1
0
1
1
1
1
0
1
1
3.46945e-16
1
1
0
1
3.07532e-14
1
1
1
2.67009e-14
1
1
0
2.19963e-14
8.49321e-15
1
1
0
0
4.82947e-15
1
1.15463e-14
1
1
1
1
1
0
1.67644e-14
4.21607e-14
4.4964e-14
1
1
1
1
1
0
1
9.71168e-14
0
1
1
1
1
1
1
2.22045e-16
5.7454e-15
1
1
1
0
0
0
1
1
5.26801e-14
0
1
1
5.16254e-15
0
1
3.01981e-14
0
5.4845e-14
1
1
1
0
1
0
1
0
1
1
1
1
3.42504e-14
1
1
1
1
1
1
1
0
1
1.19349e-15
1
3.78031e-14
1
1
1
1.59872e-13
1
1
0
1
1
3.77476e-14
1
1
1
1.68476e-14
1
1
1
0
1
1
1
0
1
1
1
1
1.73611e-14
1
1
1
1
1
1
0
0
1
1
1.17684e-14
1.0103e-14
1
1.54043e-14
1
1
1
0
1
0
1
1
1
2.21767e-14
1
1.33967e-14
3.88578e-16
1
1
2.69229e-15
0
3.21965e-14
1
1
1
0
0
1
1
1
1
1
1
1
1
0
0
2.68674e-14
1
1
1
1
1.4988e-15
1
0
0
0
1.09912e-14
1
0
1
1.56319e-13
3.28626e-14
1
0
0
0
1.68976e-13
4.32987e-14
1.4877e-14
1
1
1.44329e-14
0
1.68754e-14
1
0
1
0
1
1
1.59872e-14
1
1
0
1
0
1
1
1
0
0
1
7.52731e-14
1
0
1
1
0
1.05471e-14
1
1
1
0
1
0
0
1
1
1
1
1
1
1
1
1
1
1
4.21885e-14
1
1
1
1
1
0
3.747e-16
1
0
0
3.04867e-13
6.2228e-14
1
1
0
1
6.57807e-15
5.77177e-14
1
2.7145e-14
1
1
1
1
3.29181e-14
1
7.82707e-15
1
0
1
1
1
1.78746e-14
1
1
1
1
1
0
0
1
0
1
1
2.90046e-15
1
8.16014e-15
1
1
0
1
1.30729e-14
1
0
1
6.65856e-14
0
0
1
2.50355e-14
1
1
1
1
9.29812e-15
1
1
9.2204e-14
0
0
1.2379e-14
0
1
2.13829e-13
0
0
6.21725e-14
0
1
0
0
1
0
1
1
1
3.66374e-14
1
4.19942e-14
2.62845e-14
1
0
1
0
1
0
0
1
1
1
1
1
1
1
0
3.91631e-14
1
1
1
1
1
6.19782e-14
1
1
1
1
2.74225e-14
2.58127e-15
0
1
1
2.45914e-14
1
1
1
1
7.96307e-14
1
5.88418e-15
1
1.89015e-14
1.70419e-14
1
1
1
1.76248e-15
1
0
0
1
1
5.55112e-15
1
1
1
1
0
1.65146e-15
1
0
1
1
0
0
1
2.35922e-14
3.02258e-14
0
1
1
1
1
1
1
1
0
1
1
2.67342e-13
1
1
1
0
1
1
1
0
0
1.28786e-14
1
4.75175e-14
0
0
2.7367e-14
0
0
1
8.38218e-15
1
0
1
1.55431e-15
1
1
1
0
4.68958e-13
0
0
1
0
0
0
3.01842e-14
4.77951e-14
1
4.92939e-14
2.08167e-14
1
0
1
1
1
2.16382e-13
1
0
1
1
5.2458e-15
0
1.85962e-15
1
0
1
1
1
1
0
1
1
1
1
0
1
1
1
1
3.40727e-13
1.95732e-13
1
1
1.51962e-14
0
0
1
0
0
0
0
1
1
2.28983e-13
1
1.47243e-14
1
0
1
0
0
1
1
9.65894e-15
7.10543e-15
1.27676e-14
1
1
0
1
0
1
1
1
0
1
1
1
1
1
0
1
1
8.81702e-14
0
0
1
1
1
1
1
8.49321e-15
0
1
1
1.86628e-13
1
1
1.53026e-14
1
1
0
1
1
0
1
1
1
1
1
0
1.38084e-14
0
1
1
1
1
1
0
6.80012e-15
1
1
1
7.63833e-14
0
0
0
1
1
1
3.76588e-13
1
1
3.61378e-14
6.57252e-14
1.39111e-13
0
0
1
1
1
1.24345e-14
0
1
5.77316e-15
1.11716e-14
1.01585e-14
6.60583e-15
1
1
1
2.94209e-15
1
1
1
1
0
0
1
2.94209e-15
1
1
0
1
1
1
1
0
0
1
0
0
1
1
0
1
0
0
0
0
1
1
3.61933e-14
0
1
1
0
1
1
0
0
1
1
1
5.63438e-15
1
0
1.10106e-13
1.31908e-13
3.87745e-14
3.43198e-14
1
1
1.05749e-14
1
1
1
1
1
1
1
1
0
1
1
1
1
1
1
1
1
1
1.64313e-14
1
1
1
3.83027e-15
1
2.19269e-15
1
0
1
1
0
1
1
3.58602e-14
1
0
1
1
1
0
0
3.38618e-15
1
1
1
1
1
1.50435e-13
0
0
1.69384e-13
1.57891e-13
1
0
0
0
1
4.12448e-14
1
1
6.84452e-14
1
0
1
0
1
-1.11022e-16
1
6.86395e-14
1
1
1
2.16493e-14
0
3.77476e-15
0
1
1
1
1.07692e-14
1
1
1.88738e-14
0
1
0
1.9984e-15
1
1
1
1
0
7.20535e-14
1
0
0
7.63278e-16
1
1
1
1
1
1.41553e-14
1
0
1
8.59868e-14
1
0
1.37668e-14
1
1
1
1
1
1
1
1.38778e-13
1.9984e-15
1
1
1
2.48482e-13
0
0
1
1.03251e-14
1.17129e-14
1
0
1
1
1
1
1
1
1
1
1
1
0
1
0
1
1
0
1
1
1
1
0
1
1
0
1
1.9984e-15
1
0
1.11716e-14
1
1
0
1.84436e-14
1
1
0
0
1
1
0
1
1
1
1
7.74658e-14
2.22045e-15
0
0
0
0
8.06022e-14
0
0
3.35287e-14
0
1
1
0
1
0
1
0
1
0
1
7.32053e-14
0
0
1
1
1
1
1
1
1
1
0
1
0
1
1
1
1
0
1
1
1
1
6.88338e-15
1
0
0
9.79772e-15
1.92069e-14
1
1
1
1
3.51941e-14
1
1
1
0
0
1
1
1
2.26208e-15
0
4.37428e-14
1
1.57652e-14
1
1
1
1
0
1
1
2.04323e-13
1
7.60503e-15
6.21725e-15
1
1
1
1
0
1
1
1
1
1
7.10543e-15
1
1
0
0
1
1
1
1
2.55351e-15
1
1
1
1
2.362e-14
1
1
1
1
1
1
0
0
1
1
0
0
0
9.77921e-15
1
1.26288e-14
1
1
0
1
1
0
1
1
1.66145e-13
0
0
1
0
0
5.45342e-13
1
6.58362e-14
5.09592e-14
0
3.36287e-13
0
6.78346e-14
9.32032e-14
1
1
0
1
1
0
1
0
1
1
1
1
1
0
1
1
0
1
1
1
1
0
1
1
6.18949e-15
0
1
1
1
1
0
1
4.46865e-15
1
1
0
1
1
1
1
2.91989e-14
0
1
0
2.34442e-14
1
0
1
1.16573e-14
1
1
1.66533e-16
1
9.60343e-15
0
1
1
1
1
3.56437e-13
1
0
1
0
1
1
1
2.22045e-16
0
5.93969e-15
0
1
1
1
1
0
1
1
1
1
1
5.42622e-15
0
1
1
4.84057e-13
0
0
1
0
1
0
1
1
0
1
1
2.65343e-14
1
3.66374e-14
6.13398e-15
1
1.40998e-14
1
1
1
1
1
1
1
1.6695e-14
1
9.65894e-15
0
1.45599e-13
0
2.13163e-14
1
0
0
2.6501e-13
5.18474e-14
1
0
0
1
0
0
0
1
1
1
2.81858e-14
1
1
1.07692e-14
1
2.7825e-14
4.39648e-14
1
1
1
1
1
1
3.25295e-14
1
1
1
3.2474e-15
1
1.49603e-14
1
1
1
1
0
0
1
1
0
8.88178e-16
0
1
8.9373e-15
1
1
1
4.60743e-15
1
0
0
1
2.24265e-14
1
1
0
1
1
1
1
1
6.32827e-15
1
1
1
1
1
9.38138e-15
2.50217e-14
1
1
1
1
6.57807e-15
0
1
1
1
1
0
1
1
1
1
0
1
0
1.15463e-14
1
0
1
0
1
1
1
1
2.00395e-14
0
1
2.07195e-14
1
1
1
2.52298e-14
0
0
0
5.10703e-15
1.24345e-14
0
1
1
1
1
1
0
1
1
1
1
0
1
1
0
5.45342e-13
1
1.18017e-13
7.77156e-14
0
0
0
1.90958e-14
0
1
1
0
0
1
9.10383e-15
1
1
1.00336e-14
1
1
1
1
0
0
1.66256e-14
1
1
1
1
1
0
1
1
1
1
1
1
1
1
1
0
3.99125e-14
1
6.91114e-15
2.498e-16
1
1
1
1
1
1
0
3.82611e-14
1
0
1
3.87745e-14
1
1
1
1
1
1
1
0
1
1
3.11307e-13
1
1
2.81858e-14
1
1
0
1
4.996e-15
1
1
1
8.16014e-15
0
1
1
1
1
0
1
0
1
1
1
0
0
1
1
0
1
0
1.06026e-14
1
1
1
0
0
1
1
1
1
0
0
1
1
1
0
1.9762e-14
5.66214e-15
1
1
1
1
9.08162e-14
0
0
0
1.42109e-14
2.13163e-14
1
2.09014e-13
0
3.85691e-13
5.18474e-14
1
0
0
1
0
0
1
1
0
1
2.81858e-14
1
1
1
1
0
0
0
0
1
5.77316e-14
1
1
1
0
1
0
1
1
1
0
1
2.77556e-17
1
1
1
1
1
1
0
6.82787e-15
1
1.83187e-15
1
0
1
8.65974e-14
0
1.24845e-13
0
1
1.55431e-14
1
1
1
1
1
1
0
1
1
1
1
1
1
0
0
1
6.66134e-15
0
9.90874e-15
1
1
0
1
1
1
0
1
1
1
1
2.91434e-15
1
7.21645e-16
1
1
0
0
1
0
1
1
5.71765e-15
1
1
0
1.20459e-14
1
1.18239e-14
0
8.64586e-15
8.41271e-14
0
5.77038e-14
1
0
1
1
1
1
2.02616e-15
1
1
1
1
0
6.27276e-14
0
0
0
1
0
0
0
0
0
1
2.83662e-13
0
1
0
0
0
1.4766e-14
7.32747e-14
1
0
1
1
1
1
0
2.45221e-14
1
2.79776e-14
1
1
0
1
1
1
1
1
0
1
1
2.18853e-14
1
1
1
0
1
1
1
8.24341e-15
2.26485e-14
1
1
1
2.634e-14
0
6.61693e-14
1
1.04916e-14
0
0
0
0
1
1
1.85407e-14
1
1
1
1.75415e-14
2.4758e-14
1
1
1
1
0
0
1
1
0
1
1
0
1
1
0
1.56541e-14
0
3.41394e-15
1
1
1
1
1
1
0
1
1
8.77631e-14
1
1
2.23377e-13
1
1
0
0
1
0
0
1
1
0
2.12608e-14
0
9.21485e-15
2.15661e-14
3.05311e-14
1
1
1
1
1
1
0
0
1
0
3.87468e-14
0
0
4.69235e-13
0
1
1
0
1
1
0
0
4.4853e-14
5.06817e-14
1
0
1
0
1
1
1
4.84751e-14
1
1
1
1
1
0
1
1.65146e-15
1
1
1
1
1
1
0
1
1
1
7.63278e-15
1
1
1
0
1
1
1
0
1
1
1
1
1
0
1
0
1
1.28508e-14
1
1
0
1
1
1
0
1
1
1
1
0
1
1
1
1
5.17641e-13
1
2.58404e-14
1
1
1
0
7.27196e-15
0
5.19029e-15
1
1
0
0
1
1
0
0
0
7.95197e-15
1
1
5.93969e-15
0
1
1
0
0
1
1
1
5.77316e-15
1
1
1
1
1
1
1
1
0
1
1
1.42109e-14
0
2.84772e-14
1
8.71525e-15
1
1
0
0
0
0
6.8745e-13
1
0
2.80331e-14
1
0
0
0
0
1
0
2.89213e-14
1
0
1
0
1
2.34479e-13
1
0
0
1
3.93297e-14
0
1.43774e-14
0
1
1
1
1
1
1
1
0
8.95117e-15
2.1011e-14
1
1
0
1
1
1
1
1
1
2.42861e-14
1
3.64986e-14
0
1
1
0
0
4.2924e-14
1
0
1
1
1
1
1
1
2.83107e-14
1
0
0
1
1
1.48881e-13
0
1
0
1
0
1
2.89768e-14
1
0
1
1
1
1
1
0
1
1
6.63358e-15
1
1
9.76996e-15
1
1
1
1
9.35363e-15
1
1.27676e-13
7.13873e-14
1
1
1
0
1.77636e-15
1
1
0
1
1
1
0
1
0
1
0
3.31402e-14
1
1
2.08722e-14
1
1
1
0
1
1
1
0
1
0
0
1
7.13873e-14
8.46545e-14
7.17225e-13
1
0
0
0
1
2.9643e-14
0
3.16969e-14
1
0
1
1.23901e-13
1
0
0
1
1
1
1
1
0
1
0
1
1.13243e-14
1
1.385e-14
1
1
0
0
1
1
1
1
1
1
0
1
0
1
1
1
1
1
0
0
0
1
1
1
0
2.52021e-14
1.55431e-15
1
2.54519e-14
1
1
1
0
1
1
1.04139e-13
6.06876e-14
1
0
0
0
8.82627e-15
0
1
1
1
0
1
1
1
1
1
1
1
1
1
9.10383e-15
0
1
0
1
0
1
0
0
1
0
1
0
0
1
2.30649e-14
1
0
1
1
1
1
1
1
0
1
1
1
1
1
1
1
1
1
1
1
3.79807e-13
5.55112e-17
0
0
1
0
0
0
1
1
9.88654e-14
0
9.14824e-14
0
1.90958e-14
0
7.84095e-14
0
1
1
1
1
0
1
0
1
1
0
1.02141e-14
1
0
1
1
1
1
1
8.27116e-15
1
1
0
1
7.43849e-15
1
1
4.75175e-14
1
1
1
1
0
1
1
1
6.93889e-15
0
1
1
7.15122e-14
1
3.85109e-14
1
1
1
0
1
1
1
1
1
1
0
1.5099e-14
1
1
0
2.0095e-14
0
1.55709e-14
0
0
1
1
1
0
0
1
1
1
1
1
1
1
1
1
0
1
1
1
0
0
1
2.88547e-13
0
0
0
0
1
4.996e-15
0
0
0
2.76168e-14
5.31242e-14
1
1
0
4.44089e-15
1
1
1
1
1
1
1
1
1
0
1.11799e-13
0
0
1.67644e-14
1.5099e-14
3.75255e-13
0
0
0
1
0
1
0
0
1
1
0
1
1
0
1
2.81858e-14
1
1
0
0
1
1
0
1
1
4.89747e-14
1
1
1
1
0
0
0
0
0
1
1
1
8.19345e-14
1
1
1
0
1
1
1
1
1
1
6.71685e-15
1
3.84762e-13
1
1
1.63203e-14
1
0
2.83107e-14
5.68989e-15
6.99441e-15
1
1
1
1
1
1
1
1
0
0
1
3.61933e-14
2.91156e-14
1
1
0
1
1
4.44089e-16
0
1
1
1
1
1
0
0
1
0
1
1
0
0
0
1
0
0
1
1
1
0
1
1
0
1
1
1
0
1
0
0
0
1
1
1
0
1
1
1
0
1
1
1.66145e-13
0
0
1
1
9.7089e-14
5.45342e-13
1
1
5.09592e-14
0
1
0
6.78346e-14
1
1
1
0
0
1
0
0
4.13558e-15
1
1
1
1
7.63278e-15
1
0
1
1
1
0
1
1.35031e-14
1
1
1
1
0
1
1
1
1
1
1
1
1
1
1
0
0
0
0
0
0
1.97758e-14
3.16691e-14
1
0
1
1
2.16493e-14
2.94209e-15
1
0
1
1
1
1.09218e-14
1
1
2.49578e-13
3.56437e-13
1.11022e-16
2.81858e-14
0
0
1
1
0
2.16216e-14
1
1
1
0
1
1
1
1.29341e-14
1
0
1
1
1
1
0
1
1
1
1
0
1
0
1
1
1
1
0
0
1
1
1.71391e-14
0
0
1
1
1.9762e-14
0
1.67644e-14
1
1
1
1
1
1
0
0
0
1.42109e-14
7.28972e-13
0
0
0
2.6501e-13
0
1
1.79301e-13
0
1
0
0
1
0
0
1
0
0
3.82472e-14
1
1
1
1
3.70259e-14
1
1
1
2.77556e-16
1
1
2.22045e-16
1
1
1
1
1
1
1
0
4.04491e-14
1
1
1
1
1
0
1
1
1
1
1
1
4.60743e-15
1
0
1
1.20737e-14
1
1
1
0
1
1
1
1
0
0
1
1
1
1
1
9.38138e-15
1
0
1
1
4.44089e-15
1
1
0
1
0
1
0
1
1
1
1
1
1
0
1
1
0
1
0
1
1
4.38538e-15
1
0
1
1
1
1.33227e-15
0
1
8.67639e-14
1
0
1
1
0
5.29438e-14
1
1.29341e-14
0
1
1
1
0
5.47895e-14
1
0
1
0
0
1
0
0
0
0
1
1
0
1
2.09277e-14
0
1
1
4.58937e-13
1
0
1
0
1
1
1
9.60343e-15
0
1
0
1
1
1
1
1
1
1
1
0
1
1
1
1
5.44675e-13
4.10783e-14
0
1
1
1
1
1
1
0
0
1
1
1
1
0
1
1
1
1
1
1
0
1
0
0
7.8737e-13
1
1
0
0
1
1
0
1
0
1.87628e-14
1
0
1
0
1
1
0
1
0
1
1
0
1
1
1
1
1
0
1
1
2.46067e-13
0
1
1
0
0
1
1
1
0
0
1
1.03251e-14
1
5.94108e-14
2.52853e-14
1
1
1
1
1
1
1
1
1
1
2.62845e-14
1
0
4.69235e-13
0
1
1
0
1
0
0
5.73436e-14
4.47975e-14
5.05707e-14
1
0
0
2.81053e-13
1
8.25562e-13
1
2.64511e-14
1
0
1.0103e-14
1.28647e-14
1
1
1
1
1
1
1
1
1
1
1.19627e-14
1
1
1
1
1
1
1
0
1
0
1
0
1
7.43849e-15
1
1
1
0
1
0
0
1.5557e-14
4.26048e-15
3.39173e-14
1
1
1
1.44884e-14
4.04306e-15
1
5.19029e-15
0
1
6.56808e-13
1.65701e-14
1
1
2.66454e-14
1
1
2.57988e-14
1
1
0
1
1.59872e-14
1
1
0
7.38298e-15
1
3.8719e-15
1
1
1
0
1.25455e-14
1
1
1
1
0
2.80664e-13
1
2.2049e-13
1
0
0
0
1
1
1
0
0
0
1
1
0
0
0
1
1
0
0
0
1
1
0
0
1
1
2.84217e-14
1.50508e-13
0
1
7.77341e-14
0
5.48506e-13
1
0
0
0
0
0
1.90958e-14
1.88738e-15
0
0
6.13398e-15
1
1
1
1
0
1
1
1
2.85882e-15
1.77636e-15
1
3.16414e-14
1
1
1
1
1
0
1
1.02511e-14
1
0
1
1
5.26801e-14
0
1
4.87943e-14
0
1
1
2.22322e-14
1.12133e-14
1
1
0
1
1.99563e-14
6.22835e-14
1
6.34215e-14
1
1
1
1
1
1
1
0
1
0
0
0
1
1
1
1
2.60625e-14
1.56819e-15
0
1
1
1
1
0
0
1
1
1
8.10463e-15
1
1
1
0
1
1
1
1
1
0
5.80647e-14
1
1
1
0
0
1.94289e-16
1
1
1
1
1
1
1
1
1
0
3.05866e-14
1
1.719e-14
0
0
1
0
1
3.28071e-14
1
1
0
1
0
4.19366e-13
0
1
0
0
0
0
0
1
0
1.05471e-14
1
0
1
6.43374e-14
1
0
1
1
1
1
1.46272e-14
0
3.54439e-14
1
1
1
0
1
7.39686e-15
0
1
1
1
1
1
1
0
1
1
1
5.91194e-15
1
1
1
1
0
1
1
1
1
1
1.55431e-15
2.88658e-15
1.94789e-13
1
0
1
1
1
2.32453e-14
1
0
1
1
1
1
1
1
1
1
1
3.96863e-13
1
2.52576e-15
1
0
1
0
1
1
1
0
1
1
1
1
1
1
1.1019e-14
0
1
2.76723e-14
1
1.70697e-15
7.56062e-14
0
1
1
1
0
1
0
1
0
1
1
1
3.80806e-14
0
9.48547e-14
1
1.70974e-14
0
1
1
1
1
0
1
1
2.39808e-14
1
1
1
0
0
1.60775e-13
0
0
0
0
6.19063e-14
0
0
1
1
0
1
6.66134e-15
0
8.4821e-14
1
2.95319e-13
1
3.43892e-14
1
1.83187e-14
1
1
1
0
5.57887e-14
1
0
1
1
1
1
1
1
2.16493e-15
3.15303e-14
1
1
0
1
1
1
1
0
1
1
1
1
1
1
1
1
1
8.60423e-15
0
3.59712e-14
0
4.71845e-14
0
4.64906e-15
1
1
1
1
1
0
1
2.01283e-13
1
1
1
1.5965e-13
1
5.1209e-15
0
1
1
1
1
1
1
1
0
0
0
1
0
5.32907e-15
1
1
1
1
1
1
1
0
1
1
9.71445e-17
0
0
0
1
0
1
1
1
0
1
1
6.78346e-14
6.14786e-15
2.4758e-14
1
1
1
1
1.45439e-14
1
0
1
0
1
1
1.37668e-14
2.75668e-13
0
0
1.15306e-13
1
0
0
1.38223e-13
0
0
1
0
0
1
1.22735e-13
0
1
1
2.58016e-13
1
2.22045e-15
1
1
1
1
1.55709e-14
1
1
2.86993e-14
1
0
1.22125e-15
1
1
1
1
1
1
0
1
1
1
1
1
2.2482e-14
1
1
1
1
1
1
4.16334e-15
1
1
1
5.92859e-14
1
1
1
1
1
1
1
0
1
1
1
2.98372e-14
1
2.29372e-13
1
1
1
0
0
1
1.40998e-14
1
0
0
0
1
1
1.36002e-15
1
4.21885e-15
1
1
1
0
1
1
1
1
1
1
1
0
0
1
5.6366e-13
1
2.60902e-15
1.80966e-14
1
1
0
1
1
1
1
1.66256e-14
0
1
1
5.55112e-17
1
1
1
0
1
0
1
0
1
1
1.27232e-13
0
0
0
6.56142e-14
1.23651e-14
6.10623e-15
4.18918e-13
1
1
0
5.80346e-14
0
0
1
0
0
4.81837e-14
1
1.30118e-13
1
0
1
1.76248e-15
1
1
1
1
0
1
0
1
1
1
0
1
0
1.13798e-15
1
1
1
1
1
1
0
8.16014e-15
1
0
0
1
1.7264e-14
0
1
1
1
1
1
1
4.16334e-17
0
0
1
0
1
1
1
1
0
1
1
1.25011e-13
5.10703e-15
1
7.04992e-15
3.35287e-14
1
1.62231e-14
0
0
1
0
2.02616e-14
2.36478e-14
1
1
0
1
1
1
1
1
1
1
1
0
1
0
1
0
0
1
0
1
0
1
1.47937e-14
1
0
1
1
1
1
1
1
1
0
0
1
0
4.80171e-15
2.51466e-14
1
0
1
1
1
1
1
1
0
9.82504e-14
0
3.05644e-13
2.43638e-13
0
0
1
0
1
0
0
1
0
4.05231e-15
1
1
0
1
1
3.22103e-14
8.74301e-15
1
1
1
0
0
1
1
0
1
0
1
1.32672e-14
1
1
1
0
1
1
1
1
2.70339e-13
1
1
1
1
1
1
1
1
1
1
1
1
1
1
0
1
1
1
0
1
1
1
1
1
1
1
4.82947e-15
1
1
2.24265e-14
1
1
1
1
1
0
1
3.9746e-14
0
1
1
1
0
1
0
1
1
1.55431e-14
1
0
1
0
-1.11022e-16
0
0
1
0
3.44169e-15
1
1.76525e-14
1
1
1
0
0
1.97342e-14
1
2.32314e-14
1
1.62648e-14
0
1
5.21805e-15
1
0
2.77556e-15
1
1
1
1
1
1
6.77791e-14
0
0
0
0
0
1
0
0
0
0
1
1
0
1
0
1.55431e-14
3.08642e-14
1
0
1
4.78229e-14
1
0
1
1
1
1
0
0
1
0
1
1
1
1.39749e-14
1
1.43913e-14
1
1
1
1
1
1
9.4702e-14
1
0
1.44329e-14
1
2.97817e-14
1
0
0
1
0
1
0
1.2336e-13
1
0
1
1
0
1
1
1
0
1
0
1
0
6.66134e-14
1
0
1.57541e-13
1.95427e-13
1
1
2.12469e-14
0
3.5083e-14
1
1
1
1
0
1
0
1
1
1
1
0
2.34118e-14
1
1
1
1
4.996e-15
0
1
0
1
1
0
0
1
1
1
1
0
8.88178e-16
6.43929e-15
1
1
1
1
1
2.79314e-14
1
1
1
1
1
1
1
1
0
1
8.83903e-13
0
1
1.11522e-13
1
1.21929e-12
1
1
1.22125e-14
0
4.4816e-14
0
0
2.58682e-14
1.85407e-14
1
1
0
1
1
1
1
1
0
0
1
1
1
1
1
1.14353e-14
1
1
4.85723e-15
1
0
1
1
1
1
1
1
1
1
1.43774e-14
0
1
0
1
3.53606e-14
1.62648e-14
1.39888e-14
1
0
0
1
1.70974e-14
1
1
1
1.63203e-14
1
1
9.46465e-15
1.78191e-14
1
1
1
1
0
1
3.40006e-15
3.29736e-13
1
0
1
0
0
0
0
1
0
1
0
1
7.63278e-15
0
0
1
1
1
1
0
1
0
0
1
0
1
1
1
1
0
1
0
0
0
1
1
1
1
1
1
7.91034e-16
2.27596e-14
1
2.39808e-14
0
1
1
0
0
1
1
1
3.01981e-13
1
0
1
0
6.30052e-14
1
3.92575e-13
0
7.49401e-15
1.4988e-14
1
3.14637e-13
1
1
0
1.38778e-16
1.40443e-13
0
1.15463e-14
1
1
1.57929e-14
1
0
3.57908e-14
1
0
0
4.73926e-14
0
5.21388e-14
6.86118e-14
0
3.81917e-14
3.9635e-14
1
5.49838e-14
1
1
1
0
0
1
1
1
0
1
1
1
6.14231e-14
1
0
1
0
5.77871e-14
1
1
0
1
1
1
3.7581e-14
0
9.99201e-15
1
2.30038e-13
1.04222e-14
5.91749e-14
1
0
0
0
1
1
0
2.21212e-14
0
0
1
1
1
1
1
2.39253e-14
1
0
1
0
1
0
1
1
0
0
0
1
0
1
1
3.83304e-14
1
1
1
1
0
1
1
6.18949e-15
6.99441e-15
1
0
5.30131e-15
1
1
1
0
6.53921e-14
1
1.5743e-13
0
2.87442e-14
0
1
1
1
0
4.97723e-14
1
0
1
0
0
0
0
0
0
0
0
1
1
1
1
1
1
8.33222e-14
9.32587e-15
0
3.01981e-14
0
1
1
0
0
1
1
5.14033e-14
0
1
3.38618e-14
0
1
0
1
1
1
1
0
0
0
1
1
0
0
8.41549e-14
1
0
0
1.74027e-14
1
1
1
1
3.9968e-15
1
0
1
0
1
0
1
0
6.05072e-14
1.27398e-14
1
1
1
1
0
1
1
1.0103e-14
1
1
1
1
0
0
1
0
1.86517e-14
0
7.05269e-14
1
2.35367e-14
2.18436e-14
1
3.58047e-15
2.27457e-14
0
0
1
0
1
1
1
1
9.67559e-14
1
0
1
1
1
1
1
1
1
0
1
5.88418e-15
2.33344e-13
0
1
1.63536e-13
1
0
0
9.29812e-14
8.37108e-14
1
1
0
0
1
0
1
2.226e-14
0
1
8.88178e-16
1
3.68594e-14
0
1
1
2.27318e-14
1
1
1
2.18714e-14
0
1
1
5.7454e-15
0
1
0
1
1
1
1
1.58207e-14
1
1
1.57282e-14
1
1
1
1
1
3.55549e-14
0
1
1
0
1
1
2.61596e-14
0
1
1.43052e-13
1
1
1
1.93734e-14
1
7.38298e-15
1
0
8.24896e-14
5.76761e-14
1
1
0
3.10862e-15
1
0
1
1
0
1
0
7.19702e-14
1
9.6867e-15
2.98095e-14
3.34871e-14
1
1
1
1.0103e-14
9.28979e-14
0
0
1
0
1
1
1
1.01585e-14
1
1
3.69149e-15
0
0
1
0
1
0
1
1
7.07767e-14
0
1
1
0
2.73115e-14
0
1
0
0
1
7.04992e-14
0
0
1
1
4.45199e-14
8.17467e-14
8.53021e-14
1.5099e-14
0
0
1.78468e-14
8.86513e-14
1
8.87068e-14
6.25426e-15
0
1
3.25018e-14
4.91274e-15
1
0
4.54914e-14
0
0
1
1
1
2.4869e-14
1
1
1
1
1
1
1
3.36536e-14
0
0
1
0
1
6.80567e-14
1.87211e-14
1
0
1
0
0
6.04516e-14
1.13243e-13
1
1.4877e-14
1
0
2.72005e-15
1
0
1
0
1
0
0
1
0
0
0
1
1
1
1
1
3.43059e-14
6.18949e-15
1
0
1
1
1
1
1
1
6.39766e-15
1.4988e-14
7.04992e-15
8.99281e-15
0
0
6.99441e-15
0
4.31322e-14
1
1
4.96547e-14
1
1
1
1
1
1
1
8.50153e-14
1
1.06507e-13
1
0
3.41949e-14
0
0
1.21708e-14
4.88637e-14
1
2.31204e-14
0
0
2.09888e-13
5.86198e-13
3.70629e-13
1
1.7264e-13
8.31002e-14
6.66763e-13
6.00631e-14
0
0
1
0
1
8.52651e-14
0
0
1
7.68829e-15
2.77556e-17
1
1
0
1
1
2.56462e-14
1
5.37348e-14
1
3.89688e-14
0
0
1
0
0
0
1
2.05391e-15
0
0
1
9.9809e-14
1
1
1
1
1
0
2.09277e-14
1
1
1
1
0
0
8.09908e-14
1
1
0
1
1.89571e-14
1
1
1
1
1
1
1
1
1
0
0
0
1
1
1
1
3.53884e-15
1
4.76286e-14
4.52416e-15
0
8.38218e-15
1.44884e-14
1
1
0
1
0
1
1
1
0
0
1.05194e-14
6.38517e-14
3.41949e-14
1
2.55351e-15
0
0
3.13083e-14
3.83304e-14
1
1.74305e-14
0
1.94567e-14
1
7.9714e-14
0
6.67244e-14
1.62925e-14
1.7944e-14
0
3.87468e-14
1
1
0
1.35031e-13
0
1
0
0
1
0
1
0
1
0
3.2252e-14
0
1
1.02751e-13
0
4.996e-16
1.61537e-14
1.07414e-14
0
0
6.88338e-15
0
1
1
1
1
1
1
1
0
0
1
0
5.50393e-14
1
1
1
5.14033e-14
1
1
1
1
1
1
1
1
0
0
1
1.66533e-15
1.18239e-14
1
0
1.65423e-14
1.4555e-13
9.76164e-14
0
0
1
1
1
1
4.50334e-14
1
0
1
1
1
1
1
0
1
3.16414e-15
1
3.19004e-14
0
0
1
1
1
0
0
1.15047e-14
1
0
1
1
0
1
0
1
3.66374e-15
4.2244e-14
5.82034e-14
0
1
1
1
3.33622e-14
1
0
4.42979e-14
1
0
0
1
0
1
1
2.24681e-14
0
1
1
1
1
1
1
1
1
1.4061e-13
0
2.39484e-13
0
1
0
0
0
1
0
0
1.23713e-13
0
1.6126e-13
0
0
0
1
0
1
0
0
0
1.70003e-14
1
5.91194e-15
1
0
1
0
0
0
1
0
1
1
1
1
1
6.13398e-15
1
1
0
1
1
1
1
1
1
0
1
1
0
1
1
0
1
1.09912e-14
1.15463e-14
0
1
3.81362e-14
1
1
3.52496e-15
0
0
0
1
0
0
2.77001e-14
1.52656e-14
8.9373e-15
1
1.72085e-15
1
3.08642e-14
9.21485e-15
6.1201e-15
1
1
1
1
1
1
1
2.59515e-14
1
6.7446e-15
1
0
0
1.42719e-13
1
3.85525e-14
1
1
0
1.68754e-14
1
0
1.15741e-14
1
1
1
6.88616e-14
1
7.40149e-16
0
1
1
0
0
1
1
0
1
0
0
1
0
0
1
1
0
0
0
0
0
1
0
0
0
1
1.11022e-16
0
0
0
0
4.996e-15
1
1
1
1
0
1.00475e-14
1
1
0
0
1
1
1
0
1
4.0884e-14
1
1
1
7.64111e-14
6.26721e-14
4.64906e-15
1
1
1
1
1
1.0339e-14
1
1
0
2.93376e-14
0
0
1
0
2.95319e-14
2.20102e-14
1
0
1
1
1
1
0
1
6.12288e-14
0
0
0
1
1.42386e-14
7.93809e-15
1
3.13083e-14
1
0
9.1871e-15
1
1
1
1
1
1
1
0
1
0
0
3.9968e-15
4.51306e-14
0
0
1
1.22125e-14
1
0
1
1
1
1
1
1
1
1.52286e-14
1
-2.77556e-17
1
1
0
0
1
0
0
1
1
2.79499e-14
0
1
0
2.34733e-14
1
1
1.42941e-14
0
0
0
0
1
1
0
1.05471e-13
1.07692e-14
1
0
1
1
2.65898e-14
0
1
0
1
1
1
1
1
0
1
1
0
1
0
1.60705e-14
1
0
1
1
1
1
3.81639e-14
1
1
1
0
1
1
1
0
1
0
1
2.89768e-14
3.07532e-14
1
1
1
6.57807e-15
4.71845e-14
1
0
1
1
1
0
4.83502e-14
0
1
1
0
0
1.38223e-14
6.13398e-15
1.82077e-14
0
1
0
0
0
0
1
0
1
1
1
1
0
1
1
0
0
5.76622e-14
1
1.57652e-13
1
1
1
1
0
7.32747e-15
1
3.69149e-14
1
1
5.51226e-14
6.37268e-14
3.56382e-14
1
1
1
0
8.32667e-15
1
0
0
0
0
1
0
0
0
1
0
4.13003e-14
0
1
1
0
1.65201e-13
1.24345e-14
2.22045e-15
0
0
0
0
1
1
0
0
1
6.27276e-15
0
0
2.85882e-14
0
1
6.52534e-14
1
1
1
1
1
1
1.09912e-14
2.66454e-15
1
7.38298e-15
1
1.26454e-13
0
1
1
1
0
8.32667e-15
0
1
1.94289e-15
1
1
0
0
0
1
4.44089e-16
1
1
0
1
1
0
0
3.475e-14
0
2.27596e-14
1
1
2.24265e-14
2.25375e-14
0
1.14353e-14
1
1
1
7.21645e-15
1
0
1
1
2.78388e-14
0
0
3.51571e-15
1
9.9439e-14
1
0
8.77076e-15
1
0
0
0
0
0
0
1
0
1
1
1
0
2.25098e-14
1.0103e-14
0
1
0
1
1
1
1
1.45069e-14
1.2268e-14
0
1
1
2.89213e-14
0
0
4.7784e-13
0
0
1
0
0
1
1
0
4.67404e-14
1
1
1
0
0
0
1
0
3.33067e-15
4.69069e-15
1.46827e-14
0
1
1.78468e-14
1
1
1
1
1.08247e-14
0
1
1
1
0
1
1
1
1
2.70894e-14
1
1
0
9.57567e-15
1
0
1.22541e-14
1.24345e-14
1
0
1.37251e-14
9.49241e-15
0
0
1
0
1
1
1
5.96745e-15
2.79776e-14
1
5.67879e-14
0
4.30767e-14
0
0
7.82707e-15
1
2.38698e-14
5.17919e-14
1.45661e-13
1.66533e-15
0
1
0
1
1
2.362e-14
1
0
1
1
1
1
4.45014e-15
1
1
1
2.27596e-15
0
0
0
1.18331e-14
3.45834e-14
0
1
1
1
2.52021e-14
0
0
1.88738e-15
1
1
0
1
0
4.21885e-14
1
1
1
1
1.57282e-15
1
1
0
7.57172e-14
1
1
0
0
1
5.44009e-15
0
6.03961e-14
1.20126e-13
1
0
1
0
0
0
5.22915e-14
1
1.22957e-13
1
4.00791e-14
1
0
0
0
0
1
0
1
1
1.44329e-14
2.01505e-14
0
2.8394e-14
1
2.77556e-17
0
1
1
1
1
0
0
0
1
0
1
3.4861e-14
1
0
1
4.46171e-14
0
0
0
0
3.21965e-14
0
1
1
1.90958e-14
2.69229e-14
0
2.59052e-16
1
1.47382e-14
0
0
0
3.66374e-15
1
1.05471e-14
0
0
3.45279e-14
0
1
1
1
0
1
0
0
0
1
1.11577e-14
1
1
1
1
1
1
1
0
1.99146e-14
0
1
1
0
0
3.9968e-15
0
1
0
0
0
1
9.20652e-14
1
1
2.5438e-14
1
1
1
1
1
3.36814e-14
1.96509e-14
0
4.02456e-14
1
5.96745e-14
0
0
5.09592e-14
1
0
0
1
1
0
0
3.00648e-13
0
1
1
0
1
1
1
0
0
1
1
0
0
1
0
1
1.19904e-14
1
1
1
1
0
1
3.89827e-14
0
1
0
1
0
0
0
1
1
1
1.73195e-14
-1.38778e-17
1
3.75255e-14
1
1.65978e-14
1.40304e-14
4.9849e-14
1.27676e-14
1
1
6.13398e-15
1
1
1
3.68039e-14
4.37428e-14
0
0
1
1
0
1
1.36738e-13
2.01894e-13
3.9635e-14
3.45279e-14
0
1
7.42739e-14
0
1
1
1
0
0
1
1
0
1
0
0
0
1.06581e-14
1
1.09912e-14
0
1
0
0
1
1
1
1
2.42029e-14
1
1
2.66731e-14
1
6.63219e-14
0
6.42264e-14
0
1
1
4.21885e-15
0
1
1.18794e-14
1
1
3.06422e-14
1
1
9.88712e-13
4.42102e-13
1
2.81442e-14
0
0
1
1.54876e-13
0
2.01044e-15
1
0
8.88178e-16
7.71605e-15
1
0
0
1
1
0
0
8.32667e-16
1
0
0
1
1
1
0
1
1
1
0
3.71092e-14
1
1
3.66374e-15
1
0
0
1
1
0
0
4.65183e-14
1
1
1
0
1
1
1
1.52101e-14
0
2.59237e-14
1
1
3.61933e-14
1
0
0
0
1
0
0
4.21885e-15
0
1
8.75133e-14
0
2.61458e-14
1
0
3.55271e-14
1
1
0
3.26267e-14
1
1
-5.55112e-17
0
3.77476e-15
1
6.93889e-16
1
1
0
1
1
0
0
1
1
1
1
1
0
1
0
1
1
0
0
0
1
0
1
1
1
1
1
0
1
0
1
8.74856e-14
0
1
0
2.65398e-13
1
0
0
0
0
0
0
1
0
2.4869e-14
0
1
0
0
2.62013e-14
0
1
6.82787e-15
1
1
1
1
1
1
0
2.22045e-16
0
9.9365e-15
0
2.88658e-14
1
1
1
1
7.49401e-16
1
1
1.04472e-13
0
0
1
1
1
1
1.28786e-14
1.38223e-14
0
1
5.09315e-14
0
0
0
4.88498e-14
1
0
0
0
1
1
0
1
1
1.44329e-15
1
1
1
0
1
1
1
1
0
0
0
1.72085e-14
3.99125e-14
1
1
0
1
0
0
1
0
0
4.14668e-14
3.29736e-14
0
1.17684e-14
1
1
0
1
0
7.77156e-16
1
1
1
1
1
1
1
1
1
1
1
1
1
1
1
1
2.68674e-14
1
1
5.12923e-14
1
1
0
4.23651e-14
7.89369e-14
1
0
0
1
5.75096e-14
0
0
1
0
1
1.55431e-14
0
1.28786e-14
1
1
0
0
1
1
1
1
1
5.61218e-14
1
0
1
4.74343e-14
1
1
1
1
1
0
1
1
3.05311e-14
6.2339e-14
1
1
0
1
1
1
1
0
1
1
1.61815e-14
0
1
1
4.84612e-14
1
1
5.88418e-15
0
1.63203e-14
1
1
1
0
1
1
1
0
1.05249e-13
1.81938e-13
3.35898e-13
0
0
1
1
1
1
0
1
1
1
0
1
0
1
0
1
3.36953e-14
1
0
0
1.16629e-13
1
4.47475e-13
1.33227e-14
2.96985e-15
1.59317e-14
0
1
1
0
0
1
4.996e-15
0
1
3.64153e-14
1
1
1
1
1
1
1
1
5.50671e-14
1.07914e-13
1
1
2.87442e-14
0
1
1
0
0
0
0
0
1
1
0
1.07287e-13
0
1
3.37785e-14
1
3.37508e-14
0
3.31124e-14
0
1
1
0
1
1
1
0
1
0
1
1
1
5.4623e-14
1
0
1
0
5.701e-14
0
0
1
5.55112e-17
0
1
4.32987e-15
0
0
3.37508e-14
1
1
0
1
1
0
1
0
3.94407e-14
2.53131e-14
1
1
1
1
1
0
1
4.36318e-14
9.29812e-15
0
0
0
1
7.49401e-14
1
1
1
1
1
0
1
1
1
1
1
0
1
0
1
0
2.22045e-14
0
0
1.08247e-14
1.77414e-13
1
6.66134e-16
1
0
5.54556e-14
1
1
2.91989e-14
1
0
0
0
1.9984e-14
1
0
3.94129e-15
0
1
1
1
0
1
0
0
0
0
0
0
1
1
3.13634e-13
1
0
1.02141e-14
0
0
0
1
1.05582e-13
1
0
1
0
1
0
1
1.42109e-14
0
1
1
1
2.02616e-15
1
1
1
1
1
3.21965e-15
0
1
1.37113e-14
1.23235e-14
1
1
0
4.06342e-14
0
0
0
0
1
0
0
1
3.59435e-15
5.07927e-15
1
6.06459e-14
1
1
0
1
1
1
2.68674e-14
0
0
1
1
1
6.66134e-15
1
1
1.94289e-14
4.26326e-14
1.57208e-13
1
1
1.50435e-14
1
0
1.7264e-14
1
1
0
1
1
0
1
7.99361e-15
1
1
5.57332e-14
1.04361e-14
0
0
0
6.82787e-15
9.58122e-14
0
1
1
1
1
1
2.46608e-14
1
1
4.88498e-15
0
1
0
1
8.16014e-15
1
0
1
1
1
0
1
6.20615e-14
0
1
0
0
0
3.5083e-14
1
0
1
8.64494e-14
4.22995e-14
5.73627e-14
0
1
1
8.98726e-14
1
2.56462e-14
1
0
1
1
0
1
1
1
0
1
4.11893e-14
1
1
0
1
1.90958e-14
0
1
1
1.13937e-14
1
1
1
1
0
1
1
1
1
2.40363e-14
0
0
0
1
8.21565e-15
0
0
1
7.74381e-15
0
3.10862e-15
2.26485e-14
1
2.69368e-14
1
1
0
1
0
4.32987e-15
0
1
1
0
3.85803e-14
1
1
0
1
1
0
7.74381e-15
1
4.38816e-14
3.54439e-14
1
1
1.77636e-15
1
0
2.2371e-14
1
0
0
1
1.65423e-14
0
3.55826e-14
1
0
1
1
1
1
1
1
1
1
0
0
0
1
1
7.88258e-15
0
4.04676e-14
0
1
1
6.55032e-15
0
3.05311e-14
1.91569e-13
0
0
0
1
1
0
1
0
4.08562e-14
0
1
2.498e-14
1
0
0
2.72005e-14
1
1.66533e-15
0
1.30229e-13
0
1
1
0
1
1
1
0
1
4.88914e-14
1
1
1
0
1.16851e-14
1
1
1
0
0
0
2.03726e-14
1
0
0
3.18634e-14
1
1
1
1
1
6.66134e-15
0
0
0
1.83187e-15
1
1
0
1
1
0
0
1
0
1
0
1
1
1
0
1
1
1
1
6.57807e-15
1
1
1
0
0
0
1
1
0
1
1
0
1
1
0
1.79023e-14
1.00753e-14
0
1
1
1.58762e-14
1.54321e-14
0
1
8.54872e-15
2.34997e-15
1
1
6.98885e-14
1
1
1
1
1
0
1
1
1
0
1
2.43139e-14
1
1
4.95604e-13
2.39808e-14
0
0
1
1.01252e-13
1
2.31444e-13
0
0
1
1
1
2.83107e-15
1.93179e-14
1
5.02376e-14
0
1
1
1
1.18794e-14
0
1
1
1
1.4766e-14
1.09912e-14
1.98452e-14
1
1
0
0
0
0
0
5.54973e-14
3.41949e-14
1
5.68434e-14
9.35363e-15
1
1
1
9.4369e-15
1
0
0
0
1
1
1
1
1.20459e-13
1
1
1.33921e-14
1
0
1
1
0
1
0
0
1
0
0
1
3.06977e-14
2.69229e-14
1
1
2.22045e-15
5.66214e-15
0
1
0
1
1
2.43555e-14
1
1
1
0
1
6.75293e-14
0
1
2.75613e-14
3.60822e-15
0
1
0
1
0
1
2.21489e-14
1.12688e-14
1
1
1
2.92821e-14
0
1.47382e-14
0
4.996e-14
1
1
1
4.88498e-15
1
1
7.99361e-15
1
1
0
0
1
0
3.03723e-13
4.44089e-16
1
1
0
0
1
0
1
1.95122e-14
1
1
0
3.4639e-14
0
1
0
6.43929e-15
0
5.71765e-15
2.31482e-14
5.82867e-16
0
1
1
7.96585e-15
0
1
1
4.32987e-15
0
7.91034e-16
0
1
1
1
0
0
0
0
0
1
1
1
1
1.13798e-15
0
0
0
1
1
1
1
0
1
3.59897e-14
3.57492e-14
0
1
1
1
1
0
0
6.18949e-15
1
1
0
1
1
1
0
1
0
2.85466e-14
0
1
1
1
1.11022e-14
1
3.23214e-14
0
3.58047e-14
1
1
3.41394e-15
1
0
4.13003e-14
0
8.18096e-14
0
1.86379e-14
1
2.92405e-14
1
2.84495e-15
1
2.72837e-14
0
1
1
0
1
0
1
1
1
4.16334e-17
1
1
1
4.32987e-15
6.03129e-14
0
1
0
0
0
4.44089e-16
3.28626e-14
1
4.87797e-13
1
0
0
5.973e-14
0
0
1
0
4.14946e-14
8.65419e-14
0
0
1
1
1
1
1
1
1.04639e-14
1
6.06182e-14
1
0
1
0
1
1
1
1
1
1
6.15202e-14
1
7.54397e-14
1
1
1
0
1
1
0
0
0
1
1
1
1
5.30687e-14
6.91947e-14
0
1
1
1
1
0
7.68274e-14
0
1.23235e-14
0
2.45082e-14
0
3.52635e-14
1
1
0
1
1
1
4.47697e-14
0
4.01068e-15
1
1
0
1
1
1
1
5.64548e-14
1
1.65146e-14
1
1
1
0
0
0
0
1
1
1
1
0
0
1
0
1.05194e-14
3.53328e-14
0
1
1
1
1
1.11022e-15
1
1
0
0
0
1
1.73195e-14
0
8.24341e-14
0
0
2.36478e-14
7.9492e-14
0
1.64054e-13
1
1
0
0
0
7.53286e-14
1
0
0
0
0
1
1
1
1
1
1.92069e-14
1
0
3.30846e-14
0
1
1
1
1.49325e-14
1
9.60343e-15
1
3.71925e-15
1
0
5.88418e-14
1
0
1
1
1
1
0
1
0
1
1
1
0
3.91354e-15
1
1
0
1
2.43694e-14
1
1.42386e-14
1
1
1
4.33265e-14
0
1
1
1
1
3.71925e-14
3.81362e-14
1
1
1
0
0
0
2.9976e-15
0
1
5.55112e-17
1
0
1
1
1
1
0
0
0
1
1.11022e-16
0
0
0
1
2.1011e-14
1
1.16018e-14
0
2.70617e-14
0
0
0
0
0
0
5.44009e-15
1
1
1
1
1
1
1
1.74583e-14
1
1.21431e-14
0
3.15858e-13
0
0
1
2.6501e-13
0
9.30811e-13
5.12923e-14
3.53791e-14
8.71525e-15
1
0
6.87228e-14
0
8.03246e-14
1
9.99062e-14
0
3.71259e-13
0
0
1
1
1
1
1
0
0
1.33782e-14
1
1
1
9.27036e-15
0
1
1
1
0
1.09912e-14
1
4.21496e-13
0
4.58522e-14
0
0
1
1
1.02252e-13
0
1
1
1
1
2.95097e-13
0
1
1
0
1
1
1
1
1
1
1.22957e-14
1.54807e-13
1
1.97065e-14
1
0
1
0
1
1
0
0
1.11022e-16
4.60743e-14
1
1
5.76206e-14
1.36696e-14
1
1
1
1
1
1
0
1
1
0
6.91669e-14
6.41709e-14
0
0
1
1
1
1
1
1
0
0
9.25186e-18
8.00471e-14
1
1
1
1
1
1
1
1
0
1
1
1
1
0
0
0
4.44089e-16
0
0
0
1
1.00198e-13
0
5.973e-14
1
0
1
0
0
8.82072e-14
4.08007e-14
0
1
1
1
4.38538e-14
0
1
1
0
1
1
1
8.04912e-15
1
1
0
0
1
1
1
1
0
1
1
0
1
1
1
1
1
1
1
0
1
9.74221e-15
1
4.05787e-14
1
4.21885e-15
2.17187e-14
0
1
1
1
1
1
1
1
4.38816e-14
1
1.44329e-15
2.4869e-14
0
1
1
1
0
2.77556e-16
1
4.19248e-14
1
1.87628e-14
1
1.13243e-14
1
1
1
1
0
1.76248e-14
1
4.49363e-14
0
0
0
3.0087e-14
1
1
1
1
1.59039e-14
0
1
1
1
1
1
0
1
0
1.47521e-14
1
2.75613e-14
1
1
1
0
0
3.79141e-14
0
0
1
0
6.68145e-14
4.44089e-16
1.47882e-13
5.20139e-14
2.39841e-14
1.19349e-13
1
0
1
0
1
1
0
0
0
0
0
1
1
1
0
1
1
0
7.01939e-14
1
1
5.32907e-15
0
1
0
5.92304e-14
0
1
1
1
1
1
1
1
1
1
1
1
1
1
1
1
1
1
0
1
0
0
4.66294e-15
1
0
2.21767e-14
1
1
1.11716e-14
1
1.21847e-14
1
0
0
3.16414e-15
0
1
1
1
1
0
1
0
1
0
4.66294e-15
0
0
1
1
1
1.68893e-14
0
0
1
2.85466e-14
1
0
1
1
1.13798e-14
1
0
1
1
1
1
1
1
1
0
1
0
0
0
1.51407e-14
1
0
2.19269e-14
5.82867e-16
0
6.35603e-15
0
0
0
1
0
1.45575e-13
0
0
1
3.96621e-14
1
1
1
0
0
4.27436e-14
1
0
0
3.61516e-14
1
1
0
0
1
1
1
5.06817e-14
4.87388e-14
0
1
1
1
1
1
0
5.28466e-14
1
1
1
4.49085e-14
1
0
0
0
0
0
1
8.63198e-15
0
0
1
1
1
1
1
2.65343e-14
1.45717e-14
1.38778e-15
1
1
1
1
1
0
1
0
3.76366e-14
0
0
1
1
1
1
0
1
1
1
1
0
2.15106e-14
1
1
1
1
5.00526e-15
1
0
0
1
1
1
1
9.14546e-15
0
0
1
0
1
0
0
1
5.30131e-14
1
0
1
1
1
0
3.50553e-14
1
1
1
0
1
1
4.2355e-14
0
1
1.80041e-14
0
4.45199e-14
1
0
2.91878e-13
1
1
0
4.03637e-13
1
0
7.77156e-15
5.55112e-16
1
1
0
6.35603e-14
2.28012e-14
1.43219e-14
1
3.85247e-14
1
5.9619e-14
4.9627e-14
0
1
1
1
5.55112e-17
1
1
1
1.00198e-14
1
1
0
1
1
1
1
1
1
1.03806e-13
1.07941e-13
3.44169e-15
1
1
1
1
6.58362e-14
0
2.33424e-14
0
0
1
0
0
0
0
1
1
1
0
6.30052e-14
0
1
1
0
0
6.77236e-14
1
5.79259e-14
0
0
2.54796e-14
1
1.08802e-14
1
1
1
1
2.45082e-14
0
3.21965e-15
1
1
3.51386e-14
1
1
0
0
1
1
0
1
1
3.89411e-14
1
0
1
1.45994e-14
1
1
1
1
1
0
1.10689e-13
0
1.11022e-16
1
1
0
1
1
1
1
6.86673e-14
1
7.09849e-14
0
1
8.30706e-13
0
1.44329e-15
1
0
0
1
1
0
0
5.21805e-15
1
1
1
0
6.4948e-15
1
5.89713e-14
1
0
5.43454e-14
1
1
1
0
1
1
1
0
1
0
2.65343e-14
1
0
1
3.29736e-14
1
1
1
0
1
1
4.52416e-14
1
1
1
1
0
1
1
2.78666e-14
0
0
0
0
1
1
0
0
3.60822e-16
1
1
1.31173e-13
0
1
0
0
0
9.29534e-14
0
0
1
1
1
1
1
1
0
4.71845e-15
1
0
1
1
0
1
1
0
0
1
0
9.02056e-14
0
0
0
1
0
1
3.38618e-14
1
1
1
1
1
1
0
1.77081e-14
0
1
5.07927e-14
1
1.47105e-14
1
2.06316e-15
1
1
1
6.95694e-14
0
0
0
2.11825e-14
4.05611e-14
0
1
1.64055e-13
1
5.79536e-14
2.66454e-14
0
1
0
1
0
1
1
0
4.85723e-14
0
0
1
1.08247e-15
1
1
1.40998e-14
0
1
0
1.21569e-14
0
1
0
1
1
0
1
0
0
1
0
1
1
1
1
1
1
0
1
4.57689e-14
1
6.72518e-14
1
1
1
0
1
9.21485e-15
0
1
0
1
0
1
1
4.3951e-14
1
4.24105e-14
0
1
1
0
1
0
1
1
1.99563e-14
1
0
1
0
0
7.66054e-15
0
1
1.15463e-14
1
1
1
0
1
0
0
0
1
1
1
5.55112e-17
1
1
3.47222e-14
1
1
0
4.45199e-14
6.57807e-15
1
4.44089e-15
1
1
1
1
7.46625e-15
1
0
1
1
0
1
1.37945e-13
9.3144e-13
1
1.67533e-13
1
0
8.26809e-13
8.14904e-14
1
0
1
0
1
1
1.53211e-13
1
1
1
1
3.66374e-15
5.09592e-14
1
1
1
1
1
0
1
0
1
1
7.53841e-14
0
1
2.73115e-14
1
2.27596e-15
1
2.27596e-15
1
0
0
1
1
1.42386e-14
0
0
1
0
1
0
1.00753e-14
4.50057e-14
5.42899e-14
1
1
1
1
1
1
0
1
1
1
0
0
0
0
1
0
0
1.19765e-13
4.16334e-15
2.25514e-14
1
0
1.06581e-14
0
1
0
1
1
0
8.33777e-14
1
1
1
0
1
0
3.03091e-14
1.93179e-14
1.51656e-13
8.57647e-15
7.03049e-14
0
2.52021e-14
1.86517e-14
1
1
0
1
1
1
4.41314e-15
0
8.87068e-14
1.41942e-13
0
1
1
0
0
0
2.18991e-14
2.94209e-14
1
1.53932e-13
1
0
8.52243e-13
0
1
1
0
0
0
0
0
1
1
0
1.66533e-15
9.53682e-14
1
1.10273e-13
1
1.03792e-13
0
1
1
1
1
0
1
8.72913e-14
1
1
1
1
1
3.00315e-14
1.25455e-14
1
1
1
1
1
1
0
1
0
1
0
1
0
0
2.77001e-14
7.92422e-14
2.09555e-14
0
7.29972e-15
6.47676e-14
3.10862e-15
1
1.63758e-14
2.09277e-14
5.40679e-14
1
1
4.18739e-14
0
8.199e-14
5.40309e-14
6.67799e-14
1
6.99441e-15
1
0
1
0
1
1
9.63118e-15
1
1
0
1
1
0
1
0
1
1
1
1
1
0
0
4.91829e-14
-5.55112e-17
5.84671e-14
1
0
1
1
0
0
1
1
1
1
1
0
1
3.7581e-14
3.68594e-14
2.33147e-14
1.11022e-15
1
1
1
0
2.01228e-14
1
5.00988e-14
1.02973e-14
0
1.94178e-13
0
0
1
1
1
0
6.54301e-14
1.90292e-13
5.43454e-14
1
6.28941e-14
5.29576e-14
0
0
1.27676e-14
0
1
0
1
1
6.64746e-14
1
1
1
1
1
5.9952e-15
1
1
1.21847e-14
1
0
1
1
1
1
1
1
0
0
1
1
0
1
1
3.35149e-14
1
1
0
1
1
0
7.04992e-14
0
0
0
1
1
1
1
0
1
3.34177e-14
3.45279e-14
1
1
0
1
0
5.32907e-14
3.25295e-14
6.07292e-14
1
0
1
1
0
1
1
0
1
1
6.10623e-15
0
1
4.26326e-14
0
1
1
0
1
2.07889e-14
8.58758e-14
3.24185e-14
1
2.59515e-14
0
1
1
6.51701e-14
1
5.43084e-14
1
1
0
1
0
1
0
2.05114e-14
1
1
1
0
1
0
0
0
0
4.86255e-13
0
1
1
4.14668e-14
0
4.75175e-14
9.81437e-14
5.41234e-14
1
1
0
4.57412e-14
9.4369e-15
1
0
0
0
3.60822e-16
1
1
2.3509e-14
1
1
1
7.93809e-15
0
5.35683e-15
1
1
0
1
1
1
1
0
6.62803e-14
0
1
0
0
0
1
0
1
4.32709e-14
3.33067e-15
1
1.16573e-14
0
1
0
7.71605e-15
0
1
0
1
1
1
1
7.77156e-15
0
1
0
0
1
1
1
0
1.72085e-14
0
1
1
5.12923e-14
1
2.16493e-14
5.17086e-14
0
1
1
1
1
0
1
0
1
1
1
0
0
2.17049e-14
0
1
0
0
1
1
1
8.43769e-15
1
1.24623e-14
0
0
1
0
1
0
1
1
1.64313e-14
1
1
4.38538e-15
1
5.44009e-15
2.05946e-14
0
0
1
7.74492e-13
0
0
1
1.31117e-13
7.53531e-13
1
1
1.59872e-14
0
1.1043e-13
3.9746e-14
1
1.89848e-14
1
0
0
1
0
3.46667e-14
1
1
1
1.09264e-14
4.88498e-15
1
1.249e-14
1.94289e-15
1
1
0
1
1
1
3.70814e-14
1
1
0
2.31482e-14
6.93889e-14
1
1
3.13638e-14
1
1
0
1
7.64944e-14
0
8.50847e-14
1
1
0
0
2.05391e-14
0
2.7478e-14
7.46625e-15
1
1
1
1.30312e-14
1
0
1
0
6.77236e-14
0
0
0
0
5.57887e-14
3.53051e-14
1
1
0
1
0
1
0
1
1
1
0
1
0
1.27259e-14
1
0
1
3.475e-14
7.51899e-14
4.44089e-16
1
0
1
1
1
0
1
3.06422e-14
1
1
1.74583e-14
3.4861e-14
1
0
0
1
5.30687e-14
6.4504e-14
1
1
1
1
1
0
1
1
0
0
1
1.38778e-13
0
0
0
1
0
1
1
1.08691e-13
2.36478e-14
0
1.03251e-14
0
0
2.07487e-13
1
0
1
1
1
1
1
1.17406e-14
1
1
1
1
1
1
2.02061e-14
2.20194e-15
1
2.13718e-14
1
1
8.17124e-14
1.33948e-13
0
1
1
1
5.42622e-15
6.05072e-15
1
1
1
1
2.6118e-14
1
2.63067e-13
0
1
2.47025e-14
5.12183e-14
0
6.21725e-15
3.11325e-14
5.33878e-14
1
0
1
2.29414e-13
1.56403e-14
0
4.05231e-14
1
1
1
1.01585e-14
1
1
1.22125e-15
1
1
0
0
1
0
7.66054e-15
0
9.99201e-16
2.88103e-14
1
0
1
1
1
0
1
1
0
0
1
1
1
1
0
1
1.19627e-14
1
0
3.61378e-14
0
2.82552e-14
0
0
0
1
1
0
1
6.98053e-15
4.7462e-14
7.67164e-14
0
0
0
2.62961e-13
4.44089e-16
1
1
0
0
1
0
1
1
0
1
0
0
1.65146e-14
1
1
1
4.92939e-14
1
1
1
1
6.55032e-15
1
5.27356e-16
1
1
1
0
1
1
1
1
1
1.42386e-14
1
1
1
0
1.77358e-14
4.57412e-14
1
1
0
0
1
2.19824e-14
1
1
1
0
1
1
1
1
0
1
0
1
0
1.14214e-14
0
1
1.33227e-14
1
0
1.3517e-13
4.85167e-14
1
0
1
9.13158e-15
1
1
1
0
0
1
1.30451e-15
1
1
1
1
-1.85037e-17
1
0
1
0
1.90958e-14
1
0
1
1
1
1
0
3.2932e-14
1
7.74381e-15
1
1
1
0
1
0
1
0
0
5.21805e-15
4.88498e-15
1
1
0
1
1
1
0
0
3.03723e-13
4.44089e-16
2.59348e-13
0
0
0
0
0
1
0
1
1
0
1
2.32037e-14
1
1
4.94049e-15
4.50751e-14
0
1
0
1
1
1
3.9968e-15
1
1
3.46945e-15
1
1
2.22045e-16
1
1
1
1
0
0
1
5.23008e-14
1
4.09395e-15
1
1
0
3.23075e-14
1.92346e-14
1
1
1
3.40561e-14
1
1
1
0
0
1
3.25295e-14
1
1
1
4.13003e-14
1.84297e-14
2.61319e-14
1
1
8.88178e-15
1.42941e-14
0
7.79932e-15
1
1
1
1
1
0
1
1
0
1
0
2.24543e-14
1
0
4.08007e-14
0
0
1
1
4.13003e-14
1
0
1
0
6.4837e-14
0
1
1
1
1
1
0
0
6.245e-16
1
0
1
1
1
0
1
1
1
1
0
1.42664e-14
1
0
0
0
0
1
1
1.64054e-13
1
1
0
0
0
1.07692e-13
1
0
0
0
7.91034e-15
0
1
0
1
1
1
1
1.09912e-14
1
2.13718e-14
1
1
0
7.93532e-14
3.89226e-14
1
1
3.30291e-14
0
1
1
3.15303e-14
0
1
0
1
0
1
7.72715e-14
1
1
1
1
0
1
0
1
2.81442e-14
1.09635e-14
0
3.76366e-14
1
1
1
1
0
1.87628e-14
0
0
5.16809e-14
1
2.16591e-13
0
0
0
1
0
0
1
1
1
1
1.26843e-14
1
1
1
1.03667e-14
1
0
1
1
1
1
3.23075e-14
5.63716e-14
1
0
1
1
1
3.19744e-14
4.80449e-14
1.86795e-14
1.89571e-14
0
2.91156e-14
1
1.18766e-13
0
0
7.77156e-15
1
0
1
1
0
0
1
1
1.87489e-13
1
0
0
0
1
0
0
0
5.31797e-14
1.04527e-13
0
1
0
1
2.36478e-14
0
1
0
9.6867e-15
1.36433e-13
1
0
0
1
4.01068e-15
1
6.245e-15
0
0
1
1
1
8.85403e-15
9.99201e-16
6.15896e-14
7.28306e-14
0
1
1
0
8.17124e-14
0
0
0
0
0
1
1
2.14273e-14
1
1
0
1
2.19269e-14
1.34975e-13
2.98872e-13
2.15106e-14
0
1
0
0
1
0
7.88258e-15
0
1
1.83423e-13
0
0
1
7.8812e-14
1
1
0
0
1
0
1
0
1
1
0
1
0
1
0
1
2.38698e-14
1.8055e-14
0
1
9.50351e-14
0
1
1
0
0
1
1
1
3.01148e-14
1
1
1
0
1
5.26801e-14
1
1.34337e-14
0
1
0
1
1.2527e-14
1
1
1
4.60743e-15
1
5.36793e-14
8.9558e-14
0
0
4.44089e-16
1
5.78426e-14
0
0
0
0
1
1
0
1
0
1
0
1
0
4.11893e-14
1
1
1
1
1
5.36238e-14
0
1.11022e-16
1
1
1
1.85962e-15
1
4.35624e-14
0
1
0
1.3281e-14
1
1
1
0
1
1
1
2.1802e-14
1
1
2.20657e-15
1
1
2.91989e-14
0
5.18752e-14
0
1
1
8.3461e-14
1
1.73195e-14
1
1
1.08247e-14
3.55271e-14
1
1
0
0
0
1
0
1
1
0
0
1
1
1
0
0
1
1.09357e-14
0
0
3.89133e-14
0
1
2.44249e-14
1
1
8.88178e-16
4.13003e-14
0
4.30211e-15
1
1
0
0
3.78031e-14
1
1
1
0
0
1
1
0
3.83027e-14
1
1
1
1
1
0
0
1
1
0
1
0
0
0
1
9.98646e-14
0
2.50888e-13
1
4.11615e-14
1
5.973e-14
1
0
0
0
1
0
1
0
0
0
1.41553e-14
1
2.27596e-15
1.21292e-14
0
2.13024e-14
0
1
1
1
0
1
1
1
3.51386e-14
0
1
1
0
1
6.70713e-14
1
0
1
1
1
1
1
1
1
1
1
1
0
0
1
1
1
1
1
0
1
1
1.80134e-14
1.44051e-14
4.64212e-14
0
1
1
3.48147e-14
0
1
1
0
9.38138e-15
0
1
3.3612e-14
-2.31296e-17
0
1
3.63876e-14
0
1
1
1
0
1
1
9.15934e-15
0
0
3.35842e-15
1.47216e-13
4.82392e-14
1
1
1
1
1
1
1.36002e-14
1
0
1
1
1
1
1
0
1
1.42386e-14
4.39926e-15
0
1
1
1
0
1
0
1
2.36478e-14
7.9492e-14
0
0
1
1
0
0
2.21878e-13
1
1
0
7.88258e-14
1
1
1
0
1.94289e-14
1
1.34198e-14
1
0
0
1
1
2.90323e-14
1
1
0
0
1
1.80411e-14
0
1
1
4.10227e-14
1
0
9.88098e-15
1.66811e-14
1
2.91156e-14
1
0
0
1
1
4.5001e-14
1
3.44169e-15
9.85878e-14
1
1
1
0
1
1
1
0
1
1
0
2.72005e-15
9.08995e-15
1
8.63198e-15
3.23815e-17
1.33227e-15
1
1
3.17524e-14
1
4.35763e-14
1
9.4591e-14
1
1
5.82867e-15
0
1
1
0
1
1
1
1.62463e-14
0
1
1.11022e-16
0
4.23273e-15
0
0
1
1
0
2.90878e-14
1
0
0
1
1
0
1
0
1
1
1
1
1
1
0
0
1
2.4869e-14
5.44786e-13
0
8.94137e-13
5.71245e-14
1.22125e-15
3.2821e-14
1
0
0
5.98965e-14
7.77156e-15
1
1
2.33147e-14
1
4.09672e-14
1
4.11338e-14
0
0
1
0
0
5.55112e-16
1
1
1
1
1
0
1
1
1
0
1
0
0
0
1
0
1
0
1.78191e-14
1
7.93809e-15
1
0
1
3.69149e-15
0
0
1
1
1
8.27116e-14
-1.85037e-17
1
1
0
1
1
1
1
1
0
1
0
1.21708e-14
9.60343e-14
1
0
0
1
1
1
1
0
0
1
1
1.02418e-14
5.82728e-14
2.498e-14
1
0
1
1
0
6.09512e-14
0
1
6.54476e-14
0
1.20876e-14
1
0
7.65221e-14
1
1
0
1
0
1
1
1
5.8703e-15
2.8394e-14
1.06581e-14
4.22995e-14
0
1
1
4.88498e-15
1
1
1.90958e-14
1
1
0
0
1
0
0
1.96509e-14
0
1
0
1
1
0
4.58522e-14
1.32394e-13
8.54317e-14
1
7.21645e-16
1
0
0
0
4.4705e-14
0
1
3.29736e-14
1
0
1
1
1
1.36002e-14
0
1
1
1.4988e-14
0
2.59237e-14
1
1
1
1
1
1
0
0
1
1
4.30211e-14
1
1
9.77274e-14
1.72085e-15
1
1
1
0
1
1
1
1.9762e-14
1
1
1.9762e-14
0
1
1
3.3723e-14
4.52971e-14
0
1
0
1
0
0
1
7.99361e-15
0
1
5.21805e-15
0
1
0
2.57017e-14
1
1
0
1
0
1
0
0
1
0
0
0
1
0
1
5.30131e-15
1
1
1
7.16094e-15
1
1
0
0
0
0
2.70062e-14
0
1
1
0
0
1
0
5.82867e-16
1
0
1
0
0
0
0
1
3.91354e-14
8.56729e-13
1
1.59872e-14
0
6.89539e-14
1
1
1
0
1
0
1
1
1
0
1
0
6.4615e-14
0
1
6.15804e-14
7.07767e-15
1
5.38458e-15
1
1
1
1
1
1
4.79061e-14
1
3.25573e-14
0
1
1
0
1
0
1
0
1
1
1
1
2.45914e-14
0
1
1
1
1
1
1.83326e-14
1
1
0
1
3.15303e-14
6.71685e-15
1
7.81597e-14
0
1
1
0
0
1
1.73195e-14
5.00711e-14
1
1
1
1
6.66134e-15
1
1
0
1
5.10703e-15
1
8.9595e-14
0
1
1
1
1
0
0
1
1
1
0
1
1
1
3.83582e-14
8.99281e-15
1
1
7.16094e-15
1
0
1
1.87628e-14
1
0
1
0
3.21965e-14
1
1
5.61912e-14
1.20515e-13
0
0
2.71783e-13
0
0
1
2.06687e-13
0
1
8.89844e-14
1
1.47854e-13
0
1
8.65419e-14
1.00614e-14
0
0
0
1
8.6875e-15
1
1
3.63598e-15
1
0
1
3.4639e-14
1.93179e-14
1
1
3.339e-14
1
1.93179e-14
0
1
1
1
1.09912e-14
1
0
0
0
6.58362e-14
1
1
4.0884e-14
1
1
8.10463e-15
1
0
0
0
0
1
1
8.24896e-14
0
1
1
0
1
2.17604e-14
1
5.87308e-14
0
1.44329e-14
0
0
1
6.60583e-15
0
0
0
0
1
1
1
1
1
1
1
1
1
0
1
1
3.61378e-14
0
1
0
1
1
0
1
1
1
1.34892e-14
0
1.56541e-14
0
1
1
0
0
1
1
0
1
1
4.77396e-15
5.19029e-15
1
0
1
4.05231e-15
0
1
1
0
0
1
1
0
0
5.41278e-15
5.26246e-14
1
1
1
0
1.01363e-13
0
1
0
1
0
1
1.64313e-14
0
1
1
1
1
1
0
1
0
3.7359e-14
0
1
1
1
0
1
2.91295e-14
1
2.33147e-14
0
6.79873e-14
1
1
9.47853e-15
1
1
1
1
0
0
0
0
1
1.04916e-14
1
3.2252e-14
0
1
1
1
8.37663e-14
1
1
-2.77556e-17
3.73312e-14
0
1
7.21645e-16
3.16414e-15
1.43219e-14
1
1
0
0
1
0
2.88658e-14
1
1.44329e-15
1
1
0
1
5.16948e-14
3.55826e-14
1.94567e-14
1
1.41553e-15
1
0
0
3.56354e-13
0
0
1
1
1.64785e-13
4.25678e-14
1.9193e-14
1
1
0
1
1
1.26954e-13
1
0
0
1
0
1
0
0
3.44169e-14
1
7.04992e-15
1.02002e-13
0
1
5.68434e-14
5.68434e-14
2.88658e-15
0
2.58571e-13
0
0
5.80647e-14
0
1
0
0
1
0
1
6.14231e-14
0
0
1.15463e-14
8.21565e-14
1
1
1
1.02973e-14
0
1
1
1
1.41553e-14
0
1
0
1
1
1
0
1
0
1
1.0697e-13
0
2.46608e-14
1
0
1
0
1.33227e-15
1
1
1
1
1
0
0
1
0
0
1
1
1
1.83187e-15
1
1
1
0
4.33403e-14
1
1
6.7446e-15
0
1.4988e-14
1
2.498e-14
1
2.01505e-14
3.23075e-14
0
0
1
1
8.16014e-14
5.29946e-14
1
2.81442e-14
1
5.51226e-14
1
1
2.77556e-14
1
4.13003e-14
0
1
0
1
1
4.88498e-14
1
0
1
1
0
0
1
1
1
1
0
1.83187e-15
1
1
1
1
1
1
0
0
1
0
5.68434e-14
1.21754e-14
1
1.14825e-13
0
0
0
1
0
1
0
0
0
0
1
0
0
0
1
0
1
1
0
5.9952e-15
0
1
1
0
0
1
0
1.39611e-14
1
1
1
4.86278e-14
5.74957e-14
1
0
0
5.32907e-15
2.77556e-14
3.88578e-15
5.77316e-15
1
1
0
1
1
3.03091e-14
1.07692e-14
3.16136e-14
1.39389e-13
0
1
1
1
1
0
1
1
1
0
1
0
0
0
0
0
0
9.60343e-15
1
1
0
1
0
1
4.13003e-14
1
0
1
0
1
1.45717e-14
1
4.05231e-15
1
0
0
1
0
0
1
0
1
5.28466e-14
1
1
0
0
9.33004e-14
0
1
1.11022e-16
5.68434e-14
2.98095e-14
1
4.93772e-14
1
3.68594e-14
4.06758e-14
1.66533e-15
1
1
1.46272e-14
1
1
1
9.32587e-15
0
1
1.60614e-14
1
0
6.08446e-14
1
0
0
1.26787e-13
0
0
1
0
4.58522e-14
0
1
0
0
0
1
1
0
0
5.63161e-14
0
1
3.77476e-15
1
1
3.71925e-15
1
1
3.33067e-15
0
1
1
6.27831e-14
1
0
3.0892e-14
1
1
1
1
1.85962e-15
1
1
1
1
1
1
0
1
0
1
0
7.49401e-14
1
1
1
0
0
1
1
2.04281e-14
0
0
1
1
1
1
0
1.05471e-15
1
1
1
1
2.99205e-14
1
1
1
0
1
1
0
1
0
1
0
1.45439e-14
1
5.00849e-14
0
1
1
1
0
1
0
7.60503e-15
1
1
1
0
1
1
0
2.35922e-14
9.99201e-15
5.88418e-15
1
1
0
2.84078e-14
1
1
1
1
0
0
1
7.35523e-15
1
0
1
0
0
0
1
1
0
0
1.93734e-14
5.2458e-14
1
1
1
0
1
0
1
1
1
1
0
1
1
1
1
1
0
1
3.43614e-14
1
1.31561e-14
1
1
1
0
1
1
0
1
1
1
4.16334e-15
1
1
1
1
0
1
1
1
0
0
1.2268e-14
0
1
0
1
0
1
8.11388e-14
3.9857e-14
0
1
0
1
1
5.27356e-16
1
0
1
1
1
0
5.94247e-14
1
1.04361e-14
4.26326e-14
0
0
0
5.13478e-15
3.64986e-15
1
1.11022e-15
8.24896e-14
7.04992e-15
0
0
1
0
1
1
1
1
1
1
0
0
1
0
1.26565e-14
0
1
0
1.63758e-14
1
1
1
1
1.66533e-15
0
1.90181e-13
1
0
3.86172e-13
4.76286e-14
1.59206e-13
5.60663e-14
1.33095e-12
1
1
0
9.61453e-14
1
0
1
0
8.04912e-16
1
0
1
1
1
1
2.19269e-14
5.19584e-14
1
1
1
1
1
0
0
1
0
1
0
1
1
1
1
1
7.38298e-14
1
3.35842e-15
1
1
1
1
3.61933e-14
1
0
0
1
0
3.78586e-14
1
1
0
0
0
1.71529e-14
1
1
1
1
0
6.12843e-14
1
1
0
1
3.02647e-13
1
1
1
1
1
7.28584e-14
1
0
1
0
1
0
1
5.7454e-15
1
0
1
0
1
1
6.92224e-14
8.52096e-15
3.31957e-14
5.44194e-14
0
2.58127e-14
0
1
0
1
1.46272e-14
1.82077e-14
1
1
1
1
0
1
0
1
0
1
6.78901e-14
2.77556e-15
6.66134e-15
1
0
0
0
0
6.55853e-13
1
4.20664e-13
0
0
0
0
0
1
1
1
0
0
1
0
4.38538e-15
1
1
1.45828e-13
1
0
1
1
0
1
1
0
1.49603e-14
1
1
1
1
1
0
5.26893e-14
1
5.46785e-15
1
1
1
1
1
2.09832e-14
1
0
0
1
1
0
0
0
0
1
1
1
1
0
0
2.34535e-15
1
0
1
1
1
0
0
1
1
0
0
2.22045e-16
1
0
1
2.8158e-14
0
1
1
1
0
1
0
1
1
0
1
1
1
0
1.04139e-13
0
1
0
4.34652e-14
0
0
2.65343e-14
1
0
1
1
1
2.42029e-14
0
1
4.62963e-14
1
4.57412e-14
1
2.57572e-14
0
1
1
8.14904e-14
0
0
0
0
0
4.62186e-13
2.88658e-15
1
1
0
0
1
0
1
0
0
1
3.65263e-14
1.33504e-14
1
1
0
0
6.9833e-14
5.68989e-15
2.62568e-14
0
1
0
1
3.36953e-14
1
0
1
1
1
2.4647e-14
1
0
1
0
0
0
1.7264e-14
1
1
1
0
1
1
0
1
0
1
0
0
7.80487e-14
1
3.44909e-14
0
1
0
2.97817e-14
7.77156e-15
1
2.10017e-15
1
3.13268e-14
1
0
1
1
0
1.66533e-16
0
1
3.34177e-14
0
1
1
1
0
0
1
0
0
3.92186e-14
1
1
0
1
4.57134e-14
4.4742e-14
1
5.00711e-14
1
1
1
1
1
1
1
0
1
1
0
0
1
0
7.35523e-16
3.77476e-15
3.33067e-15
1.2379e-14
2.41474e-15
1
1
1
4.38261e-14
2.15568e-15
1
0
0
1
0
5.25923e-13
0
1.51434e-13
2.90323e-14
0
1.66533e-15
0
0
1
1
0
1
4.56302e-14
1
1.54599e-14
1
1
0
1
1
1
1
1.9984e-15
1.12688e-14
1
1
1
5.04319e-14
0
7.37003e-14
1
0
1
7.06657e-14
1
0
1
1
1
2.75197e-14
0
1
1
0
1
1
0
1
3.4861e-14
1
1
1
1
1
-2.77556e-17
3.33067e-16
0
1
1
1
1
1
1
2.49106e-14
5.38458e-14
1
1
0
0
0
1
1
1
2.70339e-14
0
1
2.66454e-15
1
1
1
1
1
1.95677e-14
1
1
6.11733e-14
1
1.41646e-14
0
0
7.86871e-14
9.77551e-14
1
0
1
0
1
1
1
5.66491e-14
0
1
6.82787e-14
8.88178e-16
7.35245e-14
1
1
0
1
4.42146e-14
1
3.65818e-14
1
1
0
1
0
0
0
0
1
0
1
0
0
1
3.01426e-14
1
3.70148e-13
0
1.62882e-13
0
1
2.80609e-13
1
2.00395e-13
1
1.85296e-13
4.09672e-14
1
1
1
1
1
0
1
0
1
3.1003e-14
3.77892e-14
0
1
1
5.86475e-14
1.11577e-14
1
3.83582e-14
2.22433e-13
6.71685e-14
1
9.12465e-14
0
1
1
1
0
8.09075e-14
1
1
0
4.7698e-14
0
1.10745e-14
1
0
6.7446e-15
1
1
4.33542e-14
1
0
1
6.99996e-14
2.77001e-14
1
0
1.31006e-13
1.50768e-13
0
0
1
1
1
1
1
0
0
7.99361e-15
0
1.17684e-14
1
0
0
1
1
0
4.88498e-15
0
0
1.57235e-14
1
1.88738e-15
0
0
1
0
0
0
0
0
0
1
0
4.81837e-14
0
1
1
2.69645e-14
0
3.34917e-15
0
1
1
1
0
0
1
3.28591e-13
0
1
0
0
0
0
1
3.9635e-14
1
3.07865e-13
0
0
0
2.90878e-14
8.64586e-14
0
1.04694e-13
1
0
1.44329e-15
4.92384e-14
1
0
0
3.05311e-15
1
1
0
0
1
0
1
1
0
1
1
1
0
0
0
1
1
0
1
1
1
1
0
1.25233e-13
4.77673e-14
8.32667e-16
2.10498e-13
1
1
1
0
1
1
1
6.9722e-14
1
1
1
0
1
1
1
1
0
0
0
1
4.59632e-14
6.51701e-14
0
1
1
1
0
1
1
1
1
1
1
1
0
1
0
0
1
0
0
1
1
1
1
1
0
1
1
2.35922e-14
1
1
1
0
4.95715e-14
3.77476e-15
0
0
1.98915e-14
0
6.66134e-14
1
1
0
0
1
0
5.47315e-13
0
2.19824e-14
1.20459e-14
0
0
1
7.62168e-14
1
1
0
1
0
1
0
1
1
0
0
1
1
1
1
0
0
1
1
1
1
0
1
1
1
1
1
1
1
1
0
1
0
0
1
0
1
1
1
0
1
0
1
1.33393e-13
8.82072e-14
4.32987e-15
1
3.44169e-15
0
4.39926e-14
1
1
1
5.85226e-14
0
0
2.52576e-15
1
1
1
0
0
3.51941e-14
9.76996e-15
4.06064e-14
1
1
1
1
0
1
1
1
1
1
0
6.07847e-14
1
1
1
1
8.40439e-14
1
2.47025e-15
1
1
0
1.52656e-14
0
0
1
8.41827e-14
0
9.35363e-15
1
3.89133e-14
1
1
1
0
1
1
2.92174e-14
1
0
1
1
0
1
0
0
1
1
9.50351e-14
5.9841e-14
0
0
0
0
1
1
1.05582e-13
1.09546e-14
0
1
3.16414e-14
1
1
1
1.14297e-13
1
1
1
1
3.96905e-15
0
1
0
0
4.19942e-14
0
0
1
1.75415e-14
1
8.94562e-14
7.10543e-14
1
0
1.26732e-13
0
1
0
1
0
0
1
0
0
0
1
3.54161e-14
0
0
4.56302e-14
1
0
0
1
0
1
1
1
1.20182e-14
6.63358e-14
1
1
0
0
1
6.48925e-14
5.01543e-14
1
1
6.03684e-14
1
2.66176e-14
0
0
1
1
1
1.63758e-15
0
1
0
1
0
0
1
0
7.16371e-14
1
0
1
1
1
1
0
1
1
1
1
1
9.86988e-14
1
1.9873e-13
1
1
1
1
1
1
1
1
1
1
3.29181e-14
0
4.88253e-13
0
0
1
1.11022e-16
5.87304e-13
8.30447e-14
1
4.32987e-14
1
5.7121e-14
9.03722e-14
1
9.88098e-15
0
1.22596e-13
1
8.71664e-14
0
7.92699e-14
0
1
1
1
1
1
0
0
1
1
1
1
0
0
1
1
1
2.85882e-15
1
8.97985e-14
1.51268e-14
3.78586e-14
1
1
6.46705e-15
1
9.60343e-15
0
1
2.12885e-14
0
1
0
0
0
1
0
1
0
1
4.74898e-14
1
1
7.51621e-14
4.21746e-14
4.78229e-14
6.30607e-14
1
0
1.2453e-14
0
0
0
1
0
1
0
1
1
1
0
0
1
0
1
0
1
0
0
0
7.60503e-15
1
1
1.37459e-13
1
1
7.29694e-14
0
1
1
0
0
0
1
0
0
1
1
3.27516e-14
1
1
1
1
1
1
1
1
0
0
0
0
0
3.51941e-14
0
0
0
2.45729e-14
0
1
2.22045e-14
0
1
0
1.05471e-15
0
1
1
1.0103e-14
0
0
0
1
1
1
0
7.82707e-15
1
1
0
0
0
1
1
0
1
0
1
1
2.11775e-14
1.18294e-13
0
0
1
2.81719e-14
1.17406e-14
1
1
1
1
1
1
0
0
1
1
1
1
1
1
1
0
5.53446e-14
5.30131e-14
0
1.08247e-14
0
1
1.74305e-14
0
1.3517e-14
1
1
0
1
1
1.66163e-14
1
1
1
4.55191e-14
0
1
0
0
0
-3.23815e-17
0
0
1
0
1
1
1.22957e-14
1
2.77556e-17
2.73948e-14
1
1
2.61458e-14
0
0
1
1.12271e-14
1
0
4.94049e-15
0
1
0
1.78191e-14
1
1
0
1
1
0
6.34492e-14
1
0
0
2.04088e-13
3.29736e-13
0
0
1
0
0
0
0
0
1
0
0
5.82312e-14
1
1.00142e-13
2.62568e-14
2.7256e-14
1
1
0
0
1
1
1
1
1
1
1.37113e-14
2.21489e-14
0
0
0
9.41839e-14
1
1
1
1
1
1
1
2.95597e-14
3.83119e-14
1
1
1
1
1
1
0
0
0
4.95159e-14
0
1
1
0
0
0
1
1
0
0
2.16216e-14
1
1
2.53797e-13
0
1
5.25135e-14
1
1
2.68813e-14
1
1
1
1
2.20657e-14
1
1.81521e-14
0
1
1
0
6.35048e-14
1
1
1
0
0
1
0
1
4.16334e-14
1
1
0
3.85247e-14
0
0
2.80054e-14
1
0
1
0
0
1
1
0
1
1
1
0
1
1.42455e-13
1
1
1
0
1
1
1
1
1
1
1
1
1
1
1
1
1
1
1
1
1
3.10307e-14
1
1
1
1
1
1
1
1
4.31322e-14
1
1
1
1
1
1
1
1
1
1
1
1
1
1
1
1
6.7113e-14
1
1
1
1
1
1
1
1
1
1
1
1.70836e-14
5.04596e-14
1
1
1
1
1
1
1
1
1
1
1
9.27036e-14
1
1
1
1
1
1
1
4.76841e-14
1
1
1
1
1
1.70697e-14
1
0
1
1
1
1
0
1
1
0
1
1
1
1
1
1
1
1
1
1
1
4.86e-14
0
1
1
1
1
1
0
1
1
1
1
1
1
1
1
2.02893e-14
1
1
1
1
1
1
7.74658e-14
1
1
1
1
1
1
1
1
1
7.0749e-14
0
1
1
1
1
1
1
1
1
1
1
1
1
1
1
1
1
4.67404e-14
1
1
1
1
1
1
1
0
1
1
1
0
1
0
0
1
6.62248e-14
1
1
1
1
1
5.14866e-15
1
1
0
1
1
1
1
1
1
1
1
1.87628e-14
1
1
1
1
0
1
1
1
1
1
1
1
1
1
1
1
1
1
1
1
1
5.46785e-15
1
1
0
0
1
0
0
1
1
1
1.13937e-14
1
2.65343e-14
1
3.75255e-14
1
1
6.66134e-15
1
0
0
1
1
0
1
3.3723e-14
1
2.27596e-14
1.11022e-16
5.10703e-15
0
1
1
1
1
1
1
0
1
1
1
1
3.62488e-14
1
3.08642e-14
1
1
1
0
0
5.14033e-14
8.38218e-15
0
1
1
1
1
1
1
1
1
1
1
1
0
1
1
0
6.85563e-15
1
8.77076e-15
1
0
0
1.55154e-14
1
1
1
2.99205e-14
1
1
1
0
1
1
1
0
0
1.93179e-14
1
1
0
8.49321e-15
1
0
1
-5.55112e-17
1
1.08247e-14
1
1.93734e-14
7.38298e-15
1
0
1
0
1
2.1802e-14
1
1
1
1
1
1
1
0
1
1
0
1
1
1
1
1
1
0
0
1
0
1
1
1
1
1
1.37668e-14
0
0
1
0
0
3.0323e-14
1
5.9952e-14
1
1
1
2.22183e-14
1
1
1
1
0
1
1
1
2.49523e-14
1
1
1
2.16077e-14
5.29021e-14
0
1
1
0
1
0
1
0
4.72955e-14
1
1
1
0
1
1
1
1
1.27306e-14
1
1
0
1
1
1
1
0
1
1
1
0
1
1
1.77219e-14
3.79974e-14
1
0
1
0
1
0
5.55667e-14
1
1
1
1.0103e-14
3.30291e-15
0
0
0
1
1
2.81719e-15
0
1
1
1
1
1
1.45994e-14
2.27873e-14
1
0
1.87628e-14
1
1
1
2.55351e-15
1
5.55112e-17
1
0
3.18079e-14
1
1
3.13916e-14
3.3612e-14
1
1
0
1
1
4.09672e-14
1.73889e-14
3.94129e-14
1
1
2.18853e-14
4.11893e-14
0
1
1.00892e-14
0
4.4742e-14
1
1
1
6.1201e-14
1
0
1
1
1
0
1
0
0
0
1
1
1
0
1
1.53072e-14
1.91097e-14
1
1
1
5.88418e-15
0
1
2.13579e-14
1
7.93809e-15
8.88178e-15
1
1.02418e-14
0
4.42979e-14
1
1
0
0
1.32394e-14
1.04361e-14
0
1
1
0
1
1
1
0
5.53446e-14
1
2.28012e-14
0
1
2.498e-15
0
1.52101e-14
0
9.65894e-15
2.50633e-14
1
0
1
0
0
1
1
1
0
0
3.44169e-15
2.88658e-15
1
0
0
0
1
2.59792e-14
3.66651e-14
2.33147e-14
0
1
0
1
0
2.04975e-14
1
8.99281e-15
1.55154e-14
1
0
0
0
0
1
0
1
0
1
1
1
0
1
1
0
1.73195e-14
0
0
1.74166e-14
2.67564e-14
1
9.312e-15
0
0
1
0
6.52256e-15
3.61193e-14
1
2.34257e-14
2.78666e-14
0
0
0
6.06182e-14
1
1
1
1
5.66214e-15
1
1
1
2.77278e-14
1
1
1
0
1
0
1
0
1
1
3.01981e-14
1
0
1.24345e-14
1
1
0
0
0
0
2.22045e-14
1
1
0
0
1
1
6.46705e-15
0
1
1
0
1
1
0
1
0
1
1
0
1
0
1
0
1
0
1
1
1
1
1.16296e-14
0
1
0
3.07809e-14
0
1
0
1
8.77076e-15
0
0
1
1.33366e-14
1
1
3.77198e-14
0
1
2.43139e-14
1.95954e-14
1
0
1
1
1
1
0
1
1
4.17444e-14
1
0
1
0
8.52096e-15
8.88178e-16
1
0
1
3.58602e-14
1
1.09912e-14
0
1.55431e-15
1.1352e-14
1
1
1
0
1
7.77156e-16
1
0
4.71845e-15
9.27036e-15
1
1
1
1
0
1
3.46112e-14
1
0
0
1
1
1
1
1
0
1
1
0
1
1
0
2.43278e-14
1
0
1.11022e-16
1
4.01068e-14
5.87586e-14
1
2.4647e-14
0
0
1
1
1
1
1
0
0
3.56382e-14
1
1
1.34337e-14
0
2.47302e-14
0
1
0
1
1
0
1
-5.55112e-17
9.32587e-15
1
1
7.38298e-15
3.88578e-15
1
1
1
1
1
0
1
1
1.33643e-14
2.22877e-14
1
1
1
1
1
1
6.21725e-15
1
1
1
0
1
1
0
0
0
1
0
0
0
1
1
7.35523e-15
0
1
0
1
1
1
1
1
0
1
1
3.00593e-14
3.91909e-14
1
3.82749e-14
1
1
0
0
1
1
1
1
1
2.90601e-14
1
3.79141e-14
5.10286e-14
1
2.48135e-14
0
1
1
1
1
1
0
1
1.36835e-14
1
2.05391e-14
3.747e-14
6.17562e-14
1
1.76109e-14
2.96707e-14
5.54001e-14
1
0
1
2.47025e-14
1
1
1
1
2.4758e-14
1
1
1
1
1.7375e-14
0
1
8.88178e-16
1
5.07094e-14
1
0
2.07612e-14
1
1
1
4.50751e-14
2.93099e-14
1
3.29459e-14
0
1
1
1
2.4647e-14
1
1
0
1
7.43849e-15
3.06838e-14
0
5.40679e-14
1
6.68077e-14
0
1
1
1
1
0
2.4647e-14
1
0
0
1
1
0
0
1
1
1
5.19584e-14
1
0
1
2.47025e-14
1
0
1
3.05311e-14
1
0
1
1
1
0
3.13638e-15
1
2.4647e-14
1
0
5.03486e-14
1
1.22125e-15
0
1
0
1
1
4.95159e-14
1
1.44329e-15
6.85563e-15
1
0
0
1
0
1
0
1
0
0
1
1
1
7.10543e-15
2.4758e-14
0
2.22183e-14
1
1.66533e-16
1
1
9.6867e-15
0
1
1
0
2.226e-14
1
1
1.42109e-14
0
0
0
1
3.55271e-14
1
7.32747e-15
0
0
0
0
0
0
0
1
1.36002e-15
1
0
0
1.49603e-14
0
2.4647e-14
1
7.67442e-15
1
0
0
0
1
0
1.05471e-14
0
0
1
1
6.39488e-14
0
4.4853e-14
1
1
1
0
0
0
0
1
0
0
1
1
1
1
1
3.65541e-14
0
0
0
1
1
1
1.36557e-14
0
1
1
6.80844e-14
1
1
1
0
1
0
1
1
0
0
9.21485e-15
1
1
0
1
0
0
3.07532e-14
1
1
3.3501e-14
0
0
1
0
0
0
1
1
5.10147e-14
1.11022e-15
1
1
1
0
0
1
4.43673e-14
1
4.44089e-14
1
1
1
1
1
1
1
1
1
0
1
1
0
4.16334e-15
1
0
1
1
0
1
7.38298e-15
1
1
1
4.21468e-14
1
1
1
1
6.42819e-14
0
2.9976e-15
1
1
0
1.36419e-14
1
1
0
1
1
1
0
1
1
0
0
0
5.05151e-14
0
1
1
1
1
0
1
1
0
1
0
1
1
2.33147e-15
1
1
1
1
0
1
1
1
1
1
0
0
1.9984e-15
0
2.13163e-14
1.10134e-13
5.77316e-15
1
1
1
2.4869e-14
1
2.20934e-14
1
1
2.52021e-14
1
0
1
7.12208e-14
1
1
1
0
1
1
1
1
1
0
1
4.21191e-14
1
1
0
1
4.06342e-14
3.24601e-14
1.27398e-14
1
1
1
0
1
1
1.37806e-14
1
0
1
0
1
0
1
0
0
2.27596e-14
1.09264e-14
2.31759e-14
1
4.56579e-15
4.81559e-15
1
3.94546e-14
2.23432e-14
1.98591e-14
2.4647e-14
0
1
2.57572e-14
0
1.76525e-14
8.32667e-16
1
1
1
3.4972e-15
1
1
1
4.89886e-15
1
0
5.50116e-14
0
1
0
1
1
1
0
1
0
1
2.54241e-14
1
3.20854e-14
1
0
3.14193e-14
1
1
1.74305e-14
1.87073e-14
0
1.08247e-14
0
6.99441e-15
1
1
0
2.21212e-14
1
0
1
0
1
1
1
1
1
7.32747e-15
1
0
1
1
1
0
1
1.31839e-14
1
0
5.56499e-14
4.94049e-15
1
1
1
1
0
3.06422e-14
4.46726e-14
1
1
2.73254e-14
4.21885e-15
1
1
2.4869e-14
0
1
0
1
0
1
1
0
1
1
4.4173e-14
1
0
1
1.21014e-14
1
1
1
1
2.28983e-14
1
2.89213e-14
1.09635e-15
1
0
0
1.96509e-14
1
1
1
1
0
1
1
1
1
6.18949e-15
4.52971e-14
1
0
1
1
1
1
1.37113e-14
0
1
1.84713e-14
0
0
1
0
1
1
0
1.59872e-14
9.54792e-15
1
1
1
1
1
1
1
3.82194e-14
0
6.19782e-14
1
9.21485e-15
0
1
1
0
0
0
0
0
0
1.73195e-14
0
1
1
1
2.04281e-14
1
0
1
1
0
0
0
1
1
1
1
1
1
1
0
6.19504e-14
2.8394e-14
0
0
1
1
0
2.11497e-14
2.48135e-14
0
1
1
0
1
0
1
1
1
0
1
2.4758e-14
1
0
0
1
0
1
0
1
1
1.75415e-14
1
1
1
1
0
1
1
0
1
7.52176e-15
1
0
1
1
1
1
0
1
0
9.74221e-15
1
0
2.86854e-14
1
1
0
0
0
0
0
0
1
1
1
0
1.33227e-15
1
0
0
1
9.27036e-15
1.38778e-14
6.9722e-14
8.74856e-14
1
1
2.4869e-14
1
1
1
0
1
4.93078e-14
3.4972e-14
0
0
0
1
0
4.79616e-14
0
1
1
0
0
0
0
0
1
1
2.06224e-14
2.05391e-14
1
1
0
0
1
0
1
0
2.54241e-14
1
2.4647e-14
1
1
1
1
0
3.45094e-14
5.64826e-14
1
3.90799e-14
0
1
1
0
0
1
0
1
0
1
1.46549e-14
0
3.00038e-14
2.73948e-14
1
0
1
2.97817e-14
0
1
0
0
1
0
1
0
0
0
0
0
1
1
3.18912e-14
1
0
1
0
1
1
0
0
0
1
1
0
2.85882e-15
0
1
1
1
3.7581e-14
1
4.20775e-14
0
7.24421e-15
1
1
1
0
0
0
1
2.30926e-14
0
0
0
2.95874e-14
1
0
1
1
2.30371e-14
0
0
2.43e-14
1
1
3.59712e-14
1
1
1
0
1
1
1
1
0
1
2.7367e-14
1
0
1
2.74086e-14
1
1
1
1
1
1
3.84137e-14
1
1
1
0
0
1
0
0
0
1
2.4758e-14
1
1.6015e-14
1
0
0
0
1
0
3.18634e-14
1
1
1
1
1
0
2.48135e-14
1
1
1
3.13916e-14
1
2.23155e-14
1
4.21052e-14
1
1
0
0
1
1
1
1
0
1
1
4.20775e-14
1.45162e-14
2.35367e-14
3.32789e-14
0
1
1
1
0
1.95954e-14
1
1
0
0
1
1
1
2.21489e-14
1
1
1
1
9.312e-15
1
0
1
1
1
1
1
1
2.65621e-14
2.15383e-14
1
1
1
1
1
1
0
4.95715e-14
1
1
3.69704e-14
1
1
1
1
1
1
0
1
1
1
1
1
0
0
1
1
0
0
1
3.63043e-14
2.68674e-14
1
0
2.69368e-14
1
1
0
1
1
1
1
0
1
0
0
1
0
1.5099e-14
0
7.31359e-14
1
6.21586e-14
0
1
1
1
1
0
1
1
0
0
1
0
1
1
2.46886e-14
1
5.56499e-15
1
1
0
1
1
1
1
0
1
1.40443e-14
1
1
1
1
1
6.21725e-15
1
0
1.91791e-14
1
1
1
1
1
1
6.35603e-15
0
1
8.13238e-15
0
0
0
1
0
1
1
1
1
1
0
1
1
1
1
1.70974e-14
0
1
1
3.35565e-14
1
5.55112e-16
1
1
0
1
1
0
0
6.34215e-15
0
1
2.4758e-14
1
1
1
0
0
0
1
1.60982e-14
1
1
0
1
2.4647e-14
0
0
0
0
0
1
1
0
0
1
1
1
1
2.44527e-14
1
1
0
0
0
1
1
1
0
0
3.45834e-14
1
0
1
3.16969e-14
1
1
1
3.61933e-14
2.4758e-14
0
2.87409e-14
2.10942e-14
1
0
1
4.7462e-15
0
1
1
1
0
1
1
1
0
1
3.51663e-14
1
0
1
0
3.5083e-14
0
0
1
1
0
0
0
0
8.34055e-15
5.9508e-14
0
1
0
0
1
1
1
1
0
8.10463e-15
1
0
1
7.94365e-14
4.42979e-14
1
1
0
1
1
1
0
0
1
1
0
0
0
0
0
0
0
0
1
0
1
1
1
1
1.11022e-16
4.05231e-15
0
6.27276e-15
3.44169e-15
9.9365e-15
4.19942e-14
0
1.40166e-15
1
0
0
1
9.90874e-15
1
0
9.88098e-15
1
1
0
0
1
1
1
1
1
3.93297e-14
0
0
0
5.71349e-14
1
1
0
0
4.27436e-14
0
1
0
0
1
0
9.99201e-16
1.41831e-14
0
1
1
0
0
0
0
5.10703e-15
0
5.91749e-14
0
1
0
1
1
3.46945e-14
1
0
1
1
6.92779e-14
1
1
1
7.50511e-14
1
7.43849e-15
1
1.73195e-14
1
1.36557e-14
1
1
1
1
1.22818e-14
1
1
1
1
2.65898e-14
1
1
1
1
1
0
1
0
1
0
6.31717e-14
0
3.01981e-14
1
0
6.92779e-14
1
0
1.21014e-14
1
1
0
0
3.31957e-14
0
1
4.86e-14
1
0
0
1
1
1
1
1
2.63678e-15
0
5.07649e-14
1
0
1
1
1
4.77396e-14
6.05627e-14
1
0
1
0
1
1
1
0
6.66134e-14
1
1
1
1
1
0
0
2.20379e-14
1
0
1
0
1
0
1
1
0
1
2.81997e-14
9.07607e-15
1
1
1
1
0
1
1
6.16729e-14
0
1
1
1
0
1
0
6.66689e-14
1
4.90719e-14
3.56243e-14
0
1
1
1
2.62013e-14
3.00038e-14
1
1
0
1
6.22002e-14
1
2.05391e-15
0
0
1
0
1
0
1
1
1
1
0
0
1
1
1
2.70062e-14
3.53884e-15
0
1
1
1
3.10862e-15
0
1
6.41154e-14
1.04139e-13
0
0
1
1
3.46528e-14
1
1
1
1
1
1
8.6417e-14
1
6.66134e-14
1
0
1
0
0
1
0
4.07591e-14
1
1
1
1
1
0
1
0
1
1
1
1.21014e-14
4.37428e-14
1
1
1
1
1
1.64035e-14
9.56735e-14
1
1
5.31242e-14
1
1
9.86711e-15
1
1
0
6.78346e-14
0
1
0
2.75335e-14
1
6.16035e-14
1
0
1
1
5.22637e-14
1.5099e-14
1
7.54952e-15
0
1
0
2.63678e-15
1
1
0
1
0
0
1
1
1
1
1
6.93889e-14
0
1
1
1
1
0
1.50713e-14
8.50431e-14
1
0
1
0
5.85643e-15
1
0
0
5.76761e-14
3.05311e-14
1
0
1
0
1
1.95399e-14
1
4.4853e-14
1
0
3.09752e-14
1
1
1
0
1.9984e-14
1
1
7.6994e-14
1
1
9.72555e-14
1
1
1
6.25333e-14
1
1
1
1
1
1
1
8.07687e-15
1
1
1
1
0
1
1
1
1
0
1
0
1
4.52971e-14
1
1
3.45141e-14
1
1.05471e-14
1
0
0
1
0
7.61613e-14
1
2.13718e-14
7.92422e-15
1.45994e-14
1.19182e-13
1
9.10383e-14
0
1
1
1
6.93057e-14
1
1.16185e-13
1
6.17284e-14
0
1.7486e-14
1
1
1
1
1
1
1.04083e-13
1
1
1
0
0
0
1
0
1
1
1
1
2.76446e-14
0
5.10703e-14
1
0
1
1
1
1
0
1
1.98314e-14
1
1
1
1
1
1
1
1
3.17524e-14
1
1.82354e-14
1
1
0
0
1.68199e-14
0
1
0
0
0
1
1
1
0
1
1
0
1
0
1
1.7486e-14
1.19904e-14
5.06123e-14
0
2.51466e-14
1
0
1
0
0
0
1
0
0
2.54519e-14
3.28626e-14
1
1
3.05311e-14
0
1
1
2.03726e-14
4.64351e-14
1
1
1
1.15463e-14
1
0
1
0
0
0
1
1
3.76366e-14
1
0
0
0
0
1
1
0
1.4766e-14
1
0
1
1.47521e-14
0
1
1
7.12486e-14
1
0
0
1
1
4.19664e-14
1
0
0
4.4964e-15
1
0
0
0
1
0
4.71428e-14
1
0
1
1
0
6.52256e-15
0
0
4.57412e-14
0
0
0
3.55271e-14
1
0
1
5.19584e-14
1
0
4.1106e-14
0
0
0
4.62963e-14
1
1
1
1
0
1
1
0
1
2.92821e-15
0
1
1
1
0
0
1
1
0
1
0
0
3.65818e-14
1
1
1
1
0
1
1
0
1
0
1
1
0
1
0
0
1
3.09752e-14
7.69662e-14
0
0
0
1.4308e-14
0
1
0
1.33227e-15
1
0
1.96232e-14
0
2.38698e-15
1
1
0
1.00947e-13
0
0
1.19904e-14
1.667e-13
1
0
7.33857e-14
1
1
0
1
1
0
0
0
6.15619e-14
1
0
1
1
3.87745e-14
3.28626e-14
8.99281e-14
0
0
0
1
1
1
1
0
0
1.84852e-14
1.88738e-15
1.52101e-14
1
1
1
1
0
3.51386e-14
0
0
1
5.53446e-14
0
0
1
1
0
1
1
1
1
0
1
0
0
0
1
1
1
7.43849e-15
0
1
1
1
0
4.21885e-14
3.11418e-14
1
1
1
1.04361e-14
0
0
0
1
1
1
0
1
1
0
0
1.32117e-14
1
1
1
1
1
1
0
5.31797e-14
0
0
0
1
1
4.20497e-15
0
1
0
1
1
1
1
0
1
0
1
0
0
1
1
1
1
0
0
1
0
1
0
0
1
0
0
1
1
1
1
1
0
2.44249e-14
0
1
1
1
1
1
1
1
1
0
0
1
0
0
4.55191e-15
1
0
1
0
1
5.07649e-14
1
0
1
2.67564e-14
0
1
0
1.60705e-14
2.66454e-15
0
0
0
0
1.29063e-14
0
0
0
2.00118e-14
1
7.57311e-14
1
1
0
2.80609e-14
1
1
2.56739e-14
0
0
1
1
1
0
1
6.54754e-14
5.9841e-14
0
1
0
0
1
1
0
1
3.66374e-15
0
0
1
1
1
1
4.3715e-14
7.88258e-14
0
0
1
0
0
1
1
0
0
1
0
1
1
0
6.07847e-14
1
1
1
0
0
5.55112e-17
0
0
3.46667e-14
2.67564e-14
1.77636e-14
1
0
0
1
1
1
0
1
0
1
1
0
0
1
1
8.02136e-15
2.22045e-16
0
1.58207e-15
0
1
1
0
0
1
0
1
1
1
2.88658e-15
7.77156e-16
1
4.44089e-15
1
1
2.10942e-15
1
0
1
1
1.11022e-16
1
1
1
1
9.20097e-15
1
0
1
1
1
1
1
6.05072e-15
1
1
1
1
1.11022e-15
1.66533e-16
1
0
0
1
1
4.17721e-15
0
6.63358e-15
1
0
0
1
7.31359e-15
1
0
1
1
1
7.61891e-15
1
1
1
0
8.32667e-15
0
1
3.66004e-14
1
0
1
1
1
0
1
0
1
1
9.14546e-15
1
1
0
1
0
0
1
7.20257e-15
1.55431e-15
0
1
1
0
1
0
1
1
1
2.31759e-15
0
0
1
1
0
1
1
3.60822e-16
1
1.77636e-15
0
2.59515e-15
2.60902e-15
2.85882e-15
1
1
1
1.36002e-14
1
2.55351e-15
0
1
1
4.96825e-15
1
0
1
1
0
1
6.99441e-15
7.09155e-15
1
1
0
1
5.68989e-16
1
1
6.57807e-15
1
1
1
1
1
1
4.16334e-16
0
4.77396e-15
1
1
1
8.88178e-15
1
1
1
1
1
1
1
1.44329e-15
0
0
0
1
1
1
1
9.4369e-16
0
1
0
1
0
1
1
1
1
1
2.41474e-15
5.00526e-15
0
1
1
6.05072e-15
1
8.37293e-15
1
0
1
1
1
0
1
1
1
1
1
1
4.27436e-15
1
1
1
1
1
1
0
1
1
0
