1
1.30451e-14
1
0
1
1
1
1
0
0
0
1
1
1
1
0
8.18789e-15
0
0
1.46549e-14
1
1
1
1
1
7.43849e-15
1
1
1
1
1
1
1
1
1
1
0
1
1.7523e-14
1
1
1
1.23235e-14
0
1
1
0
0
1
1.21014e-14
1
1
0
0
1
0
1
1
0
1
1.4988e-15
0
1
1
3.86913e-14
1
8.40994e-15
9.71445e-17
1
1
1
1
1
0
1
1
0
1
1
0
1
0
1
1
1
1
1.07692e-14
1
1
1
1
0
0
1
9.99201e-16
1
1
0
1
1
0
1
1
1
1
3.11973e-14
1.27398e-14
1
0
1
0
1.02141e-14
1
1
1
1
0
2.2482e-15
1
1
1
1
1
0
1
0
3.41394e-15
1
4.44089e-15
1
1
1
1
1
1
2.31759e-15
0
1
1
1.25455e-14
0
1
1
1
1.06859e-14
8.63198e-15
1
1
1
1.41692e-14
1
1
1
1
1
3.33992e-15
1
0
1
1
1
1
1
1
0
1
1.7028e-14
1
1
1
1
1
0
1
0
1
5.9952e-14
4.89608e-14
1
0
1
4.15223e-14
0
0
1
1.49325e-14
1
1
1
1.30451e-15
1
0
1
1
0
1
1
4.27436e-14
1.92069e-14
0
0
0
1
1
1
3.76088e-15
1
1
1
1
2.16493e-15
1
1
1
0
1
1
1
1
1
1
3.54901e-14
0
8.43769e-15
5.38458e-15
0
1
1
1
1
1
1
4.75175e-14
1
7.59115e-15
0
1
0
1
1
0
1
1
1
1
1
0
2.88751e-14
1
1
6.28664e-15
1.84297e-14
1
1
1
1.66261e-14
1
1
1
1
1
1
1
1
1
1
1
1
4.95437e-15
1
0
0
1
0
5.63438e-15
0
0
1
1
4.52416e-15
1
1
1
1
0
6.16174e-15
0
0
1
7.21645e-15
0
1
0
1
1.44329e-15
1
1
1
1
0
1
1
9.29812e-15
1
0
1
1
0
1
1
1
1
1
1
1
3.66374e-15
1
1
5.21805e-15
3.06422e-14
1
2.84957e-15
5.44009e-15
2.77556e-15
2.14828e-14
0
1
2.73948e-14
1
1
0
1
0
2.38698e-14
1
1
1
1
0
1
0
1
1
0
1
1
1
1
1
0
1
2.85882e-15
3.17801e-15
3.16414e-15
0
1
1
1
0
1
1
1
0
1
1
6.8695e-15
1
1
1
4.44459e-14
0
7.16094e-15
1
1
1
1
0
4.02456e-16
1
1
0
1
1
0
0
1
1
1
0
1
1
1
2.66454e-15
1.19904e-14
1.32394e-14
0
6.73073e-15
1
5.81757e-14
1
1
1
0
1
1
1
1
1
4.46865e-15
1
0
1
1
1
1
1
8.32667e-17
1.63758e-15
0
0
1
1
1
0
1
1
1
0
1
4.77396e-15
1
1
1
1
6.32827e-15
1
8.88178e-15
1
1
0
1
1
1
1
0
4.80171e-15
1
0
1
1
0
1
1
1.66533e-16
0
0
1
1
6.60583e-15
0
1.94289e-16
1
1
1
1
1
1
0
1
1
0
1
1
1
2.60902e-14
0
6.10623e-15
0
4.32987e-15
0
1
1
0
1
0
1
1
1
1
1.38778e-17
0
1
1
1
1
5.82867e-15
1
1.33227e-14
1
0
1
0
1
0
0
1
1.9873e-14
1
1
2.56545e-13
3.55271e-15
1
1
1
1
1
1
1
1
1
5.66214e-15
0
0
1
0
0
1
0
1
1
1
0
1
1
0
1
1
1
1
1
1
1
0
0
1
0
1
1
1
1
2.77556e-15
2.10942e-15
0
0
1
1
1
1
0
0
1
0
1.45439e-14
1
1
0
2.30926e-14
0
0
1
5.52336e-15
0
1
1
1
1
1.64868e-14
0
1
6.31439e-15
1
1
1
1
1
1
1
0
1
1
1
3.53884e-15
2.22045e-15
0
1
1.4988e-15
1
1
1
0
1
1.36002e-15
1
1
0
0
1
1
1.43219e-14
0
1
1.17129e-14
1.15297e-13
2.02505e-13
2.65343e-14
1
3.39728e-14
2.38864e-13
1
0
1
0
1
1
1
1
0
1
1
1.9007e-13
1
1
0
1
0
1
0
1
7.03604e-15
1
1
1
1
0
1
1
1
1
1
1
1
1
1
1
1
2.30038e-13
0
1.11022e-15
1
0
1
1
1
1
2.02061e-14
1
1
2.35867e-13
1
1
1
1
1
1
1
0
1
0
1
2.9976e-15
1
1
1
1
1.7597e-14
0
1
1
1
1
1
1
0
1
8.90954e-15
2.48246e-13
1
0
1.69587e-14
1.21292e-14
8.9373e-15
1
6.80567e-14
1
0
1
1
0
1
0
2.77556e-17
4.01762e-14
1
0
1
1
1
1.19164e-14
1
2.15106e-15
1
0
1
0
1
1
1
1
1
0
1
0
1
1.88738e-14
1
1
1
1
8.40994e-14
1
1
1
1
1
1
1
1
0
1.81244e-14
1
0
1
0
1
1.22125e-15
1
0
1
1
1
1
1
0
1
1
1
1
1
0
1
1
1
1.66533e-16
1
1
1
0
1
1
1
1
1
1
1
1
1
1
1
0
1
5.56222e-14
1
0
1.45717e-15
9.15934e-16
1
1
0
1
0
1
1
0
1
0
1
0
1
0
0
1
0
1
1
1
1
1
1
0
1
1
1
1
1
1.47105e-15
1
0
1
2.67564e-14
1
1
1
1
1
1
1
1
1
1
1
1
1
1
6.17284e-14
1
0
1
1
1
0
1
0
1
1
1
1
1
0
1
1
1
0
3.13638e-15
0
1
0
1.01863e-14
1
1
0
1
0
1
1
1
0
1
6.43929e-15
1
0
1
1
1
0
1
0
0
3.95517e-14
0
0
1
1
0
1
0
1
1
0
0
3.40561e-14
0
4.77396e-14
1.82632e-14
2.10942e-15
1
1
2.77556e-15
4.33357e-14
0
0
1
4.01762e-14
2.91434e-15
0
0
1
1
1
1
2.22045e-14
1
1.42664e-14
1
0
1
0
1
1
0
1
4.60187e-14
1
1
1
1
1
1
0
0
1
1
1
1
1
0
5.96745e-16
1
2.53686e-14
1
0
1
1
0
1
1
1
1
1
0
0
1
1
1.70558e-14
1
1
1
8.02136e-15
1
1
1
0
1
1
0
1
1
1
1
1
0
1.04472e-13
1
0
0
1.05471e-14
1
1
0
0
1.02696e-14
6.8584e-14
2.09055e-13
1.04819e-13
1
1
0
0
1
1
1
0
1
1
1
3.17663e-14
1
1
3.55938e-13
1
6.86118e-14
1
1
1
1
1
1
0
1
0
1
1
0
1
1
1
1
1
1
1
0
0
1
0
1
2.77556e-15
0
0
0
0
1
1
1
1
0
1
3.9968e-14
1
0
1
1
1
1.78746e-14
1
1
1
0
1
1
0
7.56339e-15
1
1
1
1
1
1
1
1
1
0
1
1
1
0
1.29896e-13
1.19543e-13
2.8505e-14
0
1
0
6.88893e-14
1
1
5.93969e-14
1
1
1
1
1
1
1.60982e-14
2.87409e-14
1
8.60423e-15
1
1
0
1
1
1
1
1
1
1
1
1
0
1
6.38933e-14
1
0
1
1
1
1
1
0
0
4.20497e-15
1
1
1
2.22045e-15
1.82215e-14
0
0
1
1
1.09038e-13
1
0
1
1
1
0
1
8.04912e-16
1
6.43929e-15
1
1
1
1
1
1
1
2.70894e-14
1.37668e-14
1.36557e-14
1
1
1
1
0
1
0
0
0
0
1
1
0
1
1
1
1
1
1
1
3.26128e-14
7.03604e-15
1
0
1
2.68396e-14
1
3.60406e-14
1
1
1
0
1
0
1.24178e-13
1.17267e-14
0
0
1
0
1
1
1
0
1
1
0
0
1.14825e-13
1
1
1
1
1
0
9.79494e-14
1
2.36885e-13
0
6.66134e-15
1
1
1
1
1
1
0
1
1
1
1
1
0
1
1.11022e-16
1
1
1
1
1
0
1
1
1.86073e-13
0
1.04361e-14
1
1
1
1.35447e-14
1
0
1
0
0
3.05311e-16
1
1
1
1
1
1
0
1
1
1
1
1
5.56777e-14
2.02061e-14
1
1
1
1
0
1
1
1
1
0
1
1.37668e-14
1
1
1
1
1
1
1
1
0
1.96787e-14
1
0
1
0
1
1
1
1
1
1
0
1
1
1
1
1
0
2.22045e-16
1
1
1
1
0
3.00315e-14
0
1.64757e-13
1
1.17406e-14
1
0
1
1
1
1
1
1
1
1
1
1
1
1
1
1
1
1
1
0
6.57252e-14
5.77316e-15
0
1
1
1
5.58442e-14
1
1
1
1
1
0
1
3.26128e-14
5.73985e-14
3.89411e-14
0
1
2.67841e-14
1
3.60406e-14
1
1
1
0
0
1
0
1.02696e-14
1
0
1
0
1
1.79717e-14
1
1
1
1
1
1
0
1
1
1
1
1
1
1
1
2.36552e-13
0
0
4.10783e-15
1
1
1
1
1
1.31395e-13
1
1
1
7.54952e-15
1
1
1
1.11022e-16
1
1
1
0
1
2.02061e-14
1
1
0
1
1
1
1
0
1
1
1
1
0
1
1
1
0
0
1
1
1
0
1
1
1
1
1
1.19266e-13
1
1
1
1
1
0
5.55112e-15
2.62151e-14
1
0
0
1
1.35447e-14
1
1
1
1
1
1
1
1.44329e-15
1
1
1
0
1
0
1
1
1
1
1
7.20257e-15
0
1
0
1
1
1
1
0
1
1
0
1
1
1.2651e-13
1
2.13163e-14
1
1.17684e-14
1
0
1
1
1
1
1
1
1.77636e-15
1
1
2.21434e-13
1
6.93889e-15
1
1
1
1.07692e-14
0
1
3.91243e-13
2.83384e-14
1.01585e-14
1
1
0
2.32592e-13
1
1
1
1
1
1
1
0
0
1
1
1
1
1
0
1
1
1
1.07331e-13
2.52576e-13
1
1
1.49047e-14
1
3.03924e-15
1
0
1
1
1
1
1
1
1.49075e-13
1
4.68736e-13
1
1
1
1
1
1.80689e-14
7.63278e-15
1
0
1.41692e-14
2.77556e-17
1
5.55112e-17
1
1.83187e-14
1
0
3.14415e-13
0
2.27207e-13
0
1
1
0
1
0
1
1.11022e-16
1
0
0
1
0
1
0
1
1
1.81799e-14
1
1
1
0
1
0
1.61908e-13
1
1.08247e-14
1
3.82333e-14
0
1
0
0
1
1
1
1
0
1
0
3.94129e-14
1
1
1.23013e-13
1
1
1
1
1
0
0
1
0
1
1
1
1.41553e-15
0
1
1
6.43929e-15
1
1
1
1
1
1
1
1
1
1
1
1
1
1
1
1
0
2.73115e-14
1
1.05471e-14
1
1
0
0
1
1
1
0
1
1
1
0
1
0
1
1
1
0
1
1
1
3.41505e-13
1
1.04361e-14
1
1
1
0
0
1
4.14113e-14
1
3.11556e-14
6.93889e-16
1
1
0
1
1
1
0
1
6.56697e-14
1
5.78981e-14
1
1
1
0
1
1
1
1
0
0
0
1
1
1
0
1
0
1
1
1
1
0
1
3.33067e-16
1
3.33067e-16
1
1
1
1
0
0
1
4.20497e-15
0
1
1
0
1
0
1
1
1
2.62984e-14
0
1
1
1
1
1.99007e-14
1
0
1
0
0
1
1
1
1
7.21645e-14
0
0
0
1
1
1
1
1
1
6.23113e-15
1
1.93734e-14
0
1.59456e-14
1
2.55074e-13
0
1
2.85882e-15
1.12604e-13
1
1
1
1
1
1
1
1
1
1
1
1
0
1
1
1
1
1
1
1
1
1
0
1
1
1
1
1
1
1
2.93932e-13
1
1
0
1
1
1
1
0
1
1
1
0
1
1.53211e-14
1
1
1
1
1
0
1
1
1
1
0
1
1
1
0
1
1
1
6.84036e-14
0
1
1
0
1
4.56302e-14
1
1
1
1
1
1
1
6.68354e-14
8.9817e-14
1
1
1
1
1
1
1
1
1
1.85907e-13
1
1
4.58245e-14
1
1
1
1
1
1
1
1
1
0
1
1
1
1
1
1
1
3.81917e-14
1.66533e-14
1
1
1
1
1
0
0
1
1
1
3.59102e-13
0
0
1
1
1
1
1
1
1
0
0
0
1
1.95048e-13
1
1
1
1
0
0
0
1
1
1
1
0
1
0
1
1
1
1
1
1
1
0
1.17573e-13
1
1
1
1
2.66454e-14
1
1
1.44607e-14
1
1
1
0
0
1
1.8735e-14
1
1
1
1
1
1
1
1
1
1
1
1
1
0
1
2.3398e-14
2.86438e-14
0
1
1.64313e-14
1
1
1
1
1
1
0
1
1
1
1
1
1
1
1
1
1
1
1
1
1
1
1
1
1
1
1
0
1
1
1
1
1
1
1
1
1
1
1.14159e-13
1
1
1
1
1
1
7.37077e-13
1.9762e-14
1.28786e-14
1
2.15106e-14
0
1
4.50806e-13
7.19647e-13
1
0
1
1
5.34295e-15
1
1
1
1
1
1
1.43552e-13
1.58151e-13
1
1
1
1
1
6.99441e-15
0
0
1
2.15938e-14
1
1
1
0
0
1
1
1
0
0
1
1
0
1
0
1
0
1
1
6.245e-15
1
1
1
1.18794e-14
0
1
1
3.02536e-15
1
0
1
9.10383e-15
0
0
1
1
1
1
1
6.77236e-15
3.42087e-14
0
1
1
1
1
1
1
1
0
2.52298e-14
1
1
0
1.50768e-13
2.40585e-13
0
1
1
1
1
1
0
1
1.91791e-14
1
1
1
1
1
1
1
1
1
1
1
1
3.23075e-14
1
4.996e-15
2.36478e-14
1
0
1
1
6.0385e-13
1
0
1
0
1
0
1
2.38698e-14
1
1
1
0
1
1
1.06859e-13
1
1
1.13243e-14
1
1
1
0
1
1
1.24345e-14
0
1
1
2.64233e-14
1
0
1
1
1
0
1
1
1
1
4.52416e-15
1
1
0
1
1
1
1
1
0
1
0
1
1
1
1
1
1
1
1
1
1
1
1
1
1
1
1
1
7.32747e-14
1
1
0
1
1
1
1
1
1
0
1
1
1
2.87548e-14
1
1
1
0
1
0
1
1
1
1
1.56597e-13
1
1
1
2.90185e-14
1
1
0
1
1
1
0
3.83998e-14
1
1.20237e-13
0
1
0
5.29576e-14
0
1
1
0
2.92266e-14
1
1
1
0
1
1
0
0
1.10467e-14
1
1
1
1
0
1
0
1
2.05252e-14
0
1
3.15581e-14
1
1
1
1
1
1
1
1
1.40721e-14
1
0
0
1.15186e-14
0
1
0
2.73448e-13
1
1
1
1
0
1.04028e-13
0
1
1
1
1
1
9.22873e-15
1
1
1
0
1
0
1
1
0
1
1
0
3.45279e-14
3.747e-14
1
1
1
1
0
0
1
1
3.55271e-15
1.37529e-13
1
1
1
1
0
1
2.79554e-13
5.44009e-15
1
1
1
1
1
1.20015e-13
1.17489e-13
1
0
0
1
0
0
1
1
1
1
1
1
0
1
1
1
1
1
0
3.18329e-13
1
1
1.96093e-14
1
0
1
5.38458e-15
1
1
0
1
1
0
0
1
1
1
3.04895e-14
1
0
1
1
1
1
1
4.84945e-13
1
1
0
1
1
0
0
1
1
2.93376e-14
1
1
1
0
1
1
1
1
0
1
1
1
0
1
2.47469e-13
1
0
1
1
0
1
5.03209e-14
3.4602e-14
0
1
1
1
0
1
1
1
1
0
1
1
0
1
1
1
1
1
0
0
1
1.93179e-14
1.23235e-14
1
0
2.26485e-14
1
0
1
1
1
1
1
1
1
6.88338e-15
1
1
1
1
1
0
0
1
1.56153e-13
0
1
1
1
1
5.34295e-15
1
1
1
1
1
1
1
0
1
1
1
6.77236e-15
3.42087e-14
1
2.28983e-14
1
1
1
1
1
1
0
0
1
1
3.67067e-14
1
0
1
0
1
1
1
1.57513e-14
0
1
1.91791e-14
1
1
1
1
1
1
1
1
1
1
0
1
3.23075e-14
0
4.996e-15
2.36478e-14
1
1
5.05151e-15
1
0
1
9.37028e-14
1
1
1
0
1
1
1
0
1
1
1
1
0
0
1.78746e-14
1
1
1
1
1
1
1
1
1
0
1
2.64233e-14
1
1
0
0
5.9619e-14
1
1
0
6.61693e-14
1
1
1
1
1
1
1
1
1
0
0
1
1
1
1
0
1
1.05194e-14
1
1
1
1
1
0
1
1
1
1
1
0
1
1
1
1.15186e-14
0
1
1
1.23554e-13
7.77156e-16
1
1.39291e-13
1
0
1
1
1
1
1
1
1
1
1
1.34337e-14
1
1
1
0
1
1
1
1
1
1
3.4639e-14
0
1
1
1
0
3.19744e-14
1
1
1
1
1
1
1
1
1
1
1
1
1
1
1
1
1
1
0
4.95159e-14
1
1
1
1
1
1
1
1
5.52336e-15
1.87766e-14
1
0
2.91767e-13
1
1
1
1
1
1
9.41469e-14
0
1
1
1
0
0
3.46279e-13
0
1
0
1
0
1
1
1
1.82077e-14
1
1
1
0
1
4.36318e-14
1
1
2.04836e-14
1.91805e-13
1
1
0
0
1
1
1
4.9627e-14
1.79023e-14
1
1
1
2.00992e-13
3.00593e-14
1
1
2.80775e-13
0
1
1
1
0
0
0
1
0
0
1
1
1.07692e-14
1
1
0
1
1
1
1
0
1
1
1.15463e-14
4.50612e-14
2.71311e-14
1
7.17482e-14
4.8489e-14
1
1
1
1
1
0
1
0
1
0
1
0
6.63358e-15
0
1
1
1
1
1
1
1
1
4.15501e-14
1
1
1
1
1
1
1
0
1
0
2.17604e-14
1
1
1
1
1
0
7.52731e-14
7.43849e-15
1
1
1
0
0
0
1
0
1
1
1
1
4.92106e-14
1
1
1
1
8.29614e-14
0
1.77636e-15
2.15383e-14
1
0
0
1
2.93543e-13
1
1
1
1
1
1
1
1
1
1
1
1
1
1
1
1
0
0
1.09912e-14
1
5.19862e-14
0
1
3.33067e-14
0
1
1
0
1
0
1
1
1
3.41949e-14
1
1
1
1
1
0
1
1
0
0
0
1
1
1
1
1
1
0
8.32667e-17
1
1
1
0
1
8.7097e-14
1
1
1
1
7.31359e-14
1
1
1
1
1
1
1
1
1
1
2.79776e-14
1
0
1
1.73121e-13
0
0
0
3.15303e-14
-1.38778e-17
1
0
1
1
1.00586e-13
1
1
1
1
1
1
1
4.35207e-14
1
0
7.63278e-15
2.69229e-15
3.77476e-14
1
1
1
1
0
1
0
1
1
1
1
1
1
1
0
1
2.77556e-17
1
1
1
1
1
1
3.70814e-14
1
1
1
1
1.20792e-13
1
1
0
0
1
0
0
1
0
1
0
1
1
1
1
1
0
1.06956e-13
1
1
1
1
4.41314e-15
1
1
1
2.6168e-13
1
1
1
1
0
1
1
1
0
1
1
1
1
1
0
1
1
1
1
1
1
0
0
1
9.13436e-14
0
0
1.91513e-15
1
1
1
0
1
0
1
1
1
0
1
1
1
1
0
1
1
1
1
1
1
1
1
1
1.50852e-14
1
0
1
1
1.11161e-13
1.10856e-13
1
2.12108e-13
1
0
1
1
1
0
8.30308e-14
0
1
2.35922e-15
1
1
1
7.77156e-16
0
1
1
0
1
1
1
1
1
1
1
1
0
0
0
1
1
1
1
1
1
0
1.33504e-14
1
1
1
1
1
0
1
0
1
1
1.49325e-13
1
0
5.21805e-15
4.88498e-15
1
1
2.37588e-14
2.83107e-14
1
1
1
1
1
0
0
1
0
1
1
1
0
1
1
1
1
1
1
1
1.36641e-13
1
1
1
0
6.71685e-14
1
1
1
1
1.93387e-13
0
1.28939e-13
1
1
1
1
1
6.25056e-14
1
0
2.53686e-14
1
9.32587e-15
1.4988e-14
0
1
1
1
1.91791e-14
1
1.04472e-13
4.71012e-14
1
1
0
1
1
1
0
4.81393e-13
0
8.60423e-15
8.04912e-16
1
1
1
0
1
1
2.52021e-13
1
0
0
3.34177e-14
0
3.33622e-14
1
1
1
1
1
1
0
0
0
1.89848e-14
1
1
1
1
1
1
1
1
1
1
1
1.7375e-13
1
1
1
1
1
0
1
1
4.83502e-14
7.12902e-14
5.27467e-13
1
1
1
1
1
4.7462e-15
0
1
1
3.06422e-13
1
1
0
1
1
1
1
0
0
1
1
1
1
1
1
1
1
1.3764e-13
0
1
0
1
1
1.46966e-14
1
1
0
1
1
1
1
1.77802e-13
1
1
0
0
1
1
1
1.05471e-15
1
1
1
0
1
1
1
0
1
0
1
0
1
1
1
1.47105e-15
0
1
3.81917e-14
1
1
1
1
1
1
3.27877e-13
1
1
1
1.36446e-13
1
0
1
1
0
6.89448e-14
9.83658e-14
1
0
1
1
1
1
3.19605e-14
1
1
1
0
1
5.93692e-14
1
1
1
1
1
1
0
7.04992e-15
1
1
3.24185e-14
1
1
1
5.81479e-15
1
0
1
0
0
1.79412e-13
0
0
1
0
1
1
1
1
1
1
0
0
1
1
1
1
9.54792e-15
0
1
1
1
0
1
1
0
1
1
1
1.52156e-13
1
1
1
1
0
1
1
1
0
0
1
1
1
1
0
1
1
1
1
1
0
1
1
1
1
5.55112e-17
0
1.04361e-14
3.83582e-14
1
1
0
7.74381e-15
1
1
8.88178e-16
1
1
0
0
0
0
1
8.65974e-15
1
8.67778e-14
1
3.94962e-14
1
1
4.10783e-15
0
1
1
0
0
1
0
1
1
1
0
2.40918e-14
1
1
9.65894e-15
1.33227e-14
1
0
0
1
1
1
0
1
1
3.66651e-14
1
1
1
3.45279e-14
1.07137e-13
1
0
0
1
1
0
0
1
1
1
1
0
1
1
1
1
3.27516e-14
1
1
1
1
1
1
0
1
0
1
1
0
1
1.03251e-14
1
8.51541e-14
1
1
1
0
1
0
0
1
0
1
1
1.70974e-14
1
0
1
1
1
1
1
1.11577e-14
1
1
1
1
1
7.46209e-14
1
1
5.66214e-15
1
1
1
8.45574e-14
1
1
1
6.91114e-15
1
0
1
1
1
0
1
1
0
1
7.2109e-14
0
5.36238e-14
1.66533e-13
1.01696e-13
0
0
1
1
1
0
7.78544e-14
1
0
1
0
1
1
0
1
0
1
6.7446e-15
1
1
1
1
1
1
1
1
1
1
1
1
0
0
1
1
0
1
1
1.92901e-14
1
0
0
1
1
2.54935e-14
3.74978e-14
3.47916e-14
2.59792e-14
1
1
0
1
0
3.49165e-14
1
0
1
1
0
1
1
1
1
1
1
1
2.64927e-14
1
1
1
1
1
1
1
1
1
1
0
0
1
1
1
1
1.75554e-14
1
0
1
1
0
1
1
1
1
0
0
1
0
1
9.42579e-14
0
1
1
1
0
1
0
1
1
1
1
6.14786e-15
7.10543e-15
2.66454e-15
0
1
0
1
1
0
0
1
1
0
1.14908e-14
0
1
1
1
1
1
1
6.08402e-14
0
5.39568e-14
1
1
1
1
1.35447e-14
0
1
7.99361e-15
1
1
1
0
1
6.87089e-14
1
1
1
0
1
1
0
5.35683e-14
1
1
1.22402e-13
1.01474e-13
1
1
1.9526e-14
0
1
1
1
1
1
1
1
1
0
1
1
1
1
1
0
1
1
1
1
1
3.48055e-14
1
2.03171e-14
0
1
0
1
1
1.24623e-14
1
0
1
1
1.30895e-13
1
0
9.99201e-16
9.71445e-15
1
1
1
1
1
1
1
1
1.92346e-14
1
4.09395e-14
1
1
1
1
1
1
0
1
1
1
1
1
0
1.14908e-14
1
7.24421e-14
1
1
1
1
1
0
0
1.02141e-14
1
1
0
1
1
1
1
1
1
1
1
1.1241e-14
1
1
1
1
0
1
0
0
2.8888e-13
1
1
2.78805e-14
1
1
1
1
1
0
1
0
8.46545e-15
1
1
4.27436e-14
1
1
1
0
1
0
1
7.32747e-15
1
1
1
0
6.52256e-14
5.10703e-15
1
1
1
2.77556e-17
3.10862e-15
1
1
1
4.4062e-14
1
0
1
0
1
0
1
0
7.36633e-14
1
1
1
1
1
1
1
1
0
0
1
0
1
1
1
1
1
1
0
1
0
1
1
1
1
1
1
1
1
0
0
1
1
4.05231e-15
1
0
1
1
1
1
1
3.16275e-14
1
1.36141e-14
1
1
0
1
0
1
5.10925e-13
0
0
1
1
1
1
1
1
1
1
1
0
0
1
1
1
1
1
3.33622e-14
0
1
1
1
1
1
1
4.75175e-14
7.33302e-14
1
1
1
1
2.71283e-13
1
1
2.72449e-13
1.50158e-13
0
1
1.22125e-13
1
1.89848e-13
1
1.15463e-14
1
0
0
1
1
1
1
1
1
1
1
1
1
1
1
0
1
1
1
1
1
0
0
1
4.47975e-14
1
1
1
1
0
1
0
0
1
1
0
0
1
1
7.71605e-15
0
1
0
1
0
1
1
1
0
1
1
1
1
1
0
1
0
1
1
0
0
0
7.37743e-14
1
1
1
3.43059e-14
1
0
1
1
0
0
1
2.07057e-14
1
1
0
5.30409e-14
1
0
0
0
0
1
1
1
3.66374e-14
1
1
0
1
1
1
0
3.16414e-15
4.05231e-15
1
1
0
0
1
0
1
0
1
0
0
0
1.20182e-14
1
0
1
9.85323e-14
1
1
1
1
1
0
1
1
1
4.16611e-14
1
1
1
2.24584e-13
1
1
1
1
1.16573e-14
1
2.91323e-13
1
1
0
1
0
1
0
1
1
1
2.37727e-13
1.55653e-13
9.86988e-14
1
1
0
1
1
1
1
1
1
1
1
1
1
1
0
1
1
1
1
1
1
1
0
0
1
1
1
1
1
1.9984e-15
1
1
8.62643e-14
1
0
1
1
0
0
1.49117e-13
1
1.06026e-14
1
1
1
1
0
1
1
1
0
1
1
1
0
1
1
1
1
1
3.27793e-14
1
1
1
1
0
1
1
4.79061e-14
1
0
1
1
1
1
1
0
1
1
1.76664e-14
0
0
1
1
1
1
1
1
1
1
1
2.09277e-13
1
1.81632e-13
1
1
0
0
1
1
1
1
5.27356e-15
1
1
1
1
2.04836e-14
0
1.67921e-14
1
1
1
1
0
6.10623e-15
0
6.77236e-15
0
1
0
1
1
3.33678e-13
5.71765e-15
0
1
1
1
1.5335e-14
1
0
1
0
1
1
0
0
1
1
1
0
1
0
1
1.51934e-13
1
5.68989e-15
0
0
1
1
1
1
1
4.9849e-14
1
0
1
1
1
0
1
1
1
1
1
1
0
0
0
1
1
1
1
1
1
1
1
1
1
0
0
7.66054e-14
1
1
0
1
1
1
0
0
4.68542e-13
1
0
1
1
0
1
0
4.47697e-14
3.85941e-14
1.01433e-13
0
1
1
1
1
8.49321e-15
0
1
0
3.41394e-15
1
1
0
1
1
9.45077e-15
1
1
1
1
0
1
1
2.22045e-14
1
1
1
0
1
1
0
1
0
0
1
1
4.09672e-14
1
1
0
1
1.35142e-13
1
1
1
1.08233e-13
8.87068e-14
1
1
1
1
1
1
1
1
1
0
0
1
3.91243e-13
1
1
0
0
1
1
3.36398e-13
1
0
1
0
0
3.06422e-14
1.36779e-13
1
0
1
1
1
1
0
1
0
1
1
1
1
1
1.95399e-14
1
1
3.95795e-14
1
1
1
1
1
1
1
1
0
2.43833e-14
1
1
0
1.70031e-13
0
1
1
1
1
0
1
1
1
1
9.88376e-14
1
1
1
6.49036e-13
1
1
1
1
1
1
1
1
1
1
1
1
1
1
1
0
0
0
1
1
1
1
1
1
2.41362e-13
1
0
1
1
1
1
0
1
4.44089e-16
1
0
0
1.85962e-14
0
0
0
1
1
1
1
1
1
1
1
0
2.77556e-17
8.64864e-14
1
1
1
1
1
1
0
1
1
1
1
0
7.37743e-14
1
1
1
3.04978e-13
0
0
1
1
0
1
1
0
1
1
1
2.65621e-14
1.66533e-16
1
3.33067e-16
1
0
0
1
0
8.60423e-15
0
1
0
0
1
2.77556e-17
0
1
1
1
1
1
2.38698e-14
1
1.11022e-16
0
3.16275e-14
8.99281e-15
0
3.33067e-16
1
2.26763e-14
1.7597e-14
0
1
1
1.24623e-14
0
1
1
1
1
1
1
1.97065e-14
1.00753e-14
1.25455e-14
0
2.01311e-13
1
1
1
1
1
1
0
1
1.69864e-13
1
1
1
1
2.64927e-14
0
1
1
1
1
2.71283e-13
1
1
6.15064e-14
0
0
1
0
1
4.19553e-13
1
3.33344e-14
1.63758e-15
0
1
1
1
1
1
0
1
0
1
1
1
1
1
1
1
1
1
1
1
0
1.09357e-13
0
0
2.19824e-14
2.84217e-14
1
1
1
4.27436e-14
1
1
1
1
1
0
1
1
1
1
1
1
1
1
1
1
1
2.77556e-17
1
1
1
1
4.4062e-14
1
0
1
1
1
1
1
0
0
0
1
0
1
1
1
1
1
1
1
1
0
1
1
1
1
1
1
1
0
0
1
1
0
2.43139e-14
1
1
4.19387e-14
1
0
1
1
1.2268e-14
1
0
1
5.20139e-14
4.26326e-14
1
1.17684e-14
1
0
0
0
0
0
0
0
7.27307e-13
1
0
1
0
0
9.76996e-15
1
1.68754e-14
1
9.60343e-15
1
3.38063e-14
1
1
0
0
1
0
0
1
1
1
1
0
1
0
5.23193e-15
0
1
0
0
1
0
0
5.69822e-14
1
1
1
0
1
1
1
1
1
3.33067e-16
0
1
1
1
1
0
1
5.66214e-15
1
0
1
1
0
1
1
1
7.83817e-14
1
1
5.88418e-15
1
1
7.67164e-14
1
1
0
1
0
6.18394e-14
1
1
1
1.59317e-14
0
1
1
2.90878e-14
9.88654e-14
1
1
1
1
1
1
1
9.76996e-15
1
1
1
1
1
1
1
1
1
0
1
8.88178e-16
1
1
1
0
1
1
1
1
7.4607e-14
0
1
1
1.44051e-14
0
3.68594e-14
1
1
1
1
1
1
1
0
1
1
0
0
1
1
1
1
1
1
0
1
0
1
1
1
1
1
1
1
1
1
2.93515e-14
1
1
1
0
1
0
1.08247e-15
1
1.2812e-13
0
3.38618e-13
0
1
1
1
1
1
1
0
1
1
1
1
4.42424e-14
1
1
1
0
1
1.07553e-14
1
1
2.77445e-13
1
1
0
1
0
9.42579e-14
1
1
1
1
0
1
1
1
1
1
1
1
1
0
1
1.99007e-14
1
0
0
1
1
1
2.04559e-14
1
1
0
1
0
1
1
1
1.83464e-14
1
1
1
1
1
0
1
1
1
1
2.95597e-14
1.76525e-14
1
0
1
2.65066e-14
1
1
1
1
1
6.05072e-15
0
1
0
1
1
1
1.95399e-14
1
1
1
0
1
0
1
1
1
1
0
0
1
0
1
9.65894e-15
1
0
1.07137e-13
1
1
1
1
1
1
1
1
1
1
1
1
1
1.53211e-14
2.64233e-14
1
1
1
1
1
0
1
6.68215e-14
1
0
1
2.77556e-17
1
1
1
2.00562e-13
1
1
1
1
0
6.01741e-14
1
1
0
0
1.28092e-14
8.32667e-17
0
0
0
3.70259e-14
0
1
0
1
1
1
1
1
4.32987e-14
1
1
1
0
0
1
1
1
1
0
1
0
1
1
0
4.57412e-14
1
0
1
0
0
1
1
1
1
1
1
0
1
1
1
1
0
0
1
1
1
1
1.11022e-16
1
1
1
0
1
1
1
1
1
1
2.80609e-14
1
0
1
0
1
1
1
1
1
1
1
0
1
1
0
5.55389e-14
1
0
0
0
3.96516e-13
1
1
0
1
2.158e-14
3.06422e-14
1
1
1
1
1
8.96505e-15
0
1
1
1
1
1
1
1
1
0
1
0
1
1
1
6.43929e-15
0
1
1
1
1
0
1.28647e-14
0
1
0
2.06724e-13
0
1
1
1
1
1
1
1
1.58651e-13
1
1
8.65974e-14
1.19488e-14
1
1
1
1
1
1
1
0
9.05942e-14
9.49518e-14
0
0
1
1
0
1
0
0
5.55112e-17
3.59157e-14
1
1
1.31561e-14
1
1
0
1.11022e-16
0
0
0
1
1
1
1
2.69368e-14
1
1
1
1
1
1
3.69149e-14
1.6824e-13
1
1
1
1
1
1
1
4.15362e-14
1
0
1
1
1
1
1
1
2.84217e-14
1
1
1
0
6.40321e-14
1
1
1
1
1
1
1
1
0
1
1
1
0
1
1
0
1
0
1
1
1
4.87388e-14
1
1
1
1
1
1
1
5.0307e-14
1
1
0
0
0
1
1
0
1
0
1
0
1
2.96707e-14
0
7.02216e-15
4.44922e-14
1
1
1
0
1
0
1
6.55032e-15
1
1
1.2268e-14
1
1
1
1
1
0
6.63913e-14
1
1
0
0
0
0
1
1
1
8.63754e-14
1
1
2.19547e-14
1
1
0
0
0
1
1
1
1
5.10703e-14
2.27166e-13
0
1
0
0
1
0
1
2.48968e-14
1
0
1
0
1
1
1
1
1
1
1
0
9.74776e-14
0
0
5.84255e-14
0
0
1
0
0
1
1
0
5.30687e-14
0
1
1
1
1
1.73195e-14
0
0
1
1
8.9706e-14
1
1.44745e-13
1
1
1
3.60822e-16
1
0
1
1
1
1
0
1
1
1
1
1
1
1
0
1
1
1
1.28647e-13
1
1
1
3.74367e-13
0
1
1
4.34097e-14
1
1
1
1
0
1
1
0
1
1
1
1
1
1
0
1
1
1
1
1
1
0
1.13104e-13
1
3.82287e-14
0
1
1
1
1
0
1
1
0
1.76192e-13
3.16414e-15
1
1
1
1
1
1
8.32667e-16
1
1
1
1
3.80862e-13
1
1
1
0
1
0
1
2.67897e-13
1
1
1
0
1
1
0
4.82669e-14
0
0
1.74805e-13
1
1
1
1
7.67719e-14
7.17759e-14
1.4358e-13
2.60431e-13
1
1
1
1
1
0
0
1
1
1
2.96985e-14
0
1
1.59595e-14
1
2.9643e-14
1
0
1
1
1
1
1
1
1
0
0
1
1
4.21191e-14
3.15303e-14
1.36002e-15
1
1
0
1.49325e-14
5.7454e-14
0
4.24105e-14
1.65562e-14
0
1
1
1.00475e-14
0
0
0
1
1
1
1
1
0
1
1
1
1
1
1
0
0
1
1
1
1
1
3.09641e-13
1.83104e-13
1
1
8.93591e-14
0
0
1
3.62071e-14
0
1
1
0
1
1
1
1
4.05925e-14
6.23945e-14
0
1
1.32339e-13
1
7.08322e-14
1
0
1
0
1
9.41469e-14
3.9968e-14
1
1
1
1
8.82864e-14
1.07137e-14
1
0
6.43929e-14
4.35207e-14
0
1
0
1
0
0
1
1
1
1
0
1
0
1
0
1
1
7.4607e-14
1
1
1
0
1
4.08562e-14
0
0
1
0
1.84713e-14
1.86517e-14
4.81837e-14
3.11695e-14
1
1
1
1.75165e-13
2.5091e-14
1
1
1
0
1
5.62606e-14
0
1
1
0
0
3.54161e-14
2.19824e-13
1
6.75016e-14
1
1
1
0
0
3.90521e-14
1
0
0
1
1
1
1
0
1
1
0
1.67644e-14
0
0
1
4.56996e-14
1
0
1
1
1
0
1
0
1
6.88338e-15
1
2.95874e-14
1.11577e-14
1
0
1
0
1
0
1
0
1
0
0
1
6.11594e-14
0
1.40166e-13
1
1
7.37688e-13
1
1.51767e-13
1
1
1
1
1
1
3.54439e-14
1
1
1
0
0
2.25153e-13
0
1
3.82139e-13
1
0
1
1
0
0
1
1.2812e-13
1.05471e-14
1
1
1
1
0
1
1
0
0
1.45717e-14
2.06779e-15
1
0
1
0
1
1
1
0
1
0
1
0
1
3.77753e-14
1
1
1.7053e-13
1
0
1
0
1
0
1.06581e-14
1.09135e-13
2.73392e-15
1
1
7.99361e-14
0
1
1
1
1
1
1
1.37806e-14
0
1
1
1
0
1
1
1
1
4.64351e-14
0
0
1
0
1
1
1
1
1
1
1
0
1
1
1
1
1
0
0
1
5.00294e-14
0
0
0
0
0
1
9.99201e-15
1
1
1
1.10051e-14
1
4.80171e-15
1
6.17839e-14
1
3.91909e-14
1
1
1
3.44169e-14
1
1.46549e-14
1
1
0
1
3.9968e-15
0
0
0
4.21885e-15
2.37625e-13
7.77434e-14
1
1.38778e-14
1
1.39472e-14
8.06299e-14
1
1
1
0
1
1.42664e-13
0
1
1
1
4.82947e-14
8.77076e-15
0
0
6.30607e-14
1
1
1
1
1
1
1
0
0
1
1
1
1
8.7119e-14
1
1
0
3.81917e-14
4.61853e-14
0
1
8.32112e-14
1
0
1
1
1
0
1
6.91669e-14
1
5.88418e-15
1
4.50751e-14
1
1
7.59393e-14
1
1
0
8.38218e-15
1
1
0
0
1
7.12763e-14
2.41196e-14
7.09988e-14
0
6.87783e-14
1
1
1
1
1
1
1
1
1
1.25511e-13
0
1
0
1
1
0
1.14353e-14
0
1
1.5099e-14
1
1
1.73056e-14
1
1
1
1
0
0
1
1
1
1
0
1
1
0
0
1.59872e-14
0
1
1.15324e-14
1
1.02918e-13
1
1
1
0
1
1.73472e-14
1
4.88221e-14
1
5.8592e-14
1
1
0
1
3.86635e-14
1
1
1
1
0
0
0
0
0
0
1
0
1
1
1
1
1
0
9.4702e-14
0
1
1
0
1
5.90639e-14
1
1
6.51778e-14
0
0
1
1.68754e-14
1
0
1
1
0
1
1
0
0
1
1
1
1
0
1
1
0
0
5.55112e-17
0
1
6.92224e-14
1
0
1
1
1
0
1
0
1
5.38458e-14
1
0
1
1
5.86198e-14
1
1
0
1
1
1.33227e-13
0
0
1.6015e-14
1
1
0
1.18988e-13
1
0
1
2.63303e-13
-2.77556e-17
0
1
1
1
1
2.41807e-13
1
0
1
1
1
6.66134e-16
1
0
1
1.31006e-14
0
1
1
1
1
1
1
0
0
1
1
1
1
0
1
0
2.83384e-14
9.38138e-15
0
5.48173e-15
1
3.19744e-14
1
3.85247e-14
1
1
1
1.82077e-14
1
2.25098e-14
1
1.9984e-14
1
7.30374e-14
1
1
0
1
1
1
1
1
0
9.21485e-15
2.75335e-14
0
1
1
0
4.05231e-14
1
1
4.61853e-14
1
1
1
1
1
5.93692e-14
0
1
9.84768e-14
0
1
2.92266e-14
0
0
0
0
1
1.86517e-14
1
1
1
1
1
1
1
1.36557e-13
8.4747e-14
1
1
1
1
0
1
1
1.84741e-13
6.4837e-14
6.9722e-14
7.9492e-14
1
0
1
0
1
1
1
0
1
0
1
0
1
2.04281e-14
0
1
1.35447e-13
1
1
1
1
1
0
3.65263e-14
1.1624e-13
3.01148e-15
1
2.27873e-14
2.00062e-13
9.86988e-14
0
1
1
1
0
1
1
1
1
1
1.95288e-13
1
1
1.32561e-13
1
1
1.0074e-13
0
0
1
0
1
1
1
1
1
1
1
0
1
1
1
1
1
1.28657e-13
0
1
0
1.06581e-14
0
0
0
4.1217e-15
1
7.56432e-14
1
1
1
3.05311e-15
1
0
1
0
1
7.10543e-15
0
1
4.88498e-14
1
0
1
1
1
6.88338e-14
1
9.46465e-14
1
1
1.66533e-15
6.58362e-14
0
1
1
1
1
1
1
1
1
1
5.55112e-15
1.66006e-13
1.06942e-13
0
1
1
1
0
1.18794e-14
0
1
2.59607e-14
0
1
1
1
0
1
1
0
1.35225e-13
1
1
1
1
0
1
1
1.24345e-14
5.10703e-15
1.02696e-14
0
1
0
1
0
1
1
1
0
1
0
1
3.70074e-17
1
2.77556e-14
0
1
0
1
1
1
0
1
0
6.06182e-14
1.63203e-14
2.35922e-14
1
1
0
0
1
1
1
1
3.96072e-14
1
1.40665e-13
4.03011e-14
1
1
1
0
1
0
1
1
0
0
8.65974e-15
0
1.28786e-14
1
1
1
1
1
1
1
1
0
1
1
1
1
4.69026e-14
1
1
0
0
0
0
1
2.44249e-15
1
4.14113e-14
1
1
1
0
1
9.78384e-15
1
8.4821e-14
1
0
1
1
8.83738e-14
1
1
1
1
1
0
1.31006e-14
4.70735e-14
1
1
1
0
1
1
1
1
1
1
1
1
1
0
1.71807e-14
4.00346e-13
1
0
1
1
0
0
1.11022e-14
0
1
2.57387e-14
1
1
1
1
6.70297e-15
1
1
5.17364e-14
0
1
1
1
1
0
1
0
0
0
0
1.11022e-16
1
0
1
0
1
1
1
0
1
6.77236e-15
1
4.94049e-15
1
0
0
1
0
1
1
0
1
7.24004e-14
0
1
6.20615e-14
0
0
1
1.35447e-14
1.9873e-14
1
1
1
1
1.69864e-14
1
1
1
1
1
0
1
0
1
1
1
0
1
1.26787e-13
1
1.87628e-14
1
1
1
1
0
1
1
7.89369e-14
7.65499e-14
1
1
1
1
7.32557e-14
1
0
0
0
0
0
1
0
1
8.62643e-14
1
1
0
7.03604e-15
1
4.52971e-14
1
5.9952e-14
1
1.06137e-13
1.14353e-14
1
0
1
1
1
1
1
1
7.91034e-14
8.19345e-14
1
1
1
3.88578e-14
1.9762e-14
0
1
1
1
0
1
0
3.81084e-14
0
1
1
0
1
1
1
1
9.14824e-14
2.65343e-14
5.01821e-14
1
9.13343e-14
0
0
1.33227e-15
0
9.54792e-15
3.74978e-14
1
6.23945e-14
3.67114e-14
1
1
1
1
0
1
1
0
0
0
4.21885e-15
1
3.47639e-14
1
9.08903e-14
1
1
1
1.38778e-16
1
1.71946e-14
1
2.10804e-14
1
0
1
0
4.74065e-14
1
1
0
1
1
1
1
0
1
0
1
0
0
1
1
1
1
1
0
1
1
1
1
1.45439e-13
1
1
1
1
0
0
4.19664e-14
0
1
3.85247e-14
1
1
1
1
1
1.66117e-14
1
0
2.22045e-16
1
1
1
1
1.52378e-14
1
1
0
1.36419e-14
0
4.2355e-14
1
0
1
4.2244e-14
1
1
0
5.77316e-14
1
0
1
8.43769e-15
1
0
0
1
0
1
1
1
1
1
0
1.33227e-14
5.62883e-14
1
1
1
1.77636e-15
6.37268e-14
1
0
1
0
1
1
1
1
1
1
1
0
1
1
0
0
0
1.85574e-13
2.367e-13
1
2.56906e-13
1
1
1
1
0
1
1
0
0
1
1
1
1
0
1
1
5.4623e-14
0
0
2.20287e-14
1
4.85445e-14
1
3.61563e-14
1
1
1
0
1
0
1
6.41709e-14
1
1.12688e-14
0
1
2.85549e-13
1
0
1
0
0
0
1.16573e-15
0
1.99701e-14
0
1
0
1
1
1
1
1
1
0
1
1
1
1
4.19109e-13
1
1
1
1
0
0
2.0095e-14
3.57492e-14
1
9.62008e-14
1
1
4.1897e-14
1
1
1
1
6.43929e-14
1.49214e-13
1
1
1
1
0
1
0
4.70735e-14
2.498e-15
0
0
1
2.30926e-14
1
0
1
1
1
0
1
0
1
0
1
0
0
1
7.10543e-15
1
1
1
1
1.77636e-15
0
1
2.02061e-14
1
1
1
1
1
0
1
1
1
0
0
1
1
0
5.43177e-14
0
1
1
1
1
1
-3.70074e-17
6.4504e-14
5.50671e-14
1
9.61453e-14
1
1
1
0
1
1
1
2.29816e-14
1.5582e-13
1
1
1
1
8.70415e-14
1
0
0
3.65541e-14
3.20854e-14
1.37668e-14
1
0
1
0
1
1
1
0
1
0
1
0
1
0
1
2.77556e-14
0
1
1
1
0
1
1.58762e-14
6.33937e-14
5.37348e-14
4.93494e-14
1
9.15934e-15
1
5.80092e-14
0
1
3.31402e-14
1
1
1
1
1
8.08242e-14
1
1.3789e-13
9.86988e-14
1
1
1
1
2.34257e-14
1
2.79776e-14
3.03091e-14
0
1
1
1
1
2.8727e-14
1
1
0
0
1
1
1
1
0
1
0
2.31759e-14
0
2.54241e-14
0
1
1.06581e-14
1
0
1
1
1
7.54952e-15
1
0
1
0
1
0
1
1
4.996e-14
1
0
1
1
1
7.26583e-14
1.27676e-14
4.75175e-14
1
1
1
2.33147e-14
1
3.19467e-14
1
1
1
0
0
1
1
1
1
0
1.48104e-13
0
1
1
3.21965e-15
0
1
4.86278e-14
1
8.86513e-14
1
1
1
1
0
1.55431e-15
1
6.00631e-14
6.86673e-14
1
1
1
1
6.17562e-15
1
0
1.35447e-14
0
0
2.66731e-14
1
0
1
0
1
1
1
0
1
1.3628e-14
1
0
1
1.25677e-13
1
1
0
1
0
1
1
0
0
5.51781e-14
7.91589e-14
1
1
1
9.21485e-14
1
0
1
0
1
1
1
1
7.77989e-14
1
0
1
1
0
1
1
1
0
1.02141e-13
8.52651e-14
1
7.60503e-14
1
1
1
1
1
1
1
1
2.26097e-13
1
1
1
1
0
1
0
4.44089e-14
0
0
1.77636e-15
1
3.31957e-14
1
3.4972e-14
1
1
0
0
1
0
1
0
1
0
1
1
6.95e-14
1
0
0
1
1
1.85037e-17
0
0
0
1
1
1
3.54161e-14
1
1
0
1
2.09555e-14
0
1
8.82627e-14
1
0
1
7.78266e-14
0
1
1
1
0
1.44829e-13
0
1
9.65894e-14
1
0
0
1
1.9526e-14
1
1
1
2.44083e-13
1
1
1
1
0
1
1
6.56419e-14
0
6.15896e-14
0
1
3.31957e-14
1
0
1
1
1
0
1
0
1
5.10703e-15
1
1.7486e-14
1
1
1
0
1
1
0
1
1.35003e-13
1
0
1
0
0
0
0
1
1
1
1
1
1
1
1
6.63636e-14
1
0
1
1
1
0
4.52416e-15
1
0
4.70735e-14
0
3.71555e-14
1
1
1
1
1
1
1
3.10862e-15
0
1
1
1
1
2.6798e-14
1
1
0
2.38143e-14
0
1.06581e-14
1
8.2101e-14
1
3.91909e-14
1
1
1
0
1
2.8727e-15
1
0
1
4.4964e-14
1
1
0
1
0
1
1
1
4.13003e-14
0
2.05391e-14
2.85882e-14
1
0
7.99361e-14
1
0
1
0
1
1
1
1
1
3.85247e-14
0
1
0
1
0
0
1
1.20043e-14
1
0
1
7.85483e-15
1.46549e-14
1
0
1
3.11695e-14
1
1
2.95319e-14
0
1
1
1
1
5.19584e-14
1
0
0
1.14492e-14
0
0
1
8.30447e-14
1
0
1
1
1
2.20102e-14
1
0
1
1.66256e-14
1
0
1
1
0
1
1
1
1
1
9.01501e-14
0
1.91328e-14
8.88178e-15
2.40918e-14
3.57492e-14
1
3.54161e-14
0
1
1
1
2.09555e-14
1
1
1
1
1
1
1
0
1
1
1
1
1.44829e-13
0
0
9.65894e-14
1
1
1
0
1
1
1
3.76366e-14
2.08e-13
1
1
1
1
0
1
0
6.56419e-14
0
3.50553e-14
0
1
3.31957e-14
1
6.88338e-15
1
1
1
1.15463e-14
1
0
1
0
1
1.90958e-14
1
1
1.0747e-13
1
1
1
1
1
1.12799e-13
0
0
1
1
1
0
0
1
1
0
1
1
1
1
9.88654e-14
2.08999e-14
0
1
1
1
1
1
1
4.4853e-14
1.7597e-14
9.32587e-15
1
3.4861e-14
1
1
1
1
1
1
1
1
2.4436e-13
1
1
1
1
3.42504e-14
1
1
4.44089e-14
1.83464e-14
0
7.41629e-14
1
4.996e-15
1
0
1
1
1
3.68594e-14
1
0
1
3.39728e-14
1
4.25585e-15
1
1
1.45439e-13
1
1
1
1
1
0
6.77236e-15
0
1.76803e-14
0
1
0
1
1
1
1
1
1
1
1
1
1
1
0
1
0
1
0
1
0
1
8.57092e-14
1
0
4.3382e-14
1
0
0
1
5.52475e-14
1
1
1.78746e-14
1
1
1
1
2.67703e-14
1
1
0
2.38143e-14
4.4853e-14
0
1
1.77636e-15
1
0
1
1
1
3.30291e-14
1
1.96509e-14
1
0
1
5.4623e-14
1
1
3.37952e-13
1
1
1
1
0
0
1
1.04972e-13
1
1
6.75848e-15
4.66294e-14
1
0
1
1
1
6.00076e-14
0
1
1
9.53959e-14
1
1
1
1
1
1
1
1
0
7.63833e-14
1
0
1
1
1
1
1
1
1
0
3.79141e-14
1
1
1
1
5.55112e-16
1
1
0
5.10703e-14
0
0
1
0
1
0
1
1
1.88738e-15
2.17604e-14
1
0
1
1.62093e-14
1
0
1
1
0
1
0
1
1
1
0
0
0
1
1
1
0
1
0
1
1
1
0
8.54872e-14
1
1
5.44509e-13
0
2.91128e-13
3.83304e-14
1
1
0
1
1.36779e-13
1.44329e-14
7.01661e-14
1
0
1
1
1
1
1
1
1
0
3.60452e-14
1
1
1
1
0
1
1
0
0
0
4.4853e-14
1
0
1
9.19265e-14
1
8.71525e-14
1
0
1
1.0969e-13
1
4.18554e-14
1
5.05151e-15
1
1
1
1.19571e-13
1
1
1
1
0
1
0
1
1.03806e-14
1
0
1.02807e-13
0
9.03444e-15
1.10734e-12
0
1
1
0
1.254e-13
1.66547e-13
1
1
1
1
1
1
1
4.84057e-14
1
1.93623e-13
1
0
1
0
0
1
0
2.76168e-14
1
1
0
1
1
1
1
0
1
1
0
5.5192e-14
0
0
1
0
1
1.40055e-13
1
1
9.68114e-14
2.44249e-14
1
0
1
0
1
0
1
1
0
1
1
1
1
1
4.67959e-14
4.09672e-14
5.35127e-14
1
0
1
0
1
0
1
1
3.87468e-14
1
1
1
1
1
1
0
1
0
1
1
1
0
1
0
1
0
0
1
0
1
1
1
1
0
1.66607e-13
1
1
1
1
0
1
0
2.67749e-14
0
0
0
1
0
1
9.51091e-15
1
1
1
2.07612e-14
1
0
1
0
1
5.00155e-14
1
1
7.20905e-14
1.42664e-14
1
1
1
7.8243e-14
1.34747e-13
5.9952e-14
3.9968e-15
1
0
0
2.50355e-13
1.19293e-13
1
8.71803e-14
0
0
1
1
1
1
0
1
1
4.20404e-14
1
1
1
1
8.88178e-14
5.36238e-14
0
1
6.4726e-14
1
1
1
1
1
1
1
9.57012e-14
1.11577e-14
1
1
1
1
1.78885e-14
1
1
7.4607e-14
1.41664e-13
0
7.4607e-14
1
4.88498e-14
1
6.91114e-14
1
1
1
3.28626e-14
1
0
1
1.29063e-14
1
3.65171e-14
1
1
0
1
1
1
1
1
0
1
8.60145e-14
1
1
1
2.4869e-14
1
1
1
5.92859e-14
1
0
1
1
1
0
1
0
4.46587e-14
0
1.00586e-13
1
1
0
1
0
1
4.02178e-14
1
7.71605e-15
1
1
0
1
1
2.93099e-14
1.44273e-13
1
1
1
1
0
1
7.99361e-15
4.44089e-16
4.35207e-14
0
1.64313e-14
1
3.9968e-14
1
0
1
1
1
7.03881e-14
1
4.26326e-14
1
0
1
0
1
1
1
0
1
1
5.33185e-14
1
3.06602e-14
0
0
1
0
1
0
1
1
1
1
1
4.56857e-14
1
0
1
2.77556e-17
0
0
1
1
1.26454e-13
1
1
4.30767e-14
6.56142e-14
0
1
7.30527e-14
1
1
1
1
1
1.06859e-14
1
1
1.77636e-14
1
1
1
1
6.75016e-14
1
1
5.39846e-15
0
3.77476e-14
2.67009e-14
1
2.60902e-14
1
0
1
1
0
0
1
0
1
3.66374e-14
1
0
1
1
4.66294e-14
1
1.41276e-14
1
1
1
0
2.73115e-14
0
1
1
1
4.78506e-14
0
1
1
1
1
9.4813e-14
1
1
1
1.78746e-14
0
1
1
1
1
0
1
1
0
0
1
0
1
1
1
1
1
1
1
1
9.30922e-14
1
1
1
1
0
1
0
0
0
8.79297e-14
0
1
6.87089e-14
1
0
1
1
0
0
1
4.62593e-18
1
0
1
0
1
1
4.70735e-14
1
1
1
1
1
0
4.52971e-14
5.4734e-14
1
1
1
1
1
0
1
0
1
0
8.15459e-14
1
1
1
1
0
1
1
1
1
1
0
0
0
1
2.22045e-14
1
1
1
1
1
1
1
9.83658e-14
0
1
1
1
1
5.50671e-14
1
1
5.34295e-15
9.96425e-15
0
0
1
0
1
0
1
1
0
5.19862e-14
1
1.19904e-14
1
0
1
1.01074e-13
1
1
0
1
1
1
1
1
1
0
0
1
1
1
1
0
1
1
0
1
1
0
1
1
1
1
1
1
1
1
1
1
1
5.9841e-14
4.77396e-14
1
5.52891e-14
1
1
1
0
4.68098e-14
1
1
2.67564e-14
2.4436e-13
1
1
1
1
4.45477e-14
1
1
3.74145e-14
0
0
1.74027e-14
1
1.89848e-14
1
0
1
1
1
3.72757e-14
1
0
1
0
1
0
1
1
0
1
1
1
1
1
1
0
0
1
1
1
0
0
1
1
0
1
2.09555e-14
0
1
7.77989e-14
1
0
1
0
1
1
1
1
1
1.02141e-13
4.77396e-14
3.35842e-15
7.60503e-14
1
1
1
0
4.67543e-14
0
1
4.26326e-14
1.01696e-13
1
1
1
1
4.38816e-14
1
1
6.56974e-14
0
3.50553e-14
0
1
3.31957e-14
1
3.4972e-14
1
1
0
8.90954e-15
1
0
1
0
1
4.4853e-14
1
5.56777e-14
6.95e-14
1
0
0
1
1
1
0
0
0
1
0
0
0
1.76636e-13
1
1
1
0
2.97262e-14
1
1
6.65162e-14
1
1.65201e-13
1
1
1
1
0
1.8846e-14
1
0
1.14353e-14
1.61537e-13
1
1
1
1
1
1
1
4.59632e-14
9.13714e-14
1
1
1
1
0
1
1
1.91791e-14
9.79772e-15
0
0
1
0
1
0
1
1
1
3.31679e-14
1
4.91274e-15
1
0
1
5.44009e-14
1
3.7581e-14
1
0
2.26208e-14
1
1
0
0
1
1.40332e-13
1
0
0
6.59472e-14
1.72862e-13
1
1
0
1
2.09499e-13
1
1
1
1.36724e-13
1
1
0
5.54556e-14
1
1
1
1.09912e-14
1
0
1
3.23075e-14
1
1
0
4.26881e-14
1
2.66454e-15
1
9.83658e-14
0
1
1
1
1
0
1
0
1.4766e-14
4.96825e-15
0
1.25455e-14
1
0
1
0
1
1
1.39333e-14
1.11022e-14
1
0
1
0
1
0
1
1
0
1
1
1
1
0
5.21805e-15
0
1.91328e-14
1
1.28508e-14
1
1
1
0
1
0
1
2.09555e-14
0
1
7.77989e-14
1
1
1
1
1
1
1
1
0
1.02141e-13
0
3.35842e-15
7.60503e-14
1
1
0
1
1
1
1
4.26326e-14
1.01696e-13
1
1
1
1
1.92624e-14
1
2.55351e-14
6.56974e-14
0
0
1.77636e-15
1
3.31957e-14
1
3.4972e-14
1
1
1
0
1
0
1
0
1
4.4853e-14
1
1
6.95e-14
1
1
1
1
1
1
0
0
1
0
0
0
3.54161e-14
1
1
1
1
2.09555e-14
1
1
1
2.08999e-14
0
1
1
0
1
1
1
0
0
0
1
0
0
1
1.76803e-14
1
1
1
1
7.67164e-14
2.44083e-13
1
1
1
1
1.98267e-14
1
0
4.44089e-14
0
0
4.25585e-15
1
2.89768e-14
1
0
1
1
1
8.90954e-15
1
1.34244e-14
1
0
1
0
1
1
2.59792e-13
1
1
0
1
0
1
0
0
1
5.31519e-14
1
0
0
1
1
1
1
1.66311e-13
1
1
1
1
1
0
1
0
1
0
4.52416e-15
1
0
0
1
0
1
1
1
1
1
1
1
1
0
1
1
1
1
0
1
1
0
0
0
0
1
0
1
3.91909e-14
1
1
1
2.75058e-14
1
2.39253e-14
1
8.43769e-15
1
0
1
1
0
1
1
1
1
0
1
1
1.04972e-13
1
1
1
0
0
1
1
1
1
1.37418e-13
0
1
1
9.53959e-14
1
1
1.19738e-13
0
1
1
1
1
0
4.77396e-14
1
0
1
1
6.00076e-14
1
0
1
1
0
0
1
1
1
1
6.66134e-16
1
1
0
1.11161e-14
0
4.95437e-14
0
6.88338e-14
1
0
1
1
1
4.12032e-14
1
0
1
5.50671e-14
1
2.53131e-14
1
1
1
3.55271e-14
1
1
1
1
0
1
0
1
0
1
0
0
1.43274e-13
1
1
2.55351e-13
0
8.53762e-14
1
1
0
1
0
0
1
2.9754e-14
1
1
1.77636e-14
1.22347e-13
0
1
2.42029e-13
1
1
1
1
1
1
1
0
4.52971e-14
1
1
1
1
0
1
1
0
0
0
0
1
0
1
8.43769e-14
1
1
1
0
1
0
1
0
1
1.59872e-14
1
1
1.57652e-14
1
1
1
1
0
0
1.92069e-14
1.53877e-13
1.11855e-14
1
1
4.54081e-14
4.45755e-14
1.0697e-13
0
9.12603e-13
1.86975e-13
1
1
0
1.254e-13
1
1
1
0
1
1
1
1
1
0
4.08562e-14
1
0
0
1
0
1
1
1
1
3.64153e-14
3.62673e-14
1
1
1
1
0
1
1
0
0
0
1.6806e-14
1
0
1
7.9603e-14
1
1
9.68114e-14
2.03837e-13
1
5.15143e-14
1
0
1
2.20268e-13
3.78586e-14
1
0
1
1
1
1
0
4.67959e-14
1
7.26086e-14
1
1
1
0
4.11254e-13
0
1
0
0
1
1
1
1
1
1
0
1
1
1
1
1
1.04805e-13
1
5.50671e-14
1
0
1
1.78746e-14
0
0
1.28786e-14
4.51861e-14
1
0
0
1
1
1
1
0
1
1
0
0
0
0
1
0
1
1.12096e-13
1
1
1
9.02056e-15
1
0
1
0
1
0
1
6.66134e-14
1.7919e-13
1
1
1
1
1
0
0
5.17179e-14
1
1
1
1.56708e-13
1.0969e-13
1
1
1
1
0
1
0
1
5.95912e-14
1
0
1
5.33878e-14
5.14366e-13
0
1
1
2.29816e-14
0
1
3.21965e-14
1
1
0
1
1
0
1
0
1.31006e-14
1
1
1
1
0
1
1
1.65701e-14
0
-4.62593e-17
0
0
0
1
2.36848e-15
1
1
1
2.18991e-14
1
1.77081e-14
1
4.44089e-16
1
0
1
1
1
3.08087e-14
1
1
1
1
0
1
0
1
1
0
0
1
0
1
1
1
9.4813e-14
1
1
1
1
1
0
0
1
1
1
1
0
6.38378e-14
1.0969e-13
1
9.83658e-14
1
1
1
1
0
1
1
0
0
1
1
1
1
4.22717e-14
1
1
7.10543e-15
4.70873e-14
2.65343e-14
4.27436e-14
1
4.26881e-14
1
0
1
1
1
5.19954e-15
1
7.84928e-14
1
0
1
0
1
1
0
1
1
1
1
1
0
1
0
1.88738e-14
1
1
0
0
1
1
1
1
6.00076e-14
1
1
1
9.53959e-14
0
1
1
1
1
1
1
1
0
1.79856e-13
0
1.19904e-14
0
1
1
1
1
1
1
0
0
1
1
1
1
8.43769e-15
1
1
3.72757e-14
0
0
1.6076e-13
1
0
1
3.01981e-14
1
1
0
0
1
0
1
3.04895e-14
1
1.04805e-13
1
1
1.46105e-13
1
1
1
1
1
4.18184e-15
1.16573e-14
0
1
1
1
0
1
0
3.81084e-14
0
0
1
1
0
0
1
1.39194e-13
1
1
1
1
1
1
2.57572e-14
0
7.99361e-15
1
0
1
1
1
1.72362e-14
1
0
1
2.20934e-14
0
1
1
1
1
2.68119e-14
1
1
3.44585e-14
2.77556e-17
0
0
1
0
1
0
1
1
1
4.61853e-14
1
3.79696e-14
1
0
1
2.65898e-14
1
1
1
0
1
6.91114e-15
3.1225e-14
1
0
8.33222e-14
0
0
1
0
0
0
0
1
1
1
6.00076e-14
1
1
1
9.53959e-14
0
8.20455e-14
1
1
1
1
1
0
0
0
1
0
1
1
1
1
0
1
1
1
0
1
1
1
1
0
1
1
0
4.3715e-15
0
0
1
0
1
0
1
1
1.88738e-15
7.86038e-14
1
4.91829e-14
1
4.30767e-14
1
6.21725e-15
1
1
0
1
4.10783e-14
1
1
1
0
1.30174e-13
9.57012e-14
1
1
1
3.78586e-14
1.4766e-13
1
1
0
1
1
0
1
1
0
1
1.36641e-13
1
2.55629e-14
1
1
1
4.21885e-14
1
1.64313e-13
1
0
1
1
1
0
1
0
1
1
5.76761e-14
1
1
1
1
0
1
1
0
0
2.66454e-15
7.83817e-14
1
0
1
0
1
1
1
0
1
0
1
2.57572e-14
1
2.21119e-15
1
1
0
1
1
1
1
1
8.70415e-14
1
5.65936e-14
1
0
1
1
1
1
1
2.56795e-13
0
1
1
1
1
0
1
0
2.94043e-13
3.43614e-14
1
1
1
8.04912e-16
0
0
0
0
1
1
1
1
1
1
1
0
1.72085e-14
1
1
1
1
0
1
1
0
0
0
3.06422e-14
0
0
1
0
1
1
1
1.38778e-17
1
0
1
0
1
5.72736e-14
1
1
2.53131e-14
1
1
1
1
1
0
1
3.20577e-14
5.47479e-14
1
0
2.25375e-14
0
1
1
1
0
1
1
1
1
1
1
6.65468e-13
1.38528e-13
8.16014e-15
1
1
1
1
1.69864e-13
0
0
3.34399e-13
1
1
1
1
0
1
1
1.39777e-13
1.73935e-14
1
1
1
1
9.9476e-14
1
1
0
1.03473e-13
1.93456e-14
0
1
4.26326e-14
1
4.57412e-14
1
1
1
2.66454e-14
1
0
1
8.43769e-15
1
0
1
1
7.37188e-14
1
1
1
1
1
1
0
0
1
1
0
0
3.41172e-13
1
1
1
0
0
4.6213e-14
9.37028e-14
0
0
4.57134e-14
1
1
1
1.6076e-13
1
1
3.50553e-14
7.99361e-15
1.56763e-13
1
3.75255e-14
1
1
1.11022e-14
1
4.05509e-14
0
1
9.65894e-15
0
1
1
1
1
1.28786e-14
1
1
0
3.59435e-15
2.89768e-14
0
1
1.74305e-14
1
1.86517e-14
1
1
1
4.60326e-14
1
3.57492e-14
1
0
1
0
1
4.09117e-14
1
0
1
1
1
1
0
1
3.28626e-14
1
1.31284e-14
1
1.77636e-14
0
1
1
0
1.47188e-13
0
1.33116e-13
1
1
0
3.16414e-15
0
1
0
1
1
1
0
0
0
1
0
1
1
1
6.94445e-14
0
1
1
0
2.52761e-14
1
1
1
1
0
1
1
1.02807e-13
1.66533e-16
0
0
1
0
1
0
1
1
1
0
1
2.4189e-14
1
4.26187e-14
1
0
1
1
0
1
1
0
1
1
5.21666e-14
0
0
1
1
1
1.4877e-13
1
1
1
1
0
1
1
1
1
8.42659e-14
5.08482e-14
0
1
1
1
1
1
0
1
0
1
0
0
1
2.22045e-16
1
1
1
1
1
-3.70074e-17
1
1
1
1
0
1
1
6.4837e-14
1.7486e-14
0
3.68594e-14
1
0
1
0
1
1
1
5.37348e-14
1
0
1
0
1
0
1
1
2.22045e-13
1
2.37588e-14
1
1
1
1.79116e-14
0
0
0
1
1
0
0
1
1
1
0
1
1
1
1
2.06168e-13
1.06859e-14
0
0
1
1
1
1
1
1.22125e-15
6.75016e-14
0
1.05823e-13
1
1
1
1
1
0
1
0
0
1
1
1
1
0
1
4.05787e-14
2.62568e-14
0
1.43358e-14
2.05252e-14
1
0
1
4.50751e-14
1
1
1
3.07115e-14
1
8.99281e-14
1
5.25413e-14
1
4.996e-14
1
3.94684e-14
0
1
5.10147e-14
4.86278e-14
1
1.24623e-14
1
0
0
0
1
1
1
1
1
1
1
0
5.12257e-13
1
1
1
0
1
0
6.12566e-14
1
1
0
0
0
3.15303e-14
1.33227e-15
1
1.31006e-14
1
0
0
1
2.30371e-15
1
1
0
4.21885e-15
1
1
1
1
0
1
1
4.30767e-14
4.74482e-14
0
0
1
2.45137e-13
1
1
1
0
1
0
1
0
1
4.21885e-14
1
6.26166e-14
1
1
0
0
1
1
1
1
2.13163e-14
0
2.33147e-14
1
1
1
1
1
1
1
0
0
1
1
1
1
0
7.81042e-14
0
3.1497e-13
2.10387e-14
1
1
1
1
0
0
4.08285e-14
0
4.07174e-14
7.16094e-14
9.03444e-15
1
0
1
1
1.40943e-13
0
1
1
1
1
0
1
1
0
0
0
7.32747e-14
1
0
1
0
1
1
1
0
1
0
1
3.79696e-14
1
0
1
1
1.83631e-13
1
1
0
1
1
6.44349e-14
1
0
1
0
1
0
1
1
1
1
1.15782e-13
1
1
1
1.57291e-13
0
1.8241e-13
1
0
0
1
1
0
5.13617e-14
1
1.21458e-13
1
9.99201e-15
1
1
1
1
1
1
1
4.35207e-14
3.33067e-14
1
1
1
1
0
1
1
0
0
0
8.26006e-14
1
0
1
3.55993e-13
1
1
1
0
1
0
1
0
1
0
1
3.91354e-14
2.22933e-13
1
1
1
1
1
0
0
5.18474e-14
1
1
1
9.91429e-14
1
1
1
1
0
1
1
2.38615e-13
0
1
1
1
1
0
1
1
0
5.32907e-15
0
0
1
0
1
1
5.07094e-14
1
1
1
1
0
0
1
1
1
1
0
1
2.92544e-14
1.76303e-13
6.43929e-15
0
0
1
0
1
0
1
1
1
0
1
9.25186e-18
1
0
1
0
1
1
0
1
1
1
1
1
0
1
3.66651e-14
1
1
1
1.22125e-14
0
1
1
1
3.94684e-14
0
1.08913e-13
0
1
0
0
9.40359e-14
1
0
1.01252e-13
1
1
1
2.66009e-13
0
1.94733e-13
0
0
0
1
0
7.59393e-14
1
1
1.51046e-13
1
3.51497e-13
1
3.9746e-14
1
1.17684e-13
1.31006e-14
1
0
0
1
4.11893e-14
8.85958e-14
1
1
1
0
7.61335e-14
1
1
1
1
1
3.66374e-15
0
1
1
3.4639e-14
1.00031e-13
6.69835e-14
1
1
1.31173e-13
0
1
0
1.9923e-13
1
1
0
1
1
0
1
8.86513e-14
1
1
1
1
0
0
1.17906e-13
1
1
7.85483e-15
1
1
1
1
1
0
4.18277e-14
0
3.55271e-14
1
1
1
1
0
0
0
1
0
0
1
1
1
3.40145e-14
4.02178e-14
0
1
0
1
1
1
1
1
1
1
0
1
1.17906e-13
1
1
4.08007e-14
0
2.9865e-14
0
0
1
1
1
1
1
1
4.18277e-14
1
0
1
0
5.27356e-14
2.74669e-13
0
5.21805e-15
1
3.37508e-14
1
5.77316e-13
1
4.9627e-14
0
1
1
2.84217e-14
1
2.33147e-15
0
0
1.0969e-13
0
1
0
3.0087e-14
0
1.79412e-13
0
1
1
0
0
1
0
1
0
1
1
0
2.24126e-14
1
1.09246e-13
1
3.20577e-14
0
0
1
1
1
1.25899e-13
0
3.49498e-13
0
0
1
0
0
1
0
0
1.47271e-13
1
1
1
-1.11022e-16
4.4742e-14
1
0
1
0
0
0
1
0
9.99201e-15
1
1
3.67206e-14
2.28567e-14
1
0
1
1
1
0
1
1
1
1
0
7.33025e-14
3.11834e-14
1.41692e-14
0
1
3.48055e-14
1.84436e-14
1
0
1
1
1
1
1
0
2.96707e-14
0
1
1
1
0
1
4.97935e-14
1.38778e-17
1
1
1.51407e-14
9.88098e-15
1
1
0
1
1
1
1
1
1
1
1
1
0
1
1
0
7.14984e-14
1.73195e-14
5.40124e-14
0
0
1
1
7.67442e-15
1
2.87548e-14
1
1.35447e-14
0
1
1
2.0775e-14
1
0
0
1
2.96152e-14
0
1
1.70558e-14
3.59573e-14
1
1
2.77556e-17
3.02536e-14
1
8.37108e-14
3.17524e-14
1
1
4.11893e-14
5.93969e-15
6.28386e-14
3.02536e-14
8.65974e-15
5.68434e-14
1
1
1
7.21645e-15
1
1
1
1
4.95715e-14
-1.11022e-16
1.93345e-13
1
1
1
4.95715e-14
0
1.4877e-14
0
0
0
1
3.475e-14
0
8.32667e-15
7.50788e-15
1
1
-1.11022e-16
1
1
1
1
1
1
3.77476e-15
1
0
1
2.60347e-13
1
1
1
4.95437e-14
0
1
0
1
4.95159e-14
1
1.73195e-14
2.9865e-14
0
1
1
1
1
1
1
1
0
1
1
1
0
1
1
1
1
1.02141e-13
1
0
1.30118e-13
3.21965e-14
0
0
1
1
4.21607e-14
1
1
1.61676e-14
1.94918e-13
7.46625e-15
0
1
1
3.9882e-13
1
1
1
8.4599e-14
1
0
1.67144e-13
6.41598e-13
8.0061e-14
0
1
0
1
0
1
1
1
1
7.45515e-14
1
3.11418e-14
1
3.46667e-14
1
1
1
1
1
1
1.94289e-14
0
1
1
3.13222e-14
1
1
0
8.52096e-14
5.98965e-14
1
1
0
1
1
0
0
0
1
2.53686e-14
1
1
1
1
1
1
0
1
5.10703e-14
0
1
2.77556e-17
1
0
6.38378e-15
1
1
2.57572e-14
1
1
1
0
1
5.17364e-14
1
1
1
0
0
1
0
1
1
0
1
0
1
1
1
4.08099e-14
1
3.61933e-14
1
1
6.74738e-14
1
3.76921e-14
1
1
0
1
4.46865e-14
1
1
2.59515e-15
2.40086e-14
5.55112e-17
1
5.31519e-14
1
1
5.32352e-14
1
2.57017e-14
5.07372e-14
8.99281e-15
1
1
0
1
0
0
1
1
2.68674e-14
1
0
1
5.39291e-14
0
0
1
1
1
4.0648e-14
1
1
1
1
0
1
1.16573e-14
0
1
0
0
1
1
2.74503e-14
1
1.84297e-14
1.37668e-14
5.49838e-14
1
4.80865e-14
4.55191e-15
1
1
1.85037e-17
1
1
1
1
1
0
1
1
1
1
2.78388e-14
3.46945e-15
1
2.76307e-14
1.39888e-14
2.22045e-16
1
0
1
0
1
1.40443e-14
1
0
1
1
1.40721e-14
1
1
2.1122e-14
1
1
1
0
0
1
1
0
0
1
8.55704e-14
2.24265e-14
5.00433e-14
1
1
1
1
0
0
0
1
1
1
5.77038e-14
1
0
6.64746e-14
1
1
0
1.01447e-14
1
1
1
1
0
1
0
1
0
1
0
2.65621e-14
0
1
5.14588e-14
6.40321e-14
1
8.8346e-14
5.06262e-14
1
0
1
1
1
1
1
-9.25186e-18
1
5.95357e-14
1
0
1
1
0
1
5.9952e-14
0
1
0
1
1
0
1
0
1.50713e-14
1
0
1
3.02813e-14
1
1
0
1
1
2.62013e-14
0
7.62029e-14
1
1
1
0
1
1
2.29955e-14
0
1
0
1
6.15896e-14
1
3.08457e-14
0
1
1
0
2.73115e-14
1
1
0
1
0
1
0
1
1.04361e-14
1
3.9066e-14
1
1
4.70318e-14
6.28386e-14
1
9.44245e-14
1
1
1
1
1
1
1
3.96627e-14
1
1
0
1
1
6.37823e-14
1
3.19189e-14
3.99403e-14
1
9.07746e-14
1
1
1
1
1
1
7.99361e-15
0
1
1
1
1
1
9.13714e-14
1
1.6237e-14
0
1
1
1
1
1
1
1
5.73153e-14
1
2.77556e-17
1
1
1
0
1
7.43294e-14
1.65146e-14
1.64868e-14
1
1
1.65701e-14
1
0
0
1
3.339e-14
1
1
1
1
4.12587e-14
1
1
1.67782e-14
1
1
1
1
6.90374e-14
0
4.43534e-14
0
1.13243e-14
0
1
1
1
1
3.41949e-14
0
1
5.09592e-14
7.71466e-14
0
1
3.40283e-14
1
1
1
0
0
0
1
1
0
0
2.4547e-13
0
1
1
6.20753e-14
0
1.73334e-14
8.32667e-15
1
0
2.77556e-17
0
0
1
1
0
1.42109e-14
1
1
4.44783e-14
1
1.27537e-14
7.4829e-14
1
3.93574e-14
1
1.9304e-14
1
0
1
3.23214e-14
4.32293e-14
0
0
1
1
1
0
1
1.74583e-14
1
1
2.64233e-14
7.65499e-14
1
0
1
1
0
4.65739e-14
5.32907e-14
1
4.40065e-14
0
1
0
0
0
1
0
2.70617e-14
4.07452e-14
1
5.50393e-14
1
1
1.15463e-14
0
0
0
1.37251e-14
1
5.5192e-14
1
7.96585e-14
0
1
4.49918e-14
9.21485e-15
1
2.30556e-14
0
1
0
0
0
0
2.82274e-14
1
9.54792e-15
1
1
1
1
1.93873e-14
1
3.46667e-14
0
1
1
4.32987e-14
1
0
1
1
0
0
0
2.92544e-14
1
0
1
4.88914e-14
8.84848e-14
0
1.15463e-14
0
2.96707e-14
1
0
1
4.4964e-14
1
0
1
0
0
1
6.05627e-14
1
1
1
4.58106e-14
1
1
2.77556e-17
0
1
0
6.15896e-14
1
1
1
0
1
1
2.33841e-14
0
5.4734e-14
0
1
1.5779e-14
6.30745e-14
0
1
6.33937e-14
8.03524e-15
0
0
1
0
0
3.21965e-14
1
1
1
8.58758e-14
1
0
1
5.44009e-14
1
8.16014e-15
1
4.39648e-14
6.6086e-14
1
1
1
1
0
0
1
1
3.41394e-14
1
1
1.00198e-13
5.9841e-14
0
4.43534e-14
4.15057e-13
0
1
1
4.29656e-14
1
0
1
0
7.74519e-14
0
1
1
1
1
7.23172e-14
1
1
1
1
0
1
1
1
1
1
0
1
0
1
1
1
1
1
1
1
0
0
1
1
1.27398e-14
1
1
0
1
0
1
0
1
1.11022e-16
1
0
1.31284e-14
1
0
1
1
1
0
1
1
1
1.06581e-14
0
1
1
1
4.40065e-14
1.06859e-14
1
0
1
0
1
0
0
1
0
0
1
1
1.88738e-14
3.78308e-14
1
1
1
1
1
1
1
1
1
0
1
1
3.35842e-15
1
1
1
1
1
1
7.00828e-15
1
1
1
1
1
0
6.32827e-14
1
1
1
1
0
1
1
1
1.41553e-15
1
1
1
1
1
1
1
0
1
1
1
1
1
1
5.19862e-14
1
1
0
1
1
1
0
1
0
1
0
0
0
1
0
1
1
0
1
1
1
1
6.56142e-14
1
1
1.16573e-14
3.28487e-14
0
1
1
1
1
1
3.15303e-14
1
1
1
1
1
1
1
1
1
0
1
1
1
1
0
1
1
1
1
4.09117e-14
1
1
0
1
1
1
3.31957e-14
0
1
8.99281e-15
1
0
1
1
1
1
1
1
1
1
1
1
0
1
1
1
1
1
4.45421e-13
2.10831e-13
1.37057e-13
0
6.99441e-15
1
1.80272e-14
1
1
1
7.91034e-16
0
1
1
1
0
1
0
0
1
1
1
0
1
3.44169e-15
1
1
1
1
0
1
1
-4.16334e-17
0
1
1
1
1
1
6.21725e-15
1
4.996e-15
1
3.20577e-15
0
1
1
1
0
1
1
4.57967e-16
2.22045e-16
1
1
3.13638e-15
1
9.13158e-15
1
1
1
0
1
5.82867e-16
1
1
0
6.39766e-15
1
6.6197e-15
0
1
1
0
1
3.4972e-15
1
1
1
0
1
0
1
1
0
1
6.73073e-15
1.61537e-14
0
0
1
1
1
1
0
1
1
0
1
2.83107e-15
1
1
1
1
1
1
1
2.33147e-15
1
1
0
1
1
0
1
0
1.09635e-14
1
0
1
0
0
0
1
1.16573e-15
0
1
1
1
1
0
1
0
0
1
2.91434e-15
1
1
3.10862e-15
1
1
0
0
3.70074e-17
1
1
7.50511e-14
1
1
1
1
1
1
1
1
0
1
0
0
3.30291e-15
0
0
1
1
6.21725e-15
5.44009e-15
1
1
1.11022e-16
1
0
1.55431e-15
1
1
7.77156e-16
0
1
2.17469e-14
1
2.11775e-14
1.7486e-15
0
2.77556e-17
0
3.21965e-15
1
1
1.05471e-15
1
0
2.498e-16
0
1.11022e-16
0
1
1.15463e-14
2.1233e-15
1
1
1
0
1
1
1
1
6.41154e-15
1
1
1
1
1
1
5.03301e-15
0
0
3.66374e-15
0
0
1
1
1
1
1
1
1
4.38538e-15
1
0
1
1
0
1
0
0
1
1
0
1.06443e-14
1
1
1
1
1
1.06304e-14
1
1
1.29619e-14
1
1
1
1
1
0
0
1
0
1
1
0
1
1
1
0
1.11022e-16
1
1
1
3.94129e-15
1
1
0
1
1
1
0
1.89848e-14
0
1
1.93734e-14
0
0
1
1
7.66054e-15
1
1
1
1
1
1
1
1
1
1
1
1
1
1
1
0
1
1
0
1
1
4.94049e-15
0
0
1
1
1.66533e-15
1
0
1.04361e-14
1
1
1
1
1.12688e-14
9.4369e-16
1
1
1
1
1
1
1
1
0
1
1
1
0
1
1.05286e-14
0
1
1
0
1
0
1.86517e-14
8.77076e-15
1
1
1
1
1
1
7.43849e-15
1
1
1
1
3.04849e-14
3.23815e-15
0
3.25018e-14
1
5.82867e-16
1
0
2.9976e-15
1
1
1
0
1
1
1
1
1
0
1
0
9.76996e-15
1
0
0
0
1
0
0
1
0
4.24105e-14
1
7.63833e-14
1
6.80012e-16
6.11178e-14
0
0
1
0
1
0
8.31279e-15
1
8.88178e-14
0
1
1
1
0
1
1
0
1
1
1
0
6.10623e-14
1.46549e-14
0
3.8719e-15
1
1
1
1
8.32667e-15
1
1
1
1
0
1
1
1
0
1
1
0
1
1
1
4.30396e-14
8.18789e-15
1.64591e-14
1
0
1
1
0
1
1
1
0
1
1
0
1
0
1
0
0
1
1
1
1
1
0
1.60705e-14
1
1
0
0
1
-4.16334e-17
1
0
1
1
0
1
1
1
0
1
1
1
1
0
0
1
1.05471e-14
0
1
0
0
1
1.25455e-14
1
1
2.35367e-14
1
1
1
1
0
6.02296e-15
0
0
1
5.10703e-15
2.77417e-14
1
1
1
0
1
1
1
1
0
6.66134e-16
1
0
1
1
1
1
0
1
1
1
1
1
1
1
0
0
1
5.05151e-15
0
1
0
5.57887e-15
1
0
0
1
0
1
1
0
1
2.88658e-15
6.77236e-15
0
1
1
1
4.82947e-15
1
1
1
1
0
1
0
1
1
1
1
1
0
5.10703e-15
1
0
2.16493e-15
1
1
4.60743e-15
1
1
1
0
1
1
1
1
1
1.97065e-15
1.70974e-14
1.40998e-14
0
1
1
1
1
0
1
1
1
1
1
1
1
2.46747e-14
1
1
1
0
1
1
1
2.35367e-14
0
0
2.98206e-13
0
1
2.67286e-14
0
1
1
0
1
1
1
1
1
1
1
0
1
1
0
1
1
4.996e-15
0
1
1
1
1
0
1
1
1
1
0
1
0
1
0
1
1
1
0
1
0
1
0
1
1
0
1
0
1
1
1
1
1
1
0
1
0
1.77636e-15
0
1
0
0
1
1.94289e-16
1
1
1
1
0
1
1
1
0
1
0
1
1
1
1
7.99361e-15
0
1
0
1
1.0339e-14
1
0
1
1
0
1
1
1.15741e-14
0
1
1
1
1
1
1
0
1
0
1
0
1
0
1.70419e-14
1
0
1
1
1.29119e-13
1.78885e-14
1
1
1
1
1
1
1.31006e-14
1
1
1.41831e-14
1
5.78704e-15
1.00475e-14
0
0
1
0
1
1
1
0
1
1
1.38778e-17
1
1
1
1
1
0
1
0
0
0
1.249e-15
1
1
2.7145e-14
0
5.02931e-14
2.10942e-15
0
5.55112e-15
1
1
1
1
0
0
1
1
1
1
1
0
5.68434e-14
1
0
1
1
0
1
1
1
1
9.22873e-15
0
1
1
2.66454e-15
1
1
1
1
1
0
9.57567e-15
1
1
1
1
1
0
0
1
1
5.88418e-15
1
1
1
1.75415e-14
1
1
0
1
1
1
1
0
1
2.76168e-15
5.66491e-14
2.78111e-13
0
1
0
0
1
0
1
0
1
1
1
1
0
1
0
1
1
6.10623e-16
0
1
3.30291e-15
3.34177e-14
0
1
2.58682e-14
1
0
1
1
1.9984e-15
1
0
1
0
1
1.72223e-14
1
1
1
1
1
8.9373e-14
4.08007e-15
1.44745e-14
0
1
0
9.9365e-15
0
1
0
3.41394e-14
1
1
1
0
1
1
1
0
1
1.33227e-14
1
1
1
0
1
1
3.21965e-15
1
1
0
1
1
1
1
1
1
2.02338e-14
0
0
1
1
7.21645e-16
2.34257e-14
1.5099e-14
0
1
2.4758e-14
1
9.70057e-15
1
1
1.108e-13
1
0
1.45772e-13
0
0
1
1
1
1.42802e-14
9.05572e-14
1
1
1
0
1
2.09832e-14
1
1
1
1
1
8.00748e-15
0
0
1
0
1
1
1
1
3.90799e-14
1
1
1
1
1
1.21569e-14
2.33147e-15
1
0
1.81244e-14
1
1.09246e-13
1
0
1
1
0
7.07767e-16
1
1
1
5.55112e-17
1
3.81362e-14
1
1
1
1
1
0
1
1
1
1.4988e-14
1
1
1
0
1
1
1
4.89608e-14
1
1
1
1
1
1
1
1
1
1
1
0
0
9.4369e-16
1
1
1
1
2.87687e-14
1
1
5.39846e-14
1
0
1
1.26565e-14
1
0
0
1
3.34038e-14
1
0
1
1
0
1
1.89571e-14
1
1
1
1
1
0
1
1.02696e-14
1
9.99201e-15
1
1
1
1
0
1
1
1
1
1
1
1
1
0
1
1
0
1
1
1
1.36141e-14
1
0
1
1
1
1
1
4.32293e-14
1.46549e-14
1
1
1
1
1
1
1
0
1
6.66134e-15
0
1
1
1
1
1
0
1
1
1
0
1
0
1
1
1
0
1
0
0
1.61954e-14
1
0
2.58793e-13
1
9.29812e-14
1
0
2.35145e-13
0
0
0
0
1
4.64073e-14
1
0
1.35447e-14
5.36608e-14
0
5.6205e-15
1
1
1
0
1
1
1
1
1
0
1
4.92661e-15
1
5.07927e-15
1
4.77396e-15
1
1
2.45359e-14
1
0
1
1
1
1
1
1
0
1.73195e-14
1
1
1
7.57727e-15
0
1
4.71845e-15
1
1
1
8.78464e-15
1
1
0
4.56579e-15
0
1
1
1
0
1
1
0
1
1
0
1
1
1
1
0
0
1
1
1
1.93734e-14
1
0
1
0
1
0
1
1.24345e-14
0
4.77396e-15
7.06379e-15
3.04756e-14
1.76914e-13
2.83107e-15
0
1
0
1
1
1
1
1
1
1
0
1
1
1
1
1
1
1
2.0324e-13
1
0
1
1
1
1
1
1
1.6126e-14
0
1
1
1
1
1
1
1
1
1
1
1
1
1
1
1
1
1
0
1
1.58901e-14
2.57794e-13
1
1
8.50431e-14
1
0
1
1.18794e-14
1
0
1
1
1
3.66374e-15
1
1
1
0
1
1
2.63317e-13
1
1
1
1
1
3.66374e-15
1
1
1
1
0
1
0
1
0
1
1
1
0
1
0
6.76126e-14
0
1
0
1
1
1
1
1
1
1
1
1
1
2.8591e-13
4.85723e-15
0
1
1
0
1
1
1
9.21485e-15
1
1
4.96825e-15
1
0
1
1
1
1
1
1
0
1
1
4.13558e-15
0
0
1
1.16851e-14
1
2.18853e-14
1
1
1
2.10387e-14
1
1
1
1
1
1
1
0
1
1.29896e-14
1
1
1
2.58682e-14
1
1
3.75477e-13
1.48992e-13
1
1
1
1
1
1
3.4861e-14
1
0
1
1
0
1
1
1
1
1
0
1
0
1
1
1
1
1
0
5.98965e-14
2.68674e-14
1
1
7.88258e-15
9.36751e-15
1
8.66252e-14
1
0
1.05804e-13
1.11022e-16
1
1
1
1
1
1
1
1
1
1
1
1
0
1
1
1
1
1
0
1.22791e-13
1
0
6.66134e-16
0
1.56541e-14
1
1
1
1
1
0
1
1
1
0
1
0
1
0
1
1
1
0
1
1.21014e-14
1
1
0
1
0
1
1
1
0
1
0
1
0
0
1
1
1
1
1
0
1
1
1
0
1
1
1
1.1402e-13
1
1
1
0
6.82787e-15
1
1
1
1
0
0
1
0
1
1
1
1
1
1
1
1
4.85723e-15
0
1
0
1
0
1
1
1
1
1
1
0
1
0
1
5.89528e-14
1
9.71445e-15
0
1
1
1
1
1
2.82233e-13
3.66374e-15
0
1
1
1
6.66134e-15
1
1
1
1
0
7.32747e-15
1
1
0
9.10383e-15
1
1
1
1
1
1
1
0
0
1
1
1
1
0
1.09496e-13
8.83182e-14
1
1
1
1
1
1
0
3.61933e-14
1
0
1
2.68674e-14
1
0
1
1
1
0
1.33449e-13
0
1.86184e-13
1
1
1
1
2.69229e-14
1
1
1
1
1
1
1
1
0
1
1
1
1
1
1
1
0
2.36478e-13
1
0
0
1
1
1
1
1
0
1
0
1
1
1
1
1
1
1
1.66533e-16
1
1
1
1.21014e-14
1
1
9.28146e-14
1
1
1
1
1
1
1
0
1
0
1
1
1
1
0
0
0
1
0
1
1
1
1
1
1.65007e-14
1
1
1
1
1
0
1
1
1
0
0
1
1
1
0
1
1
1
1
1
1
1
1
1
0
1
0
1
1
1
1
1
0
0
1
0
1
0
1
1
1
0
1
1.77636e-14
0
1
1.76525e-14
1
0
1
7.91034e-16
1
0
1
0
1
0
1
1
1
1
1
0
0
1
1
1
1
1
1
1
0
5.9952e-15
1
1
0
1
1
1
1
1
0
1
5.55667e-14
0
0
9.4369e-14
1
1
1
0
2.72699e-14
0
0
0
1
1
0
1
1
1
1
0
1
1
1
1
1
0
1
1
1
1
2.63123e-13
1
1
1
1
1
0
3.49165e-14
1
1
0
3.51941e-14
4.44089e-15
2.77556e-17
1
3.26406e-14
1
0
0
1
8.31279e-14
1
1.89737e-13
1
0
1
1
1
4.51028e-15
1
1.9873e-14
1
1
0
1
2.76223e-13
1
1
1
1
1
1
0
5.15005e-14
0
0
0
1
1
2.44388e-14
0
0
1
1
0
1
0
0
1
1
0
1
2.03726e-14
0
1
1
1
1
1
1
1
1
1
1
1
1
1
0
1
1
0
0
1
1
1
0
1
0
1
1
1
1
1
1
0
1
1
1
1
0
1
3.45557e-15
1
1
0
0
1
1
1
1
1
4.17721e-15
1
1
1
1.3517e-14
1
0
1
4.39926e-15
1
1
1
1
3.33067e-15
1
1.10467e-14
1
2.22045e-16
4.55191e-15
1
1
1
0
1
9.99201e-15
4.996e-16
1
0
1
0
1
1
1
0
0
1
0
6.98608e-14
1
1
1
1
0
1
1
1
0
1
1
1
1.34337e-14
1
0
1
1
1
1
1
1
0
1
1.81799e-14
1
1
1
1
1
1
7.40574e-13
2.51743e-14
0
1
1
1
0
1
1
1
1
1
0
1
1
2.25098e-14
1
3.71925e-15
1
1
1
0
1
1
1
1.85657e-13
1.92901e-14
7.71605e-15
1
1.0103e-14
1
1
1
1
3.24185e-14
3.69149e-15
1
0
6.46705e-15
1
0
1
2.10942e-15
4.78229e-14
4.92661e-14
1
3.68594e-14
0
1.20459e-13
0
1
1
1
1
1
1
1.14631e-14
0
0
1
0
1.4766e-14
1
1
1
1
1
1.70974e-14
1
1
2.84744e-13
9.88098e-15
1
1
1
1
1
1
1
1
1.72917e-14
0
1
0
1
1
1
1
3.95609e-14
1
1
1
1
1
2.16493e-14
1
1
1
1
1
1
1
1
0
0
1
1
1
1
1
1
1
0
9.4369e-16
1
1
1
1
4.94049e-14
1
1
2.79637e-14
2.88658e-14
0
0
2.27041e-14
0
1
1
1
0
1
1
1
1
1
1
0
2.66083e-14
1.01863e-13
1
1
1
1
1
0
0
0
1
1
1
1
1
1
1
1
0
0
0
1
1
1
0
0
1
0
1
7.41629e-14
1
1
0
0
1
1
1
1
1
0
1
2.86438e-14
1
1
0
1
1
1
0
1
4.2466e-15
0
1
1
1
1
1
0
1.91486e-13
1
1
1
1.34559e-13
0
0
0
1
1
1
0
1
1
4.11893e-14
1
1
1
0
1.42553e-13
1.56292e-13
1.18516e-14
1
1
1
1
1
1
1
1
1
1
0
3.17635e-13
1
1
1
1
1
2.45359e-14
1.4172e-13
1
1.29896e-14
1
1
1
1
1.49214e-13
1
1
1
1
1
0
1
1
1
1
1
1
1.38778e-17
1
1
1
1
9.85878e-14
3.46251e-13
1
1
1.09912e-14
1
1
1
1
1
1
1
0
1
1
1
1
1
3.40838e-14
1.26496e-13
1
1
1
1
0
0
0
1.25233e-13
1
1
0
0
1
0
1.17517e-13
1
6.55864e-14
1
1
1
1
1
1
1
1
1
1
4.24022e-13
1
1
1
1
1
0
0
1
1
1
1
1
0
0
1
1
0
1
0
1
1.9984e-15
1
1
1
0
1
1
1
1
1
0
1
1
1
1
1
1
1
0
0
0
1
0
1
1
1
1
1
1
1.11577e-13
6.29358e-14
0
1
1
1
0
1
1
1
0
0
1
1
1
0
0
1
1
1.16573e-14
1
1
1
0
4.82947e-15
0
1.99285e-14
1
3.22353e-13
0
1
1
1
1
1
1
0
1.63536e-13
1
0
0
0
0
0
1
1
0
1
1
1
0
1
0
1
1
1
0
1
1
1
1
1.35891e-13
1
1
1
0
1
1
0
1
0
1
1
0
1
3.49387e-13
1
1
1
0
6.27276e-14
1
4.60743e-15
1
1
1
1
1
1
0
0
1
1
1
1
1.35891e-13
1
1
1
1
0
1
1
1
4.4742e-14
0
1
1
1
1
1
1
1
1
1
1.25011e-13
1
1
0
1
2.36478e-14
0
1
1
1
2.02061e-13
1
1.56208e-13
1
4.69069e-15
1
1
1
2.38698e-14
1
1
1
0
1
1
0
1
1
1
1
1
1
0
1
0
1
1
1
1
1.94789e-13
2.40141e-13
1
4.07174e-14
1.00836e-13
0
1
1
1
1
1
1
1
1
1
1
1
1
1.92069e-14
1
1
1
0
1
1
1
1.44329e-14
1
1
0
0
1
0
1
1
1
1
1
1
1
1
0
9.99201e-15
1
0
0
1.27676e-15
1
1
1
1
1
1
1.45162e-14
1
1
1
1
1
1
0
1
1
1
1
1
8.90584e-14
1
1
0
1
1
1
0
5.81757e-14
1
1
1
1
1
0
1
1
1
1.20431e-13
1
1
1
1
9.7089e-14
1
3.05422e-13
1.95677e-13
1
1
1
1
1
1.62648e-13
0
1
1
1
1
0
1
1
1
1
1
1
1
1
1
1
1
1
1
0
2.1827e-13
1
1
1.02973e-14
1
0
1
0
0
1
9.85878e-14
1
1
1
1.92485e-14
1
1
1
1
1
0
1
1
1.27953e-14
1
1
0
1
1
0
1
0
1
1
0
1
1
1
1
1
1
1
1
1
1
1
0
1
1
0
0
1
1
1
1
1
1
1
1
3.4602e-14
1
0
1
3.10169e-14
5.09315e-15
1
1
1
1
1
1
0
2.65343e-14
1
1
1
1
1
1
1
1
1
1.0103e-14
0
1
1
0
0
1
1
1
0
1
1
1
1
1
1
1
0
1
1.67644e-14
4.45061e-14
1
3.70814e-14
0
1
1
1
7.16094e-15
0
1
1
1
1
1
1
1
1.949e-13
1
1
1
0
6.29358e-14
1
0
1
1
1
1
1
1
1
0
1
1
2.98928e-14
1
0
0
0
1
1
1
5.44009e-15
1
1
1
1
1
1
3.58324e-13
1
1
1
1
1
1
1
1
4.69069e-15
0
1
0
1
1
0
1
1
1
1
1
1
1
0
1
6.83897e-14
1
0
1
0
1
1
0
1
3.33067e-15
1
1
0
1.00614e-14
1
1
1
6.32688e-14
0
4.4964e-14
1
4.03011e-14
7.9714e-14
1
5.71765e-15
1
0
1
1
1
1
1
1
1
1.25566e-13
1
1
1
7.63278e-15
1
0
0
1
1.9984e-14
1
1
1
1
0
2.06779e-14
1
0
1
0
2.22045e-16
1
1
1
1
1
2.91434e-15
1
1
1
1
1.317e-14
0
0
1
1
1
1
1
1
1
1
1
1.42109e-14
1
1
1
0
1
1
1
1
3.00135e-13
1
0
1
1
1
1
1
0
0
0
1
0
1
0
1
1
1
1
1
0
1
1
1
0
1
1
1
1
1
1
1
1
0
0
1
1
1
1
1
1
1
1
1
1
1
0
1
1
1
1
1
1
1
1
1
1
1
1
1
1
1
2.4647e-14
1
0
1
1
1
1.29896e-14
1
1
1
1
1
0
1
0
1
0
0
2.47913e-13
1
1
0
1
0
0
1
1
1
1
1.58623e-14
1
2.47219e-13
1
0
1.65368e-13
5.05151e-15
0
1
1
1
0
1
1
1
1
1
1
1
0
1
0
5.72736e-14
1
1
1
0
1
1
1
0
1
1
1
4.94049e-14
0
1
1
1
1
1
0
1
2.28706e-13
1
0
1.53211e-14
1
0
1.88627e-13
1
1
1
1
1
0
1
1
1.68615e-14
1
1
1
1
1
1
1
1
0
1
1
1
1
1
1
1
0
9.68114e-14
1
1
1
1
1
1
1
0
1
0
3.95239e-14
0
1
0
5.69822e-14
1
1
6.26721e-14
1
1
0
0
1
0
0
1
0
1
1
1
1
1
5.25135e-14
1
9.1871e-15
1
1
4.996e-14
1
1
1
1
1
1.0339e-14
1
1
1
2.17604e-14
1
1
3.9968e-15
1
1
1
1
1
1
1
1
1
0
1
1
1
1
1
4.00235e-14
1
1
1.28786e-14
0
1
1
1
1
1
1
1
1
1.21847e-14
1
1
1.21014e-14
1
0
1
1
1
1
3.48332e-14
0
1
1
0
0
1
1
1
1
0
1
1
6.02018e-13
1
1
5.9952e-14
1
2.81719e-14
1
1
1
1
3.60822e-16
1
1
0
1
1
1
1
1
1
0
1
1
1
1
0
0
0
2.3806e-13
1
1
0
1
1.39666e-13
1
1
1
0
1
1
1
2.19824e-14
1
1
1
1
1
0
2.02061e-14
1
1
1
1
1
1
6.39488e-14
0
1
1
1
0
4.55191e-14
3.18356e-14
1
0
1
1
1
1
1
1
1
0
1
0
1
1
1
0
1.67394e-13
1
1
0
1
1
1
1
1
1
1
2.23849e-14
3.9746e-14
1
1
1
1
1
0
1
0
1
4.54081e-14
5.20695e-14
1
1
0
0
1
1.35447e-14
1
0
1
0
1
1
1
1
5.2236e-14
0
1
0
1
0
1
1
0
1
1
1
1
1
0
1
1
1
1
1
2.08167e-15
0
1
0
1.68754e-14
1
1
1
1.41887e-13
0
1
0
1
1.16129e-13
1
1.20274e-13
1
3.7037e-13
1
1
0
1
2.81372e-13
1
1
1
1
0
1
1
1
1.14214e-14
1
0
0
0
1
1
3.46112e-14
1
1
1
0
5.52336e-15
0
3.83166e-14
0
1.43219e-14
1
2.82496e-13
1
0
2.91434e-13
1.94289e-16
1
0
0
1
0
1
2.27596e-14
1
1
1
1
1
0
1
0
0
0
1
1
1
1
1
1
0
0
1
1
0
2.07501e-13
1
1
1
1
1
1
1
0
1
6.05627e-14
1
0
7.59115e-15
1
1
1
1
1
0
1
1
0
1
0
1
4.1453e-14
1
1
1
5.30687e-14
1
0
1
1
1
5.65104e-14
1
0
1
1
1.57874e-13
0
4.06342e-14
2.80886e-14
1
1
1
0
1
2.45914e-14
3.32401e-13
0
0
1
1
1
1
1
0
1
1
1
1.37251e-14
1
1.69642e-13
1
1
1
1
1
1
1
1
1
1
1.54043e-14
1
0
0
0
1
1
1
1.11022e-16
1
1
1
1
1
2.85216e-13
0
3.41949e-14
1.77525e-13
1
1
0
1
1
0
1.78524e-13
1
1
1
1
1
0
1
1.37529e-14
0
1
1
1
1
1
1
1
1
0
0
1
1
1
1
3.26406e-14
1
1
0
1
1
1
1
0
1
0
1
2.58682e-14
1
1
1
0
1
1
1.69087e-13
3.402e-13
0
1
1
0
1
9.21485e-15
0
0
0
0
1
1.15324e-14
1
3.07532e-14
1
0
1
1
1
1
1
0
3.49692e-13
2.4028e-13
1
6.27831e-14
1.05513e-13
1
1
1
0
1.60871e-13
2.69784e-13
1
1
1
1
1
1
0
1
1
1
6.32827e-14
1
0
1
1
1
1
1
0
1
0
1
1
0
1
1
1
5.14866e-15
1
1
0
5.63161e-14
0
7.87148e-14
1
1
1
1
1.7486e-14
0
0
0
1
0
1
0
1
1
1
3.16414e-14
0
1
3.23075e-13
0
1
1
1
1
0
1.16018e-14
0
1
0
1
3.82305e-13
1
1
1
0
0
1
1
1
0
0
5.61218e-14
0
0
3.17524e-14
1
1
1
0
2.90323e-14
1
3.39589e-14
1
1
1
1
1
0
1
1
1
4.63518e-15
1.04361e-14
3.07532e-14
0
0
1
0
0
0
0
9.60065e-14
1
0
1
1
0
1
0
1.21847e-14
0
0
1
2.78666e-14
2.42445e-14
0
0
1
1
1
1
2.75335e-14
1
0
0
1
1
0
1
1
1
1
1
0
2.12497e-13
1
1
1
1
1
1
1
1
1
1
1
1
1
3.64597e-13
1
0
1
0
2.19158e-13
1
1
1
2.02616e-14
1
1
0
1
1
7.93809e-15
1
0
1.41415e-14
1
0
1
1
1
0
1
1
1
1.94844e-14
1.27676e-15
1
1.36557e-14
1
0
4.41314e-14
1
1
0
1
4.45199e-14
1
0
1
1.84436e-14
1
1.94289e-16
2.76168e-14
0
0
1
1
1
1
1
2.77556e-17
1
1
1
0
0
0
0
1.04639e-14
1
1
7.38298e-14
1
1
1
0
5.2458e-15
7.88258e-15
1
1
1
0
1
0
1
1
1
1
1
1
2.22489e-13
1
4.79616e-14
1
1
1
1
0
1
1
1
4.05231e-15
0
2.2099e-13
1
1
1
1
0
1
0
1
1
1
0
1
9.78384e-15
1
1.99007e-14
1
3.02314e-13
1
1
1
4.18721e-13
1
1
1
1
1
1
1
1
6.52256e-15
1
0
1
1
1
1
1
0
1
1
8.04912e-15
1
1
1
1
1
1
1
1
1
1.42691e-13
1
1
1
1
0
1
1
1
1
1
1
1
1
1.16851e-14
6.55587e-14
1
0
1
1
1
1
2.74641e-14
0
1
1
0
0
0
1
1
1
0
0
1
1
1
1
1
6.75848e-15
5.55112e-17
3.94129e-14
1
1
0
1
2.19269e-14
6.81677e-14
0
1
1
1
7.99361e-15
5.55112e-17
1
1
1
2.49523e-14
1
1
0
1
1
1
1
2.03865e-14
1
1
1
1
1
1
1
0
0
2.17604e-14
1
1
1
1
0
1
1
1
1
1.8463e-13
1
9.01131e-15
1
0
1
4.24383e-14
6.30052e-15
0
1
1
1
1
0
1
1
0
1
1
1
1
1
0
1
1
1
1
2.83384e-14
0
0
2.77556e-17
1
1
1.30451e-15
1
2.24265e-14
0
1
0
1
1
0
1
1
3.2252e-14
2.4869e-14
0
1.79995e-14
1
1
9.38138e-15
0
1
1
1
0
0
0
1
0
1
1
8.62643e-14
0
1
1
1
1
1.49117e-13
0
1
1
0
1
0
1
1
1
1
0
0
1
1
0
1
1
1
1
0
1
1
1
1.81799e-14
0
3.44169e-15
1
1
0
1
1.67644e-14
1
0
1
1
1.77081e-14
1
1
1
0
1
0
2.19824e-14
0
6.88338e-15
1
0
5.30687e-14
1
1
1
0
1.38778e-16
3.14193e-14
3.44447e-14
1.34476e-14
1
3.15303e-14
1
1
1
1
1
1
1
1
1
1
1
1
0
2.498e-16
0
1
1
6.76958e-14
1
1
0
0
0
1
1
1
1
7.78266e-14
1
1
0
0
1
2.30815e-13
1
1
0
1
1
1
1
1
3.14193e-14
1
1
1
2.62013e-14
1
1
0
1
0
1
1
1
0
1
1
0
5.30409e-14
1
1
0
3.16969e-14
1
3.9857e-14
0
0
0
1
9.92484e-13
1
1
1
1.23901e-13
1
1
1
1
1
1
1
1
1
1
1
1
1
1
1
1
0
2.00673e-14
1
1
1
1
1
1
1
1.91847e-13
1
1
0
1
4.68736e-13
1
1
1.36113e-13
1.4394e-13
7.50511e-14
1
2.43305e-13
1
0
1
1
1
1.61815e-14
1.71529e-14
1
1
1
1
1
1
1
0
1
0
1.67089e-14
2.20171e-13
2.11164e-13
1
1
1
1
1
1
1.54154e-13
1
1
1
1
1
3.16691e-14
0
1
1.34337e-14
1
1
0
4.22995e-14
3.11973e-14
3.44724e-14
1.34476e-14
1
0
1
0
1
4.41869e-14
1
1
1
1
1
0
0
9.88098e-15
1
0
1
0
1
0
0
0
0
0
0
1
1
7.13263e-13
1
1
1
1
1.43552e-13
0
1
1.39083e-13
1
1
1
1
1
0
0
1
3.11973e-14
0
1
1
1
1
2.56739e-14
1
1
0
0
0
1
6.81677e-14
1
3.15303e-14
1.63203e-14
1
0
1
1
0
1
5.56083e-14
0
0
1
0
2.11386e-13
1
1.25289e-13
1
1
1
2.08722e-14
1
0
1
6.99441e-15
1
8.32667e-17
1
1
1
0
0
1
1
1
1
1
1.84075e-13
0
7.21645e-15
0
0
0
1.29868e-13
0
1
1
1
0
0
0
1
1
1
1
1
0
1
1
1
1
1
0
8.85958e-14
1
1
1
1
1
1
1
3.45279e-14
1
1.40998e-14
-2.77556e-17
1
1
1
1
1
1
1
1
1
1
0
1
1
1
0
8.62643e-14
1
0
4.50945e-13
1
1
1
1
1
1
1
2.8505e-14
1
1
1
3.05311e-14
1
1
1
1
1
1
1
1
1
1
1
0
1
0
1
0
1
0
1.21153e-13
1
1
1
0
6.08402e-14
1
1
1
8.73746e-14
0
3.34621e-13
0
1
1
1
1
1
4.08229e-13
0
1
1
0
1
1
1
1
1
1
0
5.75651e-14
0
2.96152e-14
1
0
0
0
1
1
0
1
1
4.89886e-15
1
5.28744e-15
4.36262e-13
1
0
1
1
2.63845e-13
0
0
1
1
1
1
1
0
1
2.06363e-14
1
1
1
1
1
1
1
0
1
0
0
0
1
1
5.96745e-15
7.16094e-15
0
1
1
0
1
1
1
1.74138e-13
1
1
1.49353e-13
0
1
1
1
0
1
1.07969e-14
0
1
0
1
1
1
1
1
1
1
1
1
1
1
4.996e-15
0
1
1
1
1
1
7.28584e-15
1
1
1
1
1
1
1
1
1
0
2.81691e-13
1
0
1
1
1
1
1
1
1
1
1
1
1
1
0
1
1
1
1
1
1
1
0
1
1
1
1
1
1
1.57291e-13
2.25459e-13
1
3.46945e-14
1
1.23623e-13
1
1
1
5.61773e-14
1
1
5.3596e-14
2.05808e-14
3.21965e-14
0
0
1
0
1
1
1
1
1
1
1
1
1
0
1
1
1
0
1
1
1
1
1
2.87548e-14
1
1
0
1
1
0
1
1
0
1
1
1
0
3.81639e-14
0
1
1
1
1
1
1
1
1
1
1
8.85958e-14
0
1
1
1
1
0
0
1
1
1
1
1
1
8.62782e-14
8.30169e-14
1.06928e-13
1
1
1
4.68625e-13
1
1
1
1
1
1
0
1
0
0
1
2.00673e-14
1.60705e-14
1
1
1
1
1
1
1
1
1
1
1
0
0
4.51028e-14
1
1
1
1.77081e-14
1
0
2.9321e-13
1
0
1
1
6.77236e-15
1
2.71352e-13
1
1.34892e-14
1
1
1
1.62093e-14
3.14193e-14
1
1
1
0
1
1
1
1
1
1
0
0
1
1
1
1
1
2.22045e-16
1
1
1
0
1
1
0
7.38298e-14
1
1
1
2.13163e-13
1
9.88098e-14
1
1.79301e-14
1
1
0
1.39055e-13
1
1
1
1
3.53745e-14
5.55112e-17
1
1
3.14193e-14
6.21725e-14
8.32667e-15
2.61735e-14
0
4.09672e-14
0
4.16334e-17
0
0
1
0
1
1
1
1
1
1
0
1.62093e-14
1
0
0
0
0
0
1
0
8.54039e-14
1
1
0
1
1
1
1
2.0095e-14
3.55271e-15
0
0
0
1
1
1
1.56777e-13
1
1
1.16296e-14
1
1
2.00673e-14
0
1
1
0
1
1
0
8.30169e-14
1.06928e-13
1
0
1
4.68625e-13
1
1
1
1
0
1
0
1
0
1
2.27873e-14
1
0
1
1
1
0
1
0
1
0
1
1
1
1
1
1
1
1
1
1
1
0
1
1
1
2.19824e-14
0
1
1
8.85958e-14
5.30687e-14
1
0
1
0
1
3.14193e-14
1
1
1
3.15303e-14
1
1
6.03129e-14
0
0
1
1
1
1
1
1
1
0
1
1
0
1
0
1
1
0
0
0
1
1
0
0
9.86988e-14
1
0
3.29653e-13
1
0
4.69624e-14
1
1
1
0
1
1
1
1
3.14193e-14
1
1
1
1
1
1
1
1
1
0
1
1
1
1
1
1
0
0
1
0
1
1
1
1
0
1
0
0
1
0
1
1
1
1
1
1
1
0
1
8.32667e-17
1
1
1
0
1
1
1
1
1
1
1
0
1
1
0
0
0
0
1
1
0
1
0
1
1
1
0
1
1
0
1
1
1
1
1
0
8.03801e-14
1
0
1
1
1
1
1
1
1
1
0
1
1
1
0
1
7.16094e-15
1
1
1
1
1
1.17795e-13
1
3.40838e-14
1
1.78524e-13
0
1
1.3517e-13
1
1
1
1
1
0
1
1.93179e-14
1
1
1
2.24265e-14
1
1
1
1
0
5.55112e-15
1
1
0
1.35447e-14
1
0
0
0
1
0
1
1
0
1
1
1
1.5582e-13
1.17101e-13
1
1
0
1.31645e-13
0
3.33622e-13
1
1
1
1
1
1
0
1
0
1
1
1
1
1
1
1
1
0
1
1
1
1
1
1
1
1
0
1
0
1
1
1
1
1
1
0
1
1.03528e-14
2.59681e-13
0
0
1
0
1
1
1
0
1
1
1
1
1
1
1
1
1
1
1
1
3.14859e-13
2.16493e-14
5.13339e-14
1
0
1
0
1.45731e-13
2.38254e-13
1
1
1
1.93873e-14
1
1
0
1
1
1
0
1
0
1
0
0
0
0
1
1
1
1.99285e-14
1
1
1
1
1
1
1
1.30035e-13
0
1
1
0
1
1
0
1
0
1
1
1.15463e-14
1
1
0
1
2.77556e-16
1.9329e-13
1
0
1.87628e-14
5.00711e-14
1
3.60822e-16
1
1
1
1
1
1
1
1
1
1
1
1
1
1
1
0
1
0
0
1
1
1
1
7.38298e-14
1
1
0
1
0
0
1
0
1
1
1
1
1
1
1
1
1
1
2.07945e-13
1
5.00711e-14
1
1
1
1
1
1
1
1.47382e-14
4.10783e-15
0
2.00728e-13
0
0
1
1
1
1
1
3.41949e-14
1
0
1
1
0
1
1
0
1.05138e-13
1
1
1
4.19276e-13
1
1
1
0
1
1
1
1
1
1
0
1
1
1
1
1
1
1
1
1
1
0
1
1
1
0
1
1
1
1.09668e-12
8.90815e-14
1
1
1
1
1
0
1.79579e-13
1
1
1
1
1
1
1
1
0
2.75335e-14
1
1
1
1
1
1
1
0
0
0
1.2379e-14
0
1
1
1
1
1
0
1
0
1
1
1
0
3.80806e-14
5.55112e-17
1.97842e-13
1
1
1
0
2.22045e-16
0
1
0
1
1.64313e-14
0
1.31006e-14
0
1
1
0
1
1
1
1
1
0
1.08302e-13
3.05173e-14
1
4.77673e-14
0
1
2.07001e-13
1
9.43551e-14
1
1
9.66172e-14
7.57172e-14
1
1
1
1.94733e-13
1
0
1.02363e-13
1
1
1
1
2.1344e-14
2.44027e-13
0
0
0
1
1
1
1
0
1
0
1
0
1
1
1
1
1
1
1
0
0
0
0
1
2.33286e-14
0
1
7.93809e-15
5.55112e-17
0
9.99201e-16
1
0
8.99281e-15
0
1
1
1
2.36894e-14
1
1
1
1
0
1
0
1
1
1
1
1
1
1.41831e-14
0
1
1
0
1
1
1.07664e-13
5.55112e-17
1
1
1
1
1
1
1
4.15612e-13
0
0
1
1.12299e-13
3.57353e-14
1
1
2.67286e-14
0
3.1608e-13
1
1
0
1
1
1
1
1
1
1
0
1
1
1
1
1
1
1
1
3.70398e-14
1
1
0
1
1
1
0
0
1
0
1
1
2.5524e-13
1
1.87406e-13
0
0
1
1
1
3.77476e-15
0
0
1
1
1
1
1
1
1
1
1
1
0
0
1
1
1.69309e-14
1
8.77493e-14
1.5643e-13
1
1
1
1
0
1
1
1
2.69229e-14
1
1
1.10384e-13
0
1
1
0
1
0
1
1
1.40776e-13
1
1
0
1
4.70873e-14
1
0
2.05946e-14
1
1
0
1
1
1
1
1
0
0
1
0
4.27436e-15
0
2.76168e-14
3.05311e-14
1
2.27596e-15
1
1
1
1.09968e-13
1
1
1
1.38778e-16
1
1
1
0
1
1
1.37945e-14
1
1.44856e-13
0
5.32907e-15
1
1
1
1.5557e-14
1
1
1
4.48946e-14
1
1.52656e-14
1
1
0
0
1
2.53131e-14
1.37668e-13
1
1
1
1
1
1
1
1
1
1
1
5.79814e-14
1
3.86136e-13
1
0
0
1
0
1
1
1
1
1
1
1
1
1
0
4.03289e-14
3.88578e-16
1
1
2.45359e-14
0
0
0
0
2.95597e-15
1
1
1
0
1
0
0
2.73115e-14
1.52656e-15
1
1
1
1
5.55112e-16
1
1
1
1
0
0
0
0
1
0
1
1
4.17583e-14
1
1
1
1
0
1
1
1.0103e-14
1
3.58047e-15
0
0
0
1
1
2.92766e-13
2.78749e-13
1
2.85882e-15
1
1
1
1
1
1
1
1.06581e-13
1
1
1
1
1
0
1
1
1
0
1.39611e-14
8.43769e-15
4.05564e-13
1
1
1
1
1
1
1
1
1
1
5.04041e-14
1
3.65263e-14
2.23155e-14
1
1
0
1
1
1
1
1
1
1
0
0
0
0
1
1
1
1
0
0
1
1
1
1
1
1
0
0
1
1
1
1
1
0
0
1
1
1
1
1
0
1
0
1
1.32672e-13
1.6559e-13
1
0
1
1
0
0
0
1
0
0
1
1
1
1
1
1
1
0
1
1
1
1
9.50351e-14
1
1
1.73195e-14
0
0
1.64313e-14
1
0
1
0
1
0
1
1.2032e-14
1
8.88178e-14
1
7.75213e-14
1
2.78388e-14
1
2.08167e-14
8.00471e-14
1
1
1
1
1
1
1
4.21885e-14
1
1
1
3.65263e-14
0
8.50431e-14
1
1
1
1
1
1
1
1
0
1
0
0
1
1
1
0
0
0
1
0
1
1
0
1
1
1
1
0
1.32672e-14
1
1
1
1
4.26603e-14
1
1
0
0
1.21014e-14
0
1
4.84057e-14
1
6.12843e-14
1
1.74305e-14
1
0
1
0
1
0
1
0
1
1
9.448e-14
1
1
1
1
1
0
1
2.66454e-13
1
1
1
1.52656e-13
3.7359e-14
1
1
1
1
7.11098e-14
7.20396e-14
1
1
1
6.43097e-14
1
1
3.19189e-14
1
1
6.46705e-14
0
1.30562e-13
0
1
1.4766e-13
1
1
1
1
1.01169e-14
0
1
0
2.968e-14
1
1
1
1
0
1
0
0
0
0
0
1
1.44884e-14
1
0
1
1
1
2.33147e-14
1
8.74856e-14
1
5.77316e-15
1
6.70297e-14
1
1
1.55431e-14
1
1
1
0
1
0
1
0
1
1
1
0
0
0
1
1
1
5.00711e-14
1
1
1
1
1
3.35731e-13
1
1
0
1
1
1.78524e-13
0
1.38112e-13
1
0
0
1
0
1
1
1
1
0
1
1
1
1
1
1.47691e-13
0
1
9.37028e-14
6.08957e-14
0
0
1
0
1
0
1
1
1
1.55431e-14
1
0
1
0
1
7.50511e-14
1
1
1
2.78666e-14
1
1
1
1
1
1
0
2.98095e-14
1
1
0
4.40388e-15
0
1
9.74221e-15
1
8.32667e-14
0
1
1
1
0
1
1.13021e-13
0
1
1
1
1
1
0
1
0
1
1
1
1
1
1
1
0
0
1
1
1
1
1.96287e-13
1
1
2.40086e-14
0
1.85037e-17
5.59552e-14
1
8.28226e-14
1
0
1
1
1
4.88498e-15
1
9.23706e-14
1
0
1
0
1
1
4.57412e-14
1
1
0
1
1
0
1.55431e-14
0
1
4.94743e-14
1
5.71765e-14
0
1
1
1
1
1
1
0
4.13558e-15
1
1
1
0
1
1
1
1
0
0
0
1
0
1
1
1
1
1
5.99104e-14
1
5.73985e-14
0
1
1
1
1
0
1
1
0
0
1.59872e-14
0
1
1.55431e-15
1
0
1
1
1
0
1
1.35447e-14
1
4.28546e-14
1
0
1
0
6.77236e-15
1
0
1
1
1
1
0
0
1
0
1
0
1
1
1
1
1
1
1
0
1.39944e-13
1.4766e-14
1
1
1.63841e-13
1
2.90767e-13
1
1
0
0
0
1
5.28096e-14
1
1
1
1
1
1
1
0
0
1
1
1
1
0
1
1
3.15303e-14
1.90958e-14
0
1.07025e-13
1
1.79023e-13
1
0
1
1
1
1.04639e-14
1
4.57412e-14
1
6.73905e-14
1
0
1
1
2.41474e-13
1
1
1
1
1
0
1
0
1
2.3162e-14
0
0
1
0
1
1
0
0
0
0
0
1
1
1
3.23297e-13
1
8.03801e-14
1
1
3.37508e-14
0
6.92779e-14
1
0
0
2.44249e-15
0
0
0
0
1
0
1.5693e-13
1
1
1
1
0
1
1
0
0
3.11973e-14
0
1
0
1
4.55191e-14
1
1
1
0
1
0
1
0
1
0
1
1
1
0
1
1
1
1
1
1.66978e-13
0
1
1
1
0
1.56486e-13
1.41748e-13
1
1
1
1
1
1
1
1.44329e-15
0
1
0
0
1
1
0
1.44329e-15
0
0
1
0
1
1
1
1
1
1
1
0
0
1
1
1
1
4.33958e-14
1
1.13243e-14
1.17684e-14
0
0
7.08045e-14
1
0
1
6.55587e-14
1
1
1
0
1
0
1
6.41154e-15
1
8.10463e-14
1
1
0
1
1
7.46347e-14
1
1
1.33227e-14
0
0
1.02279e-14
0
1
0
1
1
1
0
1
0
1
1
1
1
1
1
0
1
0
1
0
0
2.15383e-14
9.81437e-14
1
7.04622e-14
1
1
1
8.57647e-15
1
0
1
0
0
1
1
1
1
1.64313e-14
1
1
1.42109e-14
0
7.86038e-14
0
1
0
1
0
1
1
1
0
1
3.14332e-14
1
0
1
1.82077e-14
0
3.66374e-15
0
1
6.43929e-14
0
1
1
1.16573e-15
0
0
1
0
1
0
1
0
1
1
1.67671e-13
1
1
1
1
8.55149e-14
8.54594e-14
0
1
1
0
1
1
0
0
0
1
0
1
1
1
1
1
1
1
0
0
1
1
1
1
0
1
0
0
1.13687e-13
1.83409e-13
0
1
0
1
0
1
1
1
5.19584e-14
1
0
1
1.66256e-14
1
4.28546e-14
1
0
1
0
1
3.40561e-14
1
1
0
1
8.70415e-14
1
0
1
5.57332e-14
1
0
1
9.70335e-14
1
1
1
1
1
9.53959e-14
0
1
1
0
1
1
1
0
0
0
1
0
3.77476e-14
1
0
1
1
1
1
0
1.10356e-13
1
1
1
1
0
1
1
2.84495e-14
0
7.68274e-14
0
0
1.15463e-14
1
0
1
1
1
1.33227e-14
1
1.42109e-14
1
0
1
1.89478e-14
1
1
0
1
1
1
1
1
0
0
0
1
1
1
1
2.07029e-13
1
1
1
1
1.41887e-13
1
1
1
1
1
0
2.19352e-13
1
1
1
1
0
9.448e-14
1.12133e-13
1
2.14606e-13
1
1
1
1
1
1
1
1.70641e-13
0
1
1
1
1
0
1
1
1.46549e-13
0
0
1.62925e-14
1
0
1
0
1
1
0
9.81437e-14
1
1.68754e-14
1
0
1
0
1.68754e-14
1
0
1
1
1
1
1
0
0
0
1
3.58602e-14
1
0
1
0
1
1
1
1
1
1
1
9.53959e-14
0
1
6.27831e-14
1
1
1
1
0
0
3.34843e-13
1
0
1
1
1
1
1
1
1
0
4.44089e-16
1
1
1
1
4.22717e-14
1
1
0
0
5.31797e-14
2.4869e-14
1
8.04718e-14
1
0
1
1
0
0
1
6.66134e-15
1
0
1
2.4869e-14
1
1
8.57092e-14
1
1
1
1
1
0
3.84137e-14
4.996e-15
1
7.21645e-15
1
1
1
2.76723e-14
1
1
1
5.98965e-14
1
1
1
1
0
6.00353e-14
1.11022e-16
1
1
1
2.51188e-14
1
0
0
0
0
1.42109e-14
1
0
1
6.14508e-14
1
1
0
0
1
1
1
1
4.21052e-14
1
1
0
1.54321e-14
2.65343e-14
1.25455e-14
0
0
1
0
1
1
0
5.72875e-14
1
2.93099e-14
1
0
1
0
1
1
0
1
1
1
1
1
0
0
0
1
1
1
0
0
5.76761e-14
1
1
1
1.46716e-13
1
0
0
3.15387e-13
1.22513e-13
1
5.15699e-14
1
1
1
1
7.27196e-14
1
2.40918e-13
1
1.6151e-13
0
1
1
1
1
0
1
1
0
1
1
1
1
0
1
1.02265e-13
1.09773e-14
0
0
0
1
1.56974e-13
1
9.73666e-14
1
1
1
5.90639e-14
1
1.09711e-14
1
0
1
0
1
1
0
1
1
1
5.40679e-14
1
0
0
0
1
1
0
0
1.40776e-13
1
1
1
1
1
1
1
1
1
0
1
0
1
2.25597e-13
1
1
0
0
8.65974e-15
1
0
1
1
1
1
5.55112e-17
0
1
0
0
1
1
1
1
0
1
1
2.04281e-14
1.7053e-13
0
0
1
0
1
2.28706e-14
1
2.28706e-14
1
6.82787e-15
1
0
1
0
1
0
1
0
1.51101e-13
1
1
1
0
1
1
0
1.04361e-14
0
1
1
1.04361e-14
0
1.27759e-13
1
1
1
9.53682e-14
1
0
1
8.06577e-14
1
0
1
0
0
1
3.88578e-14
0
0
0
1
2.04281e-14
6.09512e-14
1
1
1
0
1
1
1.82743e-13
0
1
1
1
1
0
1
1
0
4.9738e-14
0
0
1
0
1
8.64124e-14
1
1
1
1.90958e-14
1
7.28306e-14
1
5.37348e-14
1
0
1
0
9.98646e-14
1
1
1
1
1
0
1
1.34115e-13
1
1
1
6.4726e-14
1
0
1
1
1
0
1
1
0
1.05221e-13
1.02474e-13
1
1
0
3.53606e-13
1
1
1
8.31002e-14
0
2.53408e-14
1.0747e-13
4.42979e-14
1
3.7581e-14
1
0
1
1
0
0
1
1
1
1
1.79412e-13
1
0
0
0
0
0
1
0
1
1.03695e-13
1
1
1
2.62013e-14
1
0
1
6.61693e-14
1
0
1
1
1
0
1
1
1
1
0
1
1.80744e-13
1
1
1
6.62803e-14
1
4.26326e-14
1
1
1
1
0
1
1
1
0
1
1
1
1
1
1
0
0
0
1
0
1
1
2.72699e-14
1
1
1
1
0
1.74916e-13
1
1
1
1
1.05471e-14
1
1
0
0
1.56541e-14
0
1
1.11466e-13
1
0
1
1
0
1.2268e-14
1
0
1
0
1
0
2.98095e-14
4.08562e-14
0
1
1.4766e-14
0
1
0
3.33067e-16
1.25455e-14
0
1
7.9825e-14
1
0
1
1
1
0
1
2.10665e-13
1
1
0
0
1.02668e-13
1
3.61378e-14
1
1
1
2.93932e-14
0
0
0
1
0
1
1
1
1
1
0
1
8.72635e-14
0
1
1
1
1
4.79616e-14
1
1
2.14643e-15
1.55431e-15
0
1.6015e-14
1
1.46827e-14
1
0
1
1
1
0
1
1.17684e-13
1
0
1
0
1
1
1
1.531e-13
1
1
1
1
1
1
0
1
1
1
0
1
0
1
0
1
1
1
1
0
0
1
0
1
1
1
1
1
0
0
3.43725e-13
1
0
1
1
1
1
1
1
1
3.2141e-14
0
1
1
1
1
7.32557e-14
1
1
0
2.08722e-14
0
0
1
2.88658e-14
1
7.68274e-14
1
1
1
0
1
-3.70074e-17
1
0
1
0
1
1.34337e-14
0
1
1
1
1
1
1
5.9841e-14
5.52891e-14
1
1
1
0
2.05391e-13
1
1
1
1
2.09277e-14
1
1
1
6.29496e-14
1
1
1
1
1
4.2244e-14
5.20001e-14
1
0
3.09086e-13
1
0
0
1
1
1
1.06332e-13
1
1
2.94209e-14
7.54582e-14
1
1
1
1
0
1
1
8.99281e-15
0
6.06182e-14
0
1
2.88658e-14
1
0
1
1
1.29008e-13
3.60822e-14
1
0
1
0
1
7.2331e-14
1
1
8.54872e-14
1
1
1
1
0
0
1
8.28226e-14
3.10862e-15
1
9.88098e-15
3.55271e-15
0
0
1
1
0
3.79002e-14
1
1
0
0
0
1
1.47216e-13
1
1
1
1
2.7589e-14
0
3.15303e-14
1
0
1
1
1
1
0
1
1
2.76446e-14
0
1
1
1
1
0
1
5.42622e-14
4.44089e-15
0
4.28824e-15
1.49464e-14
1
0
1
6.25426e-14
1
1
1
1.42553e-13
1
0
1
0
1
3.86358e-14
1
1
1.90736e-13
1
1
1
1
1
2.70894e-14
1.60982e-14
7.19239e-14
1
1
1
1.77636e-15
1
1
1
0
1
2.10831e-13
1
2.78111e-14
1
1
0
1
0
1
1
1
1
0
0
0
0
0
1
1.66533e-14
1
1
8.96505e-15
0
1
3.9968e-15
0
1
1
1
1
0
1
1
3.30846e-14
1.55431e-15
0
1.06581e-14
1
0
1
0
1
1
1
9.38138e-15
1
0
1
0
1
0
1
0
0
1
1
0
1
1
1
0
0
2.01783e-14
2.93376e-14
3.54161e-14
0
2.05391e-13
1
1
1
1
1
0
1
1
6.29496e-14
1
1
1
4.37983e-14
1
1
1
3.86913e-14
0
7.23865e-14
0
0
0
1
2.81719e-15
1
1
1
1
0
7.54582e-14
1
1
1
1
0
1
1
8.99281e-15
0
0
0
1.25844e-13
2.88658e-14
1
0
1
1
0
4.44089e-14
1
1.33874e-14
1
0
1
0
1
1
0
1
1
1
1
0
0
5.9841e-14
5.52891e-14
1
1.06332e-13
1
1
1
4.26326e-14
1
1
1
1
1
1
1
1
1
1
1
1
1
1
1
1
0
2.38476e-13
1
0
1
1
1
1
1
1
1
2.22045e-15
7.54582e-14
1
1
1
1
0
1
1
0
1.9984e-14
0
0
1
7.67164e-14
1
1.12188e-13
1
1
1
4.44089e-14
1
0
1
8.59313e-14
1
0
1
1
0
1
1
1
1
0
4.4853e-14
1.44829e-13
9.65894e-14
1
1
1
3.76366e-14
1
0
1
1
0
1
1
1
0
4.45644e-13
1
1
1
1
1
1
1
0
1
1.46105e-13
1
0
1
1
1
0
1
1.74166e-14
1
0
0
1
1
1
1
0
1
0
0
0
7.90479e-14
0
1
3.31957e-14
1
0
1
1
0
1.56819e-14
1
1.37224e-13
1
0
1
1.06581e-14
1
1
0
1
1
1
7.54119e-14
1
1.65146e-14
0
0
1
1
0
4.63518e-14
7.79377e-14
1
1
1
1
1
1
1
1
9.53959e-14
1
0
1
4.37983e-14
1
1
1
2.8727e-14
0
0
7.51899e-14
0
1
1
1
0
1
1
1
0
1.07396e-13
1
1
1
1
0
1
1
1.21986e-14
4.09256e-14
3.70074e-17
3.62765e-14
1
0
1
9.32587e-15
1
1
0
5.77316e-15
1
1.11022e-13
1
7.99361e-15
1
5.86198e-14
1
1
0
1
1
1
1
1
0
0
0
1
1
1
0
0
0
1
1
1
0
0
3.71925e-14
0
0
0
1
4.50973e-13
1
1
1
1
1
1.13687e-13
0
0
1.61204e-13
1
1
1
1
1
1
1
1.24734e-13
0
1
1
1
1
1.42109e-14
1
1
1.30174e-14
0
0
1.01252e-13
1
4.01762e-14
1
0
1
0
1
0
1
0
1
0
1
6.66134e-14
1
1
1
0
1
1
1
1.08663e-14
6.66134e-16
1
0
4.02178e-14
1
1
0
0
9.65061e-14
1
1
1
3.92186e-14
3.62627e-14
0
0
1
1
1
1
1
1
1
1
0
1
0
1
1.07025e-13
0
1
0
1
0
3.01842e-14
1
1
6.66134e-14
1
1
1
1
4.17444e-14
1
1
0
0
4.51028e-15
0
1
8.61533e-14
1
8.65974e-15
1
0
1
0
1
0
1
0
1
0
1
1
1
5.65104e-14
1
0
1
1
1.88294e-13
1
2.79776e-14
1
0
1
1.33227e-14
1
1
0
1
1
1
0
1
3.42504e-14
2.77833e-14
1
1
1
0
5.57887e-14
1
1
0
0
3.17524e-14
1
0
0
1
7.25808e-14
1
1
1
1
0
0
1
1
1
1
2.30926e-14
1
1
0
6.23945e-14
3.06422e-14
0
1
0
1
7.99361e-14
1
1
1
6.041e-14
1
0
1
0
1
0
1
1
7.37743e-14
1
1
1
1
1
1.045e-14
1
6.39488e-14
1
0
7.66054e-15
0
1.16018e-14
1
2.62901e-13
4.92939e-14
0
1
2.63678e-15
1
1
2.81442e-14
1
1
3.21965e-14
3.19744e-14
1
1
1
1
1.34337e-14
0
1
0
8.43769e-15
1
1
1
1
0
1
0
0
1
1
1
1
1.81188e-13
1
0
0
0
1.02141e-14
2.41196e-14
1
8.52096e-15
1
7.16094e-14
1
1
1
3.70814e-14
1
0
1
0
1
0
1
1
1
7.38298e-14
0
3.9746e-14
1
1
0
0
0
0
1
1
0
1
1
1
1
1
0
1
1
1.89293e-13
2.10637e-13
2.05169e-13
1
2.81553e-13
0
0
1
3.40838e-14
1
0
0
3.08087e-15
0
1
1
1
1
0
1
1
0
0
1
1
1
1
0
1
1
2.3162e-14
0
0
0
0
2.70894e-14
1
3.29181e-14
1
1
1
0
1
0
1
0
1
-2.77556e-17
0
1
1
0
1
1
1
0
1
1
8.26006e-14
1
0
1
8.99281e-15
2.40363e-13
1
1
1
1
0
1
1
6.8473e-14
1.05332e-13
1.02474e-13
1
1.33088e-13
0
1
1
1
0
8.31002e-14
0
1
1.0747e-13
1
1
1
0
1
1.57929e-14
1
0
3.81177e-15
1
1
1
1
0
1
1
0
0
0
1.44329e-14
1
0
1
1.90773e-13
1
1
1
0
1
5.4956e-15
1
0
1
0
1
1
1
0
1
1
1
1
1.01252e-13
1
1.803e-13
1
0
1
6.62803e-14
7.79377e-14
0
1
1
1
1
1
1
1
1
0
1
1
0
1
1.79301e-14
0
1
0
0
1
0
1
1
1
1
0
5.47062e-14
1
0
1.74916e-13
1
1
1
1
6.12704e-14
1
1
0
0
0
6.35603e-14
1
1.00059e-14
1
0
1
1
1
3.33067e-14
1
0
1
7.36078e-14
1
3.37785e-14
1
1
0
1
1
1
1
1
6.66134e-14
0
0
1
0
1
1
1
0
1
1
0
1
1
1
1
1
0
1
1
0
7.14984e-14
1
1
4.9738e-14
0
0
1
0
0
1
1
8.27116e-15
1
0
1
1.60483e-13
0
1
1
1
1
0
1
1
1.9762e-14
0
0
1.6126e-14
1
1.86517e-13
1
0
1
1
1
5.9952e-14
1
0
1
0
1
5.77316e-15
1
1
0
1
0
1
1
1
0
1
0
3.15581e-14
1
1
0
2.0528e-13
1
1
0
1
0
1
1
1
1
1
2.22045e-14
1
0
1
1
1
3.55271e-14
0
1.34115e-13
1
0
1
1
1
1
0
1
1
3.20854e-14
7.54582e-14
1
1
1
1
6.43097e-14
1
1
6.97636e-14
6.4837e-14
3.50553e-14
4.49085e-14
1
1.2379e-13
1
0
1
1
1
4.44089e-14
1
8.87068e-14
1
0
1
0
1
1
1.59206e-13
1
1
1
1
1
0
1
1.14575e-13
1
1
1
4.44089e-14
1
1
1
0
1
1
1
1
0
2.09277e-14
8.27671e-14
1
1
1
1
1
1
0
0
1.37002e-13
1
0
1
1
1
1
1
1
1
3.2141e-14
1.11744e-13
1
1
1
1
1.36835e-14
1
1
9.41192e-14
0
0
0
1.31894e-13
1.80966e-14
1
0
1
1
1
0
1
0
1
0
1
1.74027e-14
1
1
8.54872e-14
1
1
0
1
1
1.00808e-13
1
0
1
1
1
1.59872e-14
1
0
1
0
1
4.90247e-13
0
1
0
1.5582e-13
1
1
1
1
1
1
1
0
0
6.95e-14
1
0
0
1
0
1
1
1
1
2.76446e-14
0
1
1
1
1
0
1
1
5.19307e-14
0
0
0
1
3.64153e-14
1
0
1
1
0
0
1
9.21485e-15
1
0
1
0
1
1
0
1
1
1
1
2.45082e-14
2.77556e-17
0
0
1
1
1
0
0
0
1
0
1
2.10665e-13
1
1
1
0
0
0
1
1
1
1
2.93932e-14
0
0
0
1
0
1
0
1
1
1.53766e-14
1
1
8.72635e-14
2.06446e-13
1
1
1
1
4.79616e-14
1
1
0
7.74381e-15
0
0
1
0
1
0
1
1
1
0
1
0
1
0
1
0
1
1
0
1
1
1
0
7.23172e-14
1
1
3.86358e-14
1
2.93932e-14
0
3.86358e-14
1.19738e-13
1
1
0
1
1
0
1
0
0
1
0
1
1
1
1
8.18789e-16
0
0
1.37002e-13
1
0
1
1
0
1
0
1
1
3.2141e-14
0
1
1
1
1
0
1
1
0
1.4988e-14
0
9.33513e-15
1.31894e-13
2.88658e-14
1
0
1
1
1
0
1
-3.70074e-17
1
0
1
4.88498e-15
1
1.34337e-14
9.54792e-15
1
1
1
1
1
1
1.76525e-14
3.45279e-14
1
1
1
1
1
4.26326e-14
1
1
1
2.09277e-14
1
1
1
1
1
1
1
4.37983e-14
1
1
1
0
0
1.34115e-13
1
0
0
1
1
1
1
1
1
1.77636e-15
7.54582e-14
1
1
1
1
5.93414e-14
1
1
0
0
6.06182e-14
0
1
0
1
9.37583e-14
1
1
0
4.44089e-14
1
0
1
6.06182e-14
1
0
1
1
0
1
1
0
1
1
0
1.04305e-13
7.79377e-14
1
0
1
2.67564e-14
2.07195e-14
0
1
1
1
3.79002e-14
1
1
0
1
1
1
1
1
1
0
1
1
0
6.92779e-14
0
0
0
1
1
1
0
1
1
0
0
1
1
1
1
0
1
1
9.49241e-15
0
0
1.49464e-14
1
4.48114e-14
1
0
1
1
1
1.42553e-13
1
1.55431e-15
1
1.18794e-13
1
3.86358e-14
1
1
1.90736e-13
1
7.47458e-14
1
1
1
2.70894e-14
0
0
1
1
1
1.77636e-15
1.54432e-13
1
1
1
1
1
0
1
1
1.5829e-13
0
1
1
0
1
1
0
1
0
0
1
0
1
1
1
1
1
1
1
0
2.03226e-13
1
1
1
1
6.13259e-14
1
1
1.21986e-14
4.09256e-14
0
0
1.09912e-14
7.00551e-14
1
9.62193e-15
1
1
1
0
1
6.57252e-14
1
0
1
0
1
1
1
1.46105e-13
1
1
1
1
8.54317e-14
2.60902e-13
0
1
1
1
0
0
0
1
1
0
4.37594e-13
1
0
0
3.06088e-13
1.19238e-13
1
1.35114e-13
1
1
1
1
1
1.34448e-13
0
1
8.58202e-14
1
1
1
1
0
1
1
4.07452e-14
0
1
1
1
1
0
1
1
2.62013e-14
0
0
2.56323e-14
1
0
1
0
1
1
1
0
1
0
1
1.86517e-14
1
2.1344e-14
1
1
1
0
1
1
6.66134e-15
1
1
9.41469e-14
3.21965e-14
1
1
2.94209e-15
3.19744e-14
1
0
1
1
1
0
1
1
1
0
4.19664e-14
5.07649e-14
0
1
1
0
1
2.22045e-16
1
0
1
0
0
1
1
0
1
0
1
1
0
1
1
1
1
3.9968e-15
1
0
2.22045e-15
0
0
0
1
0
1
1.99341e-13
1
1
1
0
1
0
1
1.9984e-14
1
0
1
1
1
8.9595e-14
1
1
1
3.5319e-14
1.5099e-14
1
0
1
1
1
0
1
1
0
1
1
1
0
1
0
9.85045e-14
1
1
1
1.11161e-13
2.46358e-13
1
1
0
0
2.34479e-13
1
0
0
1
7.25808e-14
1
1.27121e-14
0
1
4.55191e-15
1.36613e-13
1
1
1
1
0
1
1
2.16308e-14
5.28882e-14
0
0
1
8.92619e-14
1
1.26565e-14
1
1
0
0
1
5.46924e-14
1
4.82114e-14
1
0
1
1
1.73861e-13
1
1
1
1
4.93772e-14
1.04777e-14
1
0
0
1
0
1
1.0339e-13
1
1
1
1
1
1
0
1
1
1
0
1
1
0
1
1
2.06473e-15
0
0
1
0
1
0
0
1
1
1
1
9.23706e-14
0
1
1
1
1
0
1
1
0
0
0
0
1
0
1
0
1
1
1
5.14033e-14
1
0
1
0
1
0
1
1
1
2.22045e-14
1
1
1
1
0
1
0
1
1
1.63897e-14
0
1.04639e-13
1
1
1
1
1
0
1
1
6.00076e-14
1
4.57967e-13
4.17999e-14
5.55112e-17
1
1
1
0
1.61537e-13
3.34843e-13
1
8.90399e-14
1
0
1
1
7.77156e-15
1
1
0
0
1
1
1
1
0
1
1
0
0
2.65343e-14
0
1
4.04121e-14
1
5.39568e-14
1
1
0
7.10543e-15
1
0
1
0
1
1.25455e-14
1
1
8.57092e-14
1
1
1
1
1
0
0
0
1
3.4861e-14
1
1
0
2.76723e-14
1
1.77913e-14
1
9.4702e-14
0
1
1
1
1
1.66617e-13
6.26721e-14
2.74503e-14
1
1
1
1
0
2.30038e-13
0
0
0
1
0
1.14908e-14
0
5.15699e-14
1
0
2.86438e-14
1
1
1
1
0
1
1
6.56974e-14
0
0
0
1
0
1
1.84297e-14
1
1
1
1.53211e-14
1
7.4607e-14
1
0
1
9.99201e-15
1
1
8.57092e-14
1
1
1
1.28786e-14
1
6.61693e-14
0
0
1
1
1
1
0
5.75928e-14
1
1
0
3.16192e-13
1
0
0
3.15289e-13
1
1
0
1
1
1
1
0
4.64073e-14
6.77791e-14
1
1.44551e-13
1
1
8.71525e-15
1
0
0
1
0
9.51461e-14
1
1
1
1
0
1
1
3.30708e-14
0
4.09117e-14
0
1.09746e-13
0
1
0
1
1
1
1.64313e-14
1
0
1
0
1
0
2.78666e-14
1
1
5.65104e-14
1
0
1
1
0
6.03406e-14
8.54872e-14
0
0
1
5.73985e-14
4.17999e-14
1
1
1.58318e-13
1
9.4702e-14
0
1
0
1
5.54001e-14
1.09357e-13
1
4.16334e-15
1
1
1
1
0
0
1
0
1
1
1
0
1
1
1
0
1.48936e-13
1
1
1
1
1.61648e-13
1
1
2.84495e-14
3.68594e-14
7.99361e-15
0
1
0
1
0
1
1
1
4.9738e-14
1
0
1
0
1
0
0
1
1.12577e-13
1
1
1
1
1
1.06581e-14
0
0
1
1
1
2.06501e-14
1
0
1
1.39444e-13
1
8.13793e-14
8.79019e-14
1
0
1
1
1
1
0
1
1
1
0
1
0
1
0
1
1
0
1
1
0
1
1
0
1
1
1
1
1.08802e-14
1
1
2.82413e-14
0
0
0
1
0
1
4.71845e-14
1
1
1
0
1
0
1
0
1
0
1
1
1
5.28466e-14
1
1
1
1
0
1.90625e-13
1.21236e-13
1
0
1.84019e-14
3.90799e-14
0
1
1
1
1
1
0
1
1
3.34732e-14
1.64591e-14
5.91971e-13
7.67719e-14
1
1
1
1
3.61933e-14
0
0
1
0
1
1
1
9.95315e-14
1
1
1
0
1.20404e-13
1
1
1
1
0
1
4.65877e-14
1.10578e-13
0
1.62093e-14
7.60503e-14
1
0
1
1.31894e-13
1
1
9.67282e-14
8.26561e-14
1
0
1
0
1
1.74444e-14
1
1
3.04201e-14
1
1
1
1
1
1.77913e-14
0
2.36848e-15
0
1
6.09929e-14
8.65974e-15
1
1
1
1
1.12854e-13
1
1
1
1
1.29674e-13
3.19189e-14
6.65246e-13
0
1
1
1
1
1
1
0
0
0
1
0
1
1
5.55112e-17
6.93612e-14
1
1
0
1
1
1
1
0
1
1
6.88338e-15
0
0
0
1
4.26326e-14
1
0
1
1
1.83187e-14
5.19584e-14
1
1.01252e-13
1
0
1
4.46032e-14
1
1
5.37348e-14
1
4.31322e-14
1
1
1.3739e-14
2.08722e-14
1
0
1
0
1
1
2.39475e-13
8.52651e-14
1
1
2.42306e-13
1
1
0
2.84939e-13
0
1
1
1
1
0
1
1
0
0
2.43805e-13
1
2.9791e-14
1
1
1
0
1
1
1
3.80806e-14
1.70974e-14
1
1
1
1
0
1
0
0
1.35891e-13
0
0
1
7.54119e-14
1
1.74675e-14
1
1
1
0
1
0
1
0
1
0
0
1
2.81997e-14
1
1
1
1
1
0
0
0
1
1
0
0
1
0
1
1
1
0
2.37838e-13
1
1
0
0
1.69864e-13
1
1
1
1
1
0
0
1.06581e-14
1
0
7.55507e-14
1
1
0
0
1
1
0
1.02696e-13
1
1
1
1
0
1
1
0
0
3.31124e-14
0
1
0
1
3.59712e-14
1
1
0
0
1
0
1
2.45359e-14
1
0
0
0
9.81437e-14
1
0
1
1
6.07847e-15
0
5.10703e-15
0
0
1
1
2.46414e-13
1
2.36394e-13
1
1
1
1
0
1
0
5.92304e-14
0
1.57578e-13
1.50435e-14
0
1
1
1
0
2.36144e-13
8.14904e-14
1
3.2907e-13
1
1
0
4.43534e-14
1
5.8703e-14
1
2.15883e-13
0
1
1
1
1
1.9007e-13
1
1
5.35127e-14
0
3.30153e-14
1.02141e-14
1
0
1
2.19491e-13
1
1
0
1.33227e-15
1
0
1
2.45359e-14
1
0
1
1
1.11244e-13
1
1
1
1
1
0
1
0
1
2.44249e-15
1
9.40359e-14
0
1
1
1
0
1
1
1
1
1
1
0
9.69502e-14
1
1
1
1
1
0
0
1
0
0
0
0
1
0
1
1
1.98175e-13
0
1
1
1
1
1.30451e-15
1
1
0
2.95319e-14
4.32987e-15
0
1
0
1
2.5091e-14
1
1
0
1.74027e-14
1
7.36911e-14
1
2.17881e-14
1
0
1
0
0
1
1
1
1
1
1
1.11022e-15
2.22045e-16
0
3.78586e-14
7.81875e-14
1
0
0
1
1
1
1
0
1
1
4.1056e-13
0
0
1
0
1
1
1
7.36772e-14
1
0
1
7.12486e-14
1
1
1
1
1
0
1
0
2.90878e-14
1
1
1
1
4.62593e-18
1
1
0
0
7.06102e-14
0
1
9.10383e-15
1
1.21051e-13
1
1
0
4.40759e-14
1
9.68114e-14
1
0
1
0
1
0
1.12577e-13
1
1
1
1
1
1
1
0
1
1
1
1.18794e-13
2.30399e-13
1
1
1
0
1
1
1
1
0
1
0
1
1
1
0
0
1
1
0
0
0
1
0
1
1
6.66134e-15
1
1
5.9952e-15
0
1
1
1
1
5.55112e-17
1
1
0
5.55112e-15
0
1.62093e-14
1
3.38618e-14
1
2.10942e-14
1
1
1
0
1
0
1
0
1
0
1
1
1.98508e-13
1
1
1
1
1
1.37668e-13
1.88738e-14
0
1
1
1
0
2.30399e-13
1
1
1
1.41137e-13
1
1
1
0
0
1
1
0
3.58047e-15
1
1
1
7.02216e-15
1
0
1
7.61058e-14
1
1
1
1
1
1
1
1
0
1
1
1
1
0
1
1
2.21073e-14
0
3.70074e-17
0
1
0
1
2.56017e-13
1
1
0
8.21287e-14
1
3.51663e-14
1
2.02477e-14
1
0
1
0
1.44329e-13
1
1
1
1
1
1
1
0
1
1
1
1
1
1
1
1
0
9.82547e-14
0
0
0
1
1
1
1.84297e-14
0
1
0
1
0
0
0
1
0
1
1
1
1.07692e-13
1
0
1
0
0
1
1
1
1
0
1
1
1.11022e-13
0
0
0
1
0
1
4.62963e-14
1
1
1
0
1
0
1
5.57332e-14
1
0
1
1
0
1
1
0
0
1
1.33227e-14
0
0
1
6.35325e-14
6.46982e-14
2.05447e-13
1
1
6.11733e-14
1.73195e-13
0
1.44884e-14
1
1
5.73985e-14
0
1
0
1.08358e-13
1
1.03251e-13
0
0
0
0
0
4.27436e-14
1
1
3.66374e-14
1
1.82965e-13
1
0
0
7.40149e-16
0
1.02363e-13
1
1.68643e-13
1
1.2168e-13
1
7.39409e-14
0
1
9.85878e-14
1
1.02585e-13
1
1
3.33067e-14
0
6.92779e-14
1
4.62963e-14
1
1
8.72635e-14
0
1
1
2.11831e-13
0
1
1
1
0
1
1
5.83145e-14
1
8.43769e-15
2.20934e-14
1
1
1
0
0
0
1
3.65263e-14
1.60982e-14
0
1
6.51701e-14
0
1.39888e-14
0
1.52878e-13
1
1
0
0
1
0
0
1.88738e-14
1.33893e-13
0
1
1
1.4222e-13
2.94209e-14
1
6.60583e-14
1
1
0
0
1
0
1
1.8426e-13
1
2.94209e-14
1
1
1.57541e-13
2.94209e-14
1
1
0
1
0
4.06342e-14
1
1
1
1
9.21485e-14
0
0
1
8.54872e-15
1.79819e-13
1
2.93099e-14
0
4.348e-13
1
8.35998e-14
1
0
1
0
1
3.85803e-14
0
0
1
5.9841e-14
0
6.99441e-14
0
1.52878e-13
1
1
0
0
1
0
0
0
1.34115e-13
2.94209e-14
1
0
1.00031e-13
0
1
8.50431e-14
1
0
1
1
0
1.63425e-13
1
0
0
1.88738e-14
1
0
1
1
1.34115e-13
2.94209e-14
1
1
1
1
1
2.09444e-13
1
0
1
1.43219e-13
1
0
1
1.94511e-13
0
2.35867e-13
0
1.20274e-14
1
0
0
0
1
0
0
0
2.11831e-13
0
1
1
2.30038e-13
5.61773e-14
1
1
1
2.22045e-16
1
0
1
0
0
1.00475e-13
1
1
0
3.38618e-14
1
0
1
1
0
0
1
1
1.08802e-14
1.84686e-13
1
1
8.17124e-14
0
1
0
0
0
1
1
7.12208e-14
0
0
1
0
0
1
5.88973e-14
0
1
0
5.82867e-15
4.90441e-14
0
1
0
1.73472e-15
0
4.17444e-14
1
1
1
0
0
0
1.4988e-15
0
1
3.46667e-14
1
1
1
1
7.10543e-15
1
0
1
1
0
1
1
1
0
4.97935e-14
1
0
1
1
1
1
1
1
1
7.35523e-16
3.47777e-14
1
1
1
1
1
1
1
0
5.55112e-17
0
1
2.22045e-16
1
1
1
1
0
1
1
0
1
1
1
0
1
1
6.15896e-14
1.73611e-14
1.73611e-14
0
1
1
0
1
1
1
0
1
1
3.02536e-14
1
1
1
0
0
4.11893e-14
0
1
1
1
5.96745e-14
0
1
0
4.69624e-14
1
1
1
1.30451e-14
1
1
1
1
4.7351e-14
0
4.54081e-14
0
1
1
1
2.60625e-14
4.2466e-14
2.32037e-14
1
5.98688e-14
4.95715e-14
1
4.58106e-14
1
1
1
1
1
1
1
0
1
4.3382e-14
0
1
1
1
0
4.54081e-14
0
1
1
1
1
0
4.14113e-14
1
2.51188e-14
0
1
4.95992e-14
1
0
1
3.23908e-14
1
1
1
0
1
1
1
1
1
0
2.11942e-13
1
0
0
1
0
1
1
0
1.02418e-13
1
1
0
2.35922e-14
1
1
1
1
1
8.34148e-14
1
0
3.50979e-13
1
0
5.71765e-15
1
1
3.15969e-13
1
1
2.33147e-14
1
1
1
1
1
3.11418e-14
1
1
0
1
1
1
1.59733e-14
1
0
0
1
1
1
1
1
0
0
5.98688e-14
1
1
1
0
0
1
2.54241e-14
1
1
2.54241e-14
1
5.55112e-17
1
1
2.55074e-14
1
0
6.37823e-14
5.10703e-14
0
1
1
1
1
1
0
1
1
0
1
1
1
0
1
0
1
2.59237e-14
0
0
1
1
1
0
1
2.60625e-14
0
2.61458e-14
1
5.16531e-14
6.33105e-14
1
1
1
9.5618e-14
1
0
0
1
1
1
1
0
0
1
1
1
0
1
1
1
5.9841e-14
2.77556e-17
1.33782e-14
9.76996e-15
1
1
6.13676e-14
0
1
1
3.08642e-14
1
1
1
2.01644e-14
1
1
0
5.40124e-14
1.38778e-17
1
0
1
1
5.41789e-14
1
8.51171e-15
2.30926e-14
1
1
0
8.91787e-14
0
0
3.76088e-15
0
1
1
2.74503e-14
1
1.84297e-14
1.37668e-14
2.74919e-14
1
0
0
2.7478e-14
0
1
1
4.84612e-14
1
6.93889e-15
0
0
1.03945e-13
0
1
1
1
1
1.40027e-14
1
6.95e-14
1
1
1
1
1
0
1
0
1
1
2.49245e-14
1
1
1
1
1
1
1
1
5.68989e-14
1
1
1
1
1.16213e-13
1
1
1
3.58047e-14
1
1
1
1
1.71344e-14
0
6.05072e-15
1
2.88658e-14
1
1
5.06123e-14
1.32838e-13
1
1
1
1
1.01447e-14
1
1
1
1
0
0
0
0
0
0
1
3.72942e-14
1
0
1
1
2.96013e-14
0
1
0
1
1
0
0
1
1
1
4.43812e-14
4.46865e-14
1
1
1
0
1
1
0
1
0
0
0
1
0
0
3.01981e-14
1
3.01981e-14
0
1
1
5.30131e-14
1
0
7.59393e-14
1
4.56024e-14
1
3.81639e-14
1
1.54321e-14
1
1
0
0
1
1
0
1
0
1
1
1
1
1
0
7.93393e-14
1
9.63118e-15
1
1
1
1
1
1
0
1
3.13638e-14
1
1
5.4956e-14
1
1
8.81933e-14
1
1
7.25947e-14
1.58623e-14
1
1
7.27335e-14
8.22675e-14
1
3.47222e-14
1
1
0
1
2.77556e-17
1
1
0
5.52891e-14
0
1
2.95597e-14
1
3.21965e-14
1
1.11022e-15
1.73472e-14
4.85029e-14
0
1
0
1
1
0
1
1
0
2.30926e-14
0
9.80327e-14
1
5.55112e-17
1
2.18714e-14
0
1
4.93494e-14
0
1
0
1
6.61138e-14
1
1
5.79953e-14
1
1
2.77556e-17
1
1
1
0
0
1
0
2.50633e-14
1
1
1
0
2.51049e-14
1.34726e-13
2.02949e-13
0
1
3.42726e-13
0
2.21212e-14
1
1
1
3.40283e-14
1
1
1
6.10623e-16
1
1
1
1
0
1
6.85008e-14
2.65343e-14
1
1
1
0
1
1.06137e-13
0
1
3.49498e-13
2.33424e-14
1
1
6.8251e-14
1
1.15463e-14
2.50078e-14
1.87489e-14
1
2.77556e-17
1
0
0
1
6.91669e-14
1
1
0
1.91097e-14
1
2.54519e-14
1
1
1
0
1
1
1.93318e-14
0
3.2252e-14
0
0
0
1
1
2.60209e-14
1.92762e-14
1
1.15463e-14
1
1
4.60743e-14
1
1
1
0
2.64233e-14
2.65066e-14
1
3.99125e-14
1
0
0
0
1
0
3.33992e-14
0
0
2.70062e-14
1.26565e-14
5.42899e-14
9.4369e-15
1
0
1
0
0
0
1.37251e-14
1
6.90142e-14
1
7.96585e-14
1.37668e-14
5.19723e-14
1
2.77556e-14
1
2.78944e-14
1
0
4.91412e-14
4.68514e-14
0
1
2.77556e-17
1
2.84217e-14
1
8.54039e-14
1
1
1
0
4.17999e-14
1
1
1
2.77556e-17
8.07965e-14
0
0
0
0
0
1
1
2.92544e-14
2.94209e-14
5.8703e-14
1
0
0
0
0
1
4.996e-15
0
1
0
1
0
0
1
5.55112e-17
1
1
0
0
1
1
1
3.06977e-14
3.06699e-14
0
0
0
0
2.19824e-14
0
1
0
1
3.11695e-14
1
1
0
1
1
6.31162e-14
0
1
1
1
0
1
1
0
6.67799e-14
0
3.4639e-14
3.21965e-14
1
1
1
1.31978e-13
9.76719e-14
1
6.66134e-15
4.92106e-14
2.45914e-14
1
1
1.64868e-14
8.80407e-14
7.45654e-14
1
2.77556e-17
1
6.31902e-15
1
1
1
0
1
1
2.32397e-13
1
4.43534e-14
7.54397e-13
3.39728e-14
1
3.05311e-16
3.40561e-14
0
5.69544e-14
1.03084e-13
0
1
2.77556e-17
1
1
1
0
1
1
1
0
3.1114e-14
1
1
1
1.59733e-14
1
0
1
1
1
1
1
0
1
1
1
0
0
1
1
3.21965e-14
1
4.32987e-15
2.77556e-17
1
0
1
1
1
1
1
1
0
1
4.21885e-15
1
1
1
0
5.55112e-16
1
1
1
1
1.34337e-14
1
1
1
0
1
1
1
1
1
0
1
1
0
1
1
1
4.61853e-14
1
1
1
1
1
0
1
1
1
1
2.77556e-14
1
1
0
6.68909e-15
0
1
1
1
0
1
1
1
1
1
1
1
0
3.56382e-14
1
1
1
1
1
1
1
2.30926e-14
1
1
9.76996e-15
1
0
1
1
1
1
1
3.68872e-14
1.15463e-14
1
1
1
1
0
1
0
1
1
1
1
0
1
1
1
1
1
1
1
1
1.02141e-14
1
1
0
1
8.29614e-14
1
1
1
1
1
1
1
1
0
1
0
1
1
1
1
1
1
1
1
1
1
1
0
1.11022e-15
0
1
1
1
0
1
1
1
1
0
5.55112e-15
1
1
4.13836e-14
0
1
0
1
1
0
1
1
1
1
0
1
0
1
0
1
1
1
1
1
1
0
3.49609e-13
0
0
7.60503e-14
0
1
1
0
1
0
1
0
1
1
1
1.66533e-15
1
0
1
0
1
1
1
1
1
1
1
5.57887e-15
1
0
1
1
1
1
9.10383e-15
9.99201e-16
1
1.27121e-14
1
1
1
1
1
1.45717e-15
1
8.96505e-15
2.33147e-15
1
1
1
0
1
1
7.35523e-16
1.97065e-15
1
1
1
0
1
2.33147e-15
1
1
0
1
1
1
1
1
1.37668e-14
1
1
1
0
1
1
0
0
0
2.22045e-16
1
1
5.9952e-15
0
6.4948e-15
3.27516e-15
0
3.01148e-15
1
7.77156e-15
1
1
0
1
0
0
1
7.25808e-15
1
1
1
0
1
1
1
1
1
1
8.88178e-16
1
0
1
0
0
1
0
6.10623e-15
1
1
1
1
0
9.21485e-15
4.66294e-15
1
1
0
3.63598e-15
1
1
1
0
1
0
0
1
1
0
1
1
1
0
0
1.1241e-14
1
1
1.55431e-15
0
1
2.22045e-15
0
0
0
1
0
1
1
0
1
1
1
1.11022e-15
1
1.27639e-13
1
0
1
1
1
1
1
0
0
1
1
1
1
0
0
1.41553e-15
0
3.21965e-15
1
1.77636e-15
1
0
0
0
0
1
1
0
1
1
0
1
1
0
0
1
1
2.77556e-17
1.55431e-15
1
1
1
9.30737e-15
2.08167e-15
0
3.37693e-15
2.498e-15
1.83187e-15
1
1
1
4.69069e-15
