1
1
1
0
1
1
1.21292e-14
1.17684e-14
1
1
0
5.68989e-15
1
1
1
1
1
0
1
3.67761e-15
0
3.19189e-15
1
1
1
0
1
1
1
1
1
0
2.44249e-15
1
1
0
1
1
0
0
1
1
1
1
0
1
1
1
3.33067e-15
2.73392e-15
0
1
1
3.64986e-15
1
1
0
1
1
1
1
1
1.4988e-15
0
0
1.99285e-14
1
1
1
0
1
1
0
0
1
0
0
0
0
1
0
0
1
1
1
1
0
1
1
1
0
1
0
1
1
3.01148e-15
1
1
1
0
1
1
1
0
1.62093e-14
0
4.996e-16
0
1.7486e-15
1
0
0
1.11022e-16
1
1
1
1
5.30131e-15
0
1
0
1
9.85323e-16
1
0
0
1
1
1
8.88178e-16
1.97065e-15
1
1
2.07889e-14
1
1
0
1
1
1
7.10543e-15
1
0
0
0
3.83027e-15
1
0
1
1
1
1
0
0
1.11577e-14
1
1
1
1
0
1
6.3699e-15
1
1
3.66374e-15
1
7.68829e-15
1
0
1
3.85803e-15
0
1
1
1
3.09752e-14
1
1
2.09555e-14
0
1
1
1
1
0
1
1
0
0
2.91434e-15
1
0
6.82787e-15
0
1
1.41553e-15
6.75848e-15
1
0
9.76996e-15
1
0
0
1
1
1.11022e-16
1
0
0
1
1
1
1
1
3.25665e-15
0
0
1
1
1
1
1
0
0
1
1.11022e-15
0
1
1.11022e-16
0
1
1
0
1
5.96745e-15
0
0
1
1
0
1
1
1
0
0
1
1
0
1
1
1
1
6.48093e-15
1
9.82547e-15
0
1
1.11022e-15
1
0
8.54872e-15
1
0
1
6.91114e-15
1
1
1
0
1
1
0
1
1
0
1
1
1
1
1
1
1
5.55112e-17
1
0
5.02376e-15
1
1.94289e-15
1
1
0
1
1
0
5.9952e-15
1
0
1
1
1
0
1
1
1
0
1
1
2.47025e-15
1
1
1
0
1
1
1
1
1
1
1
1
1
1
0
1
1
0
0
1
1
0
2.66454e-15
0
1
1
1
1
1
1
1
1
0
1
3.83027e-15
1.45439e-14
3.85803e-15
1
0
0
0
1.12549e-14
1.37945e-14
1
1
1.60427e-14
1
1
0
0
1
1
0
1.66533e-15
1
1
0
2.06779e-14
1
1
7.39686e-15
1
1
1
1
1.08802e-14
0
3.53884e-15
1
1
0
1
1
2.35645e-14
1
1
1
1
1
0
0
1
1
1
1
1
1.22125e-15
1
1
1
1
1
0
2.15938e-14
1
1
1
0
0
0
1
0
1
0
4.38538e-15
1
0
1
1
1
1
1
4.06619e-15
1
1
1.11022e-15
1
0
1
6.26166e-14
0
1
1.97065e-15
1
1
1
1
1
1.03251e-14
1
1
3.33067e-16
1
1
1
1
0
1
1
1
0
0
1
1
0
1
1
1
0
1
1
1
0
1
1
1.22125e-15
1
1
1
1
0
1
1
1.16296e-14
1
0
0
0
1
0
1
1
1
1.25455e-14
1
1
1
0
1
3.34732e-14
1
1
0
1
1
1
1
1
1
1
1
0
1
2.90878e-14
1
1.68199e-14
0
1
1
1
0
1
1
1
1
1
1
1
9.63674e-14
1
8.96505e-15
1
1
1
1
1
1
1
1
0
4.42701e-15
1
1
4.60743e-15
2.33147e-15
2.45637e-15
1
1
0
1
8.21287e-14
1
1
1
1
1
1
1
5.88418e-15
1.66533e-15
0
1
1
1
1
1
1
1
1
1
1
7.27196e-14
1
0
0
0
1
0
0
1
0
0
1
1
8.14626e-15
0
1
0
1.04361e-14
1
1
2.19269e-15
1
1
1
1
1
1
0
1
1
0
9.99201e-15
1
1
1
1
1
1.4988e-15
1
0
1
1
1
3.8719e-15
1
6.245e-15
1
1.91652e-14
1
6.2228e-14
0
0
0
6.15064e-14
4.85167e-14
2.98234e-14
0
0
5.58812e-15
1
1
1
1
1
1
0
1
1
3.89022e-13
0
1
1
1
1
1
0
0
1
1
3.80251e-15
1
1
1
1
1
1
0
1
1
1
0
0
3.02536e-15
1
0
1
1
1.07692e-14
1
4.88498e-15
1.19349e-15
1
1
2.91211e-13
1
0
1
2.44915e-13
2.73503e-13
1
0
0
1
1
1.88738e-15
1
1
0
3.21965e-15
0
1
1
6.21725e-15
1
0
1.03806e-14
1
1
1
2.22045e-16
1.13382e-14
1
1
1
1
9.85323e-15
7.13318e-15
1
1
0
1
0
0
1
1
0
2.41916e-13
0
1
0
1
1.34546e-13
1
1
1
0
1.94289e-15
1
0
1
1
1
1
6.12843e-14
7.79006e-15
1
1
0
1
1
1
1
0
1
1
1
1
1
1
1
1
0
0
1
1
1
1
1
1
1
1
0
1
1
5.21805e-15
1
3.40006e-15
1
1
1
1
1
0
0
1
7.49401e-15
1
1
1
6.32827e-15
1
1
0
1
1
1
1
1
1
3.4861e-14
1
1
1
1
1
1.4988e-15
1
1
1
0
0
1
1
1.16157e-14
5.2458e-15
1
4.66294e-15
1
1
1
0
2.55503e-13
0
1
0
1
0
0
1
1
1
1
1
0
1
1.23235e-14
1
1
0
8.02136e-15
0
5.52336e-15
0
1
1
0
1
2.80331e-15
1
0
1
1
1
1
1
1
0
1
1
1
1
1
1
1
0
1
1
1
8.9373e-15
1
1
1
1
1
1
1
1
0
0
1
2.30371e-14
0
1
1
1
2.30926e-14
1
1
1
1
1
1
1.46827e-14
0
3.91687e-13
1
3.32956e-13
3.71925e-15
1
4.44089e-15
1
1
0
1
1
9.99201e-15
1
1
1
1
0
1
1
1
6.81677e-14
0
0
0
0
0
1
1
1
1
1
1.57652e-14
0
1
1
1
0
0
1
0
3.65541e-14
1
1
1
1
0
1
1
1
1
1
1
1
1
1
1
1
5.06262e-14
1
1
0
1
0
1
1
7.32747e-14
1
4.2466e-15
0
1
1
1
1
0
2.35367e-14
1
1
6.38378e-15
0
1
1
0
1.38778e-14
1
1
0
0
1
9.85323e-15
1
1
1
1
1
1
1.46549e-14
1
1.9873e-14
1
1
0
5.27356e-16
1
6.66134e-16
1
1
0
1
1
1
1
1
1
1
1
1
1
1.87609e-13
0
1
4.34097e-14
1
3.23099e-13
1
4.03011e-14
2.80331e-14
0
1
0
0
1
0
0
4.88498e-15
1.69642e-13
1.28925e-14
0
4.08007e-15
0
1
1
0
1
1
1
1
1
1
1
0
1
1
7.63278e-15
0
1
1
1
2.43028e-13
1
1
0
1
1
1
1
1.42442e-13
1
1
1
4.02456e-14
1
0
0
1
3.88578e-15
1
1
1
5.55112e-17
1
1
0
1
1
0
1
0
1
7.77156e-15
2.22045e-15
1
0
1.33782e-14
1
1
1
0
1
1
1
7.27196e-15
0
0
0
0
0
1
1
1
0
2.50553e-14
1
0
1
2.88658e-15
3.33067e-15
3.97953e-14
1
0
2.00395e-14
0
1
1
1
1
1
0
1
1
0
1
1
0
1
1
6.95277e-15
1
1.46105e-13
0
1
1
1
0
1
1
1
1
1
1
3.10862e-15
1
0
2.96208e-13
1
1
0
0
0
1
1
7.07767e-16
1
1
1
1
1
1
1
1
1
1
3.00204e-13
1
2.42584e-13
1
0
0
0
1
2.51188e-15
1.75415e-14
1
1
0
0
1.55848e-14
1
0
1.79301e-14
0
0
0
0
1
0
0
1.88647e-13
1
1
0
7.43849e-15
1.69975e-13
0
0
1
8.43769e-15
0
1
6.80567e-14
0
1
0
1
5.55112e-15
1
1
1
1
1
1.26565e-14
0
1
0
0
7.14984e-14
1
1
0
1
1
1
6.74599e-14
1.06581e-14
2.69645e-14
1
0
1
2.10942e-15
1
1
1
1
0
1
0
1
5.15791e-14
0
1
0
1
1
1
1.77636e-15
0
4.77396e-15
1
1
0
1
0
0
0
1
1
0
0
4.68514e-14
0
1
1
1
0
0
1
1
0
1
0
0
0
1
1
0
7.99361e-15
1.88516e-13
0
1
0
0
1
1.68754e-14
1
0
1
9.05942e-14
0
4.7462e-15
6.4948e-15
1
1
0
1
6.02296e-15
1
1
1
2.42306e-14
1
1
1
0
0
0
1
1
0
1
0
1
2.62429e-14
0
1
0
1
1
1
1
0
0
7.01661e-14
1
1
1
1
1
1
7.43849e-15
1
1
6.10623e-15
0
0
1
1
2.62013e-13
1
1.90847e-13
1
0
1
1
1
1.40443e-14
0
1
1
1
2.66454e-15
1
1
5.41234e-15
2.43139e-14
1
0
1.3175e-13
0
1
0
1
0
1
0
0
0
0
0
0
1
1
4.41314e-15
1
0
1
1
0
1
1
0
1.66533e-15
1
1
1
1
0
1
0
1
0
0
1
1
1
1.74305e-14
1
1
1.65284e-14
5.837e-14
1.00475e-14
0
1
1.27398e-14
1
0
1
0
1
1
7.96863e-14
1.1241e-14
6.16035e-14
1
1
1
1
0
1
1
1
1
1
0
0
1
1
0
1
1
1
1
1
1
1.78191e-14
1
1
5.96745e-15
1
1
0
1
0
0
0
4.0194e-14
3.29736e-14
1
1
3.2405e-13
9.32587e-15
1
0
1
1
0
1
1
0
1
1
0
1
1
0
1
1.00753e-14
1
1
1.97065e-15
1
1
1
1
1
1
8.83738e-14
0
1
1
1
0
1
1.53766e-14
1.04777e-13
0
0
4.20775e-14
0
1
1
9.6867e-15
0
1
1
1
1.9118e-13
2.18325e-13
1
1.83187e-15
0
0
1
1
0
1
1
1
1
1
1
6.30607e-14
1
1
1.40721e-14
1
1
1
1
0
0
0
1
1
0
1
1
0
9.1982e-14
1
0
0
1.88247e-13
6.43929e-15
5.466e-14
1
3.11283e-13
1
3.4861e-14
1.18239e-14
0
1
5.4956e-14
1
0
1
0
1
1
0
3.02536e-15
1
1
1
1
0
1
1
0
1
1
1
3.0087e-14
5.60663e-15
3.58158e-13
6.25426e-15
1
1
0
3.23815e-16
3.55133e-14
4.53804e-13
1
1
1
5.55112e-16
1
0
1
1.81521e-14
1
1
1
1.7919e-13
2.08514e-13
1
8.32667e-16
1
0
5.10703e-15
1
1
1
1
1
1
1
1
1
8.63198e-15
0
1
1
0
1
1
1.25455e-14
0
0
1
0
1
1
1
1
3.40838e-14
1
0
1.07466e-13
0
1
0
0
4.34737e-13
1
1
3.44169e-15
3.67484e-14
0
0
0
1
0
0
1
0
1
0
1
1
1
1
1.07137e-14
1
0
1.88738e-15
1
3.10862e-15
1
1
1
0
1
0
1
0
1
1
1
6.10623e-16
7.57727e-15
2.60902e-15
1
1
1
1
1
1
0
0
0
1
0
1.52656e-15
1
0
1
1
1
1
1
5.85643e-15
8.99281e-15
1
1
0
1
1
1
0
1
1
1
1
1
0
0
1
1.66533e-14
0
1
1
5.38458e-15
1
0
3.88907e-13
0
1
1.30451e-15
1
6.17025e-13
8.69305e-14
0
1
1
1
1
0
1
1
4.84057e-14
0
7.64944e-14
0
8.42104e-14
1
1.3517e-14
0
1
1
1
1
6.10623e-16
1
1
0
1
1
1
0
0
1
0
1
1
1
3.29736e-14
1
1
1
1
1
1
1
1
6.55032e-15
0
8.38218e-15
0
0
1
1
0
1
2.60902e-15
1
0
1
2.32481e-13
1
0
0
1
0
0
1
0
1
0
1
1
1
0
0
4.54722e-13
0
1
1.9551e-13
1
3.14955e-13
1
1
1
7.46167e-14
9.49241e-15
1
0
1
1
1
0
0
1
0
0
1
1
1
0
1
1
1.94289e-16
0
1
1
2.4647e-14
2.78666e-14
1
1
1
0
1
2.44249e-15
1
2.30371e-15
1.49325e-14
1
1
1
1.30451e-15
0
1
2.02588e-13
1
1
2.23155e-14
0
1
1.13243e-14
1
0
1
1
0
1
6.81677e-14
1
1
4.55191e-15
0
1
1
1
1.26787e-13
1
3.99125e-14
1
0
1.77636e-15
1.09635e-14
1
1.45994e-13
0
2.50466e-13
8.26006e-14
1
1
4.86833e-14
2.36255e-13
1
0
2.83107e-14
3.05311e-14
1
1
0
0
1
1
0
0
1
5.22915e-14
1
4.59077e-14
1
1
1
1
1
1
1
1
1.05915e-13
4.63518e-15
2.62568e-14
0
0
0
5.55112e-17
2.1827e-13
3.54716e-14
1
1
1
1
1
1
1
1
1
1
0
1
2.2482e-15
0
1
1
1
1
0
1
1
9.6867e-15
1
1
1
1.33782e-14
1
1
1
1
0
0
0
0
0
1
2.16493e-15
1
1
0
0
0
0
1
1
2.69091e-13
1
1
1
0
0
1
1
1
3.19189e-15
1.04361e-14
1
0
1
1
1
5.10703e-15
1
0
1
0
1
1
0
1
0
1
0
0
1
1
3.89966e-14
1
0
5.04041e-14
0
1
1
1
1
1
1
0
0
1
1
1
1
1
1
1
1
0
0
1
1
0
0
1
1
0
1
1
1
1.93734e-14
1
0
1
2.20934e-14
1
1
1
1
0
2.84217e-14
4.79616e-14
0
0
0
0
6.02902e-14
0
1
1
2.70672e-13
1
1
1
0
0
1
1
0
0
1
1
2.55074e-14
0
1
4.52416e-15
1
1
0
1
0
1
1
1
1
2.55351e-15
9.99201e-15
0
1
1
1
1
1
1
1
0
0
1
1
1
0
1.77636e-14
1
1
0
1
1.73195e-14
1
0
1
1
0
1
1
1
2.58404e-14
0
0
1
1.05471e-15
0
1
0
0
1
1
1
1
4.2133e-14
0
2.71746e-14
0
1
0
3.9968e-13
1
1
1
0
0
0
1
1
1
4.44089e-15
1
0
1
1.4766e-14
2.28983e-14
3.15303e-14
1
1
1
1
1
0
7.88258e-15
1
0
0
0
2.79776e-14
3.38618e-14
6.80012e-15
5.27356e-15
0
0
1
9.21485e-15
1
1
1
1
1
1
2.64603e-15
0
1
1
1
0
4.2466e-15
0
1
2.29816e-14
1
0
5.66214e-15
1
1
2.22045e-15
1
4.30211e-15
2.99205e-14
1
0
2.91989e-14
0
0
1
1
1
1
1
1
1
0
0
0
0
1
3.9968e-14
3.21521e-13
1
5.66214e-15
4.36873e-14
0
0
1
1
3.8386e-14
1.88738e-15
1
1
0
1
1
7.53564e-15
1
2.70894e-14
0
1
5.56499e-15
1
0
1
1
5.4623e-13
1
1
1
1
0
2.83107e-15
0
0
1
1
0
1
1
1
1
5.34017e-14
5.68989e-15
5.24025e-14
1
0
1.04546e-15
1
1
0
1
1.57374e-14
1.63203e-14
1
1
0
1
1
1
1
1
1
0
1
0
1
1
0
1
1
0
1
1
1.66533e-14
7.99361e-15
0
1
6.9722e-14
1.77636e-14
0
1
1
1
5.29576e-14
4.57412e-14
1
0
1
1
4.7462e-15
0
1.88738e-14
0
0
1
1
4.60743e-15
1
0
1
1.11022e-14
1
1
1
0
1
0
3.73312e-15
1
7.77156e-16
1
1
4.11338e-14
6.7446e-15
0
1
3.94129e-15
1.72085e-14
1
5.10703e-15
1.17961e-15
1
1.90403e-13
3.02536e-15
1
1
1
0
1
1.78746e-14
0
1
0
1
1.53488e-14
0
0
1
2.05669e-14
0
1
0
1
0
1
2.498e-14
1
1
1
1
1
0
9.81437e-14
0
0
0
1
0
4.06157e-13
3.69704e-14
0
1.4988e-15
1
1
1
1
1
1
0
1
0
1
1
1
1
1.83187e-14
1
1
1
1
1
1
1
1.57652e-13
1
1
1
0
1
3.14563e-16
1.80855e-13
2.88103e-14
1
0
1
0
0
1
1
8.38218e-15
1
1
1
0
1
1
1.85407e-14
0
1
0
0
0
1
1
1
1
1
1
1.99563e-14
0
1
1
1
8.88178e-16
0
1
1
1
0
1
2.86438e-14
0
0
2.71746e-14
0
1
2.62568e-14
4.01457e-13
1
0
1
4.44089e-16
0
3.36398e-14
1
8.71525e-15
1
6.38378e-16
0
8.88178e-15
1
0
1
1
0
1
1
1
1
3.55271e-15
1
1
0
1
1
1
1.39333e-14
0
1
1
1
0
1.04916e-14
1.0783e-14
1
2.27873e-14
9.54792e-15
1
1
3.77476e-14
0
1.5718e-13
6.7002e-14
1
1
1.23651e-14
1
1
1.42109e-14
1
1
1.80134e-14
1
1
1.73195e-14
1
1
1
1
1
1.11022e-15
1
1
0
1
1
1
0
1
0
4.2133e-14
0
2.71746e-14
0
8.4821e-14
4.77396e-14
3.9968e-13
1
0
1
0
1
1
1
0
0
3.9968e-15
1
0
1
0
1
1
4.44089e-15
1
2.40918e-14
5.07927e-15
9.76996e-15
1
0
1
1
1
3.56382e-14
1
1
1
1
0
0
1
0
0
4.80171e-15
3.07532e-14
1
0
1
1
0
5.55112e-17
6.4948e-15
1
1
0
2.19547e-14
1
5.21805e-15
0
5.02376e-15
0
1
5.26246e-14
0
1
1
4.10783e-15
1
1
2.4869e-14
0
0
0
1
1
1.83187e-14
1.12688e-14
1
0
1
0
0
1
1
0
0
1
1.44107e-13
1
3.79821e-14
0
1
0
1
1
1
1
1
1
0
1.71529e-14
1
1
1
1
1
1
1.22541e-14
0
1
1.57652e-14
0
1
1
1.17961e-14
4.80171e-15
1.27861e-14
0
1.59872e-14
1.24345e-14
1
4.13836e-14
1
1
1
7.13318e-15
1
1.72085e-15
1
1
0
0
1
0
1
0
1.93179e-14
1
1
0
1
2.83107e-14
1
1
0
1
0
8.21565e-15
2.41196e-14
1
1
4.13003e-14
1
1
1
1
1
1
1
6.96122e-13
0
1
1
6.39488e-14
3.17968e-13
1.11022e-16
3.2585e-14
1
1
7.4829e-14
1
0
1
1
1
1
1
0
0
1
1
1
1
1
1
1
1.0103e-14
1
1
1
0
1
1
1
0
1
0
0
1
0
1
1
0
0
1
0
1
1
1
1
0
1
0
1
0
1
1
1
1
1
0
1
0
1
3.339e-14
1
0
1
1.11022e-15
0
1
1
1
0
1
1
6.08402e-14
7.41074e-14
0
2.97728e-13
1.02141e-13
1
0
0
2.59943e-16
1
1
1
0
1
1
1
2.77556e-17
0
4.66294e-15
1.08469e-13
1
0
1
1
0
1
4.13697e-14
2.04559e-14
2.25098e-14
1
1
1
3.85803e-13
0
1
2.634e-14
1
1.72085e-15
4.77396e-15
3.08087e-15
8.47655e-14
1
1
1
1
1
1
1
2.9976e-15
0
2.49245e-13
2.6712e-13
0
0
0
0
1
1
2.27041e-14
1
1
1
1
0
1
1
1
1
1
2.87548e-14
1
1
1
0
1.17545e-14
1
0
1
3.18745e-13
3.25517e-13
0
0
0
1.11448e-13
1
1.50879e-13
0
6.85473e-14
0
8.96505e-15
1
0
1
1
8.43769e-15
1
1
1.21569e-14
9.71445e-16
1
0
1
1
0
1
1
0
0
9.15934e-15
3.05311e-16
1
1
1
1.73472e-14
1
1
1
1
5.61551e-13
0
0
1
0
1
1
1
1
1.19904e-14
7.10543e-15
1
1
3.60822e-15
1
1
1.04361e-14
1
0
4.97935e-14
1
1
0
1
1.01696e-13
1
1
0
1
0
1
0
1
0
1
1
0
3.80251e-15
1.69031e-14
1
1
2.17881e-14
7.09987e-13
3.49313e-13
1
0
2.43694e-14
5.77316e-13
1
0
1
8.62643e-14
2.89213e-14
1
0
1
1
9.0622e-15
1
0
1
1
1
2.66454e-15
1
1
2.43139e-14
4.44089e-16
1
1
0
1
1.39888e-13
1
2.13163e-14
1
1
1
1
1
1
0
2.4758e-14
0
1
1
1
0
3.10862e-14
1
3.94795e-13
1
0
0
1.84297e-14
0
1
0
1
1
0
1
1
0
1
1
1
0
1
0
1
3.44169e-15
0
1
1
1
1
1
1
1
0
6.45358e-13
0
1
1
1.45883e-13
0
0
0
0
1
1.15852e-13
2.90878e-14
0
0
1
1.70197e-13
1
0
1
1
1
1
0
1
2.2482e-15
1
1
3.13777e-14
1
1
8.83738e-14
0
1
1
1
1
0
1
1
1
6.66134e-15
0
0
1
0
0
1
0
3.26406e-13
1
1
2.41474e-14
1
1
0
0
0
1
1
1
1
7.88258e-14
1
1
3.24879e-14
0
4.996e-15
1.82077e-14
5.19029e-15
2.51188e-14
0
3.55271e-15
0
1
0
0
1
8.65974e-15
0
0
0
1
0
0
0
0
1.57652e-14
0
1
9.57012e-14
0
0
1
1
2.6007e-14
0
1
1
0
1
1
1.92439e-15
1.30174e-14
1
1
1.07137e-14
3.4861e-14
1
1
7.50511e-14
0
0
7.21645e-15
3.92741e-14
1
1.92069e-14
1
0
1
0
1
1
0
1
0
1
0
1
0
1
1
0
1
1
1.07692e-14
4.2466e-15
0
1
1
1
0
1
1
1.25455e-14
1
1
0
7.17482e-14
0
1
0
1
1
0
1
1
3.1819e-13
0
0
0
1
5.95357e-15
0
0
0
1.65423e-14
4.75175e-14
1
0
1.31006e-14
4.93405e-14
0
1
0
0
1.73195e-13
1
4.46865e-14
1
1
0
0
1
1
1
1
0
1
0
0
3.9968e-15
1
0
0
0
1
1
0
1
2.51466e-14
1
3.23769e-14
1.50879e-13
4.996e-15
1
0
1
1
8.60423e-16
1
1
0
0
1
1
1
0
1
4.32247e-14
5.55667e-14
1
1
8.77076e-15
5.60663e-15
1
8.88178e-16
0
1
1
1
0
1
0
0
1
1
1.4666e-13
8.38327e-13
0
1
1
0
0
1
1.13798e-13
1.62093e-14
0
0
0
1.52101e-14
0
5.46785e-15
0
1.45439e-14
0
1
1
1
1
0
1
9.32587e-15
1
0
1.21014e-14
1
1
0
1
1.85037e-17
1.46549e-14
2.90046e-14
1
3.39173e-14
1
1
1
1
1
1
0
0
0
1
1
1.15463e-13
1
1.65701e-14
0
3.60822e-16
1
1
0
0
0
0
1
1.05471e-15
3.9968e-14
1
1.24345e-14
1
3.38618e-15
0
1
1
4.32987e-15
1
1
0
0
0
1.69031e-14
1
1
0
0
0
1
0
1.30007e-13
0
1.80078e-13
1.7375e-13
2.91989e-14
1
0
8.16014e-14
0
0
1
0
0
1
0
0
1
1
1
1
0
1
2.68674e-14
1.39888e-14
0
3.68594e-13
0
1
1.02834e-14
0
1
1
2.02061e-14
4.77396e-15
1
1.77636e-14
1
1
0
0
1
7.49401e-15
1
1
0
0
0
1
1
0
1
1
1
0
2.80331e-15
0
1
2.9976e-15
1
1
1
1
1
1
7.31359e-14
9.24816e-14
1.08247e-14
1
4.44089e-15
0
1
1
1
2.2482e-15
1.29452e-13
0
0
1.16129e-13
0
0
1.08987e-13
0
1.25437e-13
0
1
0
0
1
0
3.55271e-15
1.11022e-15
1
0
1
1
1
0
0
3.19189e-15
1
1
0
1
0
1
1
9.20097e-15
0
9.32587e-15
0
1
1
1.00198e-13
1
0
1
0
1
9.67282e-15
2.29705e-13
1
1
0
2.53131e-14
6.90559e-14
2.72005e-15
1
1
1
0
1
1.66533e-16
0
1
1
1
7.12763e-14
1
1
1
1.31839e-14
3.16414e-15
9.38138e-15
0
1
1
0
0
1
1
0
1
1
1
0
9.90643e-14
0
1
1.23623e-13
0
0
0
0
1
0
0
1
1
1
1.32006e-13
0
1
1
0
1
2.68581e-14
1
1
1
0
2.13718e-15
3.81917e-14
1.33227e-14
1
1
0
1
8.27116e-15
1
1
1
0
1
0
1
1
1
1
1
9.54792e-15
1
1
0
0
1
0
0
1
0
1
1
1
0
1.6806e-14
1
1
1
1
2.7367e-14
0
1
1
0
1
3.44169e-15
7.89369e-14
1
1
1
0
1
0
8.59868e-14
1.24345e-13
3.19744e-14
1
0
0
0
1
0
0
4.86278e-14
4.70735e-14
4.65183e-14
0
5.75096e-14
1
2.3781e-13
0
0
1
2.4647e-14
0
0
1.06581e-14
1
3.41024e-14
1
0
1
1
1
0
1
0
1.51545e-14
1
1.58762e-14
0
1
1
0
1
1
0
1
0
1
0
0
1.35725e-14
0
1
1
1
1
2.12053e-14
1
1.48631e-14
1
1.39148e-14
0
0
0
1
1
0
1
0
5.66214e-15
1
0
1
1
0
1
1
1
1
1
3.13083e-14
0
1.30882e-14
1.09244e-13
0
0
4.16297e-13
1.77636e-15
8.59868e-14
0
1
1.60538e-13
2.62013e-14
1
0
1
1
1
1.5854e-13
1
0
8.32667e-17
5.16254e-15
1
1
1
1.25455e-14
0
4.959e-15
1
1
4.64961e-13
0
0
1
1
1
4.16334e-16
1
3.29736e-14
1
1
1
0
1
1
0
1
8.17402e-15
7.99361e-15
8.88178e-16
1
1
5.30687e-14
1
1
1
1
1
0
0
0
0
1
1
0
4.14113e-14
1
0
1
2.35922e-15
1
1
1
2.77556e-15
1.35447e-14
1
1
1
0
0
2.35588e-13
0
1
0
6.39107e-13
0
0
0
1
8.09908e-14
4.61853e-14
1
1
1
0
3.19189e-15
0
1
3.92464e-14
1
1
0
0
8.94655e-15
1
1
0
0
1
0
1
1
1
0
1
1
2.9976e-15
1.47105e-15
1
0
3.77476e-15
0
1
1
8.99281e-15
1
1
1.53655e-13
1
1
1
2.10942e-15
1
0
1
1
1.62925e-14
1
1
1
2.49245e-14
1
1
1
4.70735e-14
1
1
1
1.04361e-14
0
1
1
0
0
0
1
1
0
0
0
1
1
0
0
1
0
5.76206e-14
1.19293e-14
1.94289e-14
0
0
1
0
1
1
1
1
1
8.57647e-15
3.32049e-14
0
1
1
1
1
8.88178e-16
2.02061e-14
1
1.68754e-13
2.22045e-15
1
6.27276e-15
1
1.90958e-14
0
1
1
0
1
0
1
1
1
1
1
1
0
4.66294e-15
3.29736e-14
1
0
0
4.16889e-14
1
1
0
1
1
0
0
1
1
0
1
1
3.44169e-15
1
0
3.21965e-15
0
0
1
1
3.28071e-14
1
1
8.79852e-14
0
0
1.20754e-13
0
0
0
2.37822e-14
5.29206e-15
5.973e-14
1
1.01696e-13
5.52336e-14
1
4.61853e-14
1
6.77236e-15
1
1
1
1
1
0
1
1
0
1
1
0
2.55351e-15
1
1.13798e-15
0
8.99281e-15
2.80331e-14
0
0
1
1
1
1
1
5.59552e-14
1
1
1
1
1
0
5.15143e-14
1
1
1
1
1
1
0
1
1
0
1
1
8.61256e-14
1
1
1
1
0
0
6.18949e-15
0
0
0
1
0
1.76525e-14
1
1
1
8.65974e-15
0
0
1
0
8.9817e-14
9.31009e-13
1
0
0
0
0
0
0
0
0
0
1
0
1
1
1
0
0
1
1
1.26565e-14
1
1
1
1
4.18554e-14
1
1
8.32667e-15
0
4.57412e-14
1
0
0
0
0
0
1
1
1
1
2.30926e-14
0
4.01935e-13
1
3.30291e-15
0
0
8.10463e-15
1
1
0
1
1
1
1
1
1
1
1
1
0
1
0
0
1.24345e-14
0
1
0
1
0
1
0
0
0
3.43862e-13
0
4.72955e-14
1.16518e-13
0
0
9.54792e-15
0
1
6.57252e-14
0
1
1
3.70259e-14
0
1
5.17734e-14
0
0
1
1
1
1
1
0
0
1
0
1.03806e-14
1
1
1
0
7.49401e-16
1
1
8.16014e-15
7.29972e-15
8.21565e-15
0
0
0
0
1
5.77316e-15
1
1
1.36752e-13
1
1
1
0
0
1
0
1
1
1
0
3.36953e-14
1
1
1
8.24341e-15
0
1
1
8.60423e-16
1
1
3.16414e-14
2.0095e-14
1
0
1
1
0
0
4.1452e-13
0
1.22125e-15
0
5.28466e-14
0
0
0
0
1
0
3.85247e-14
1
0
0
1
0
5.57332e-14
1
0
0
1
0
1
0
2.498e-14
1
0
1
1
1.60871e-13
1
1
1
1
0
1
0
1
1
1
0
1
1
1
1
2.60902e-14
1
1
1
0
1
1
1
1
0
1
0
1
1
1
6.12843e-14
1
6.12843e-14
0
1
1
1
1
4.88498e-15
1.12133e-14
1
1.11022e-16
0
1.52101e-14
1
1
1
4.40759e-14
0
1.77636e-15
0
1
0
0
1
1.70234e-15
4.25215e-14
2.08674e-14
1.9873e-14
0
1
1
1
0
7.99361e-15
1.27953e-13
1
1
1
1
0
1
1
1
1.8846e-14
1
1
1
2.22045e-13
1.10282e-14
1
1
1
1.90958e-14
0
2.72948e-13
1
1
1
1
1
0
1
2.74225e-14
0
1
0
1
1
2.77556e-16
1
0
1
0
1
1
0
1
1
1
1
1
0
2.2593e-14
1
1.95677e-14
1
9.4369e-16
1
1
0
1
2.96985e-15
1
1
1
1.1191e-13
0
2.99155e-13
0
1.79301e-14
0
0
0
0
4.84057e-14
1
7.06102e-14
0
1
5.38458e-15
0
1.97065e-15
1
1
9.65894e-15
0
0
1
0
1
0
1
8.88178e-16
1
1
1
2.41362e-13
0
1
1
1
0
1
4.02678e-13
0
4.30767e-14
1
1
1
1
1
0
1
4.44089e-16
0
0
0
1.77636e-15
1
1
1
1
8.82627e-15
4.17444e-14
1
1
1
0
1
0
1.06026e-14
0
1
0
1
1
2.59792e-14
1
0
3.64708e-14
0
0
1
1
0
3.11285e-13
0
1
1
1
1.36523e-13
1
0
0
1.95644e-14
0
0
4.9849e-14
0
1
5.10703e-15
1
1
1
0
1
1
1
1
0
1
1.77636e-15
0
1
1
5.86198e-14
1
0
2.04836e-14
1
3.85525e-14
0
1
1.0103e-14
6.16729e-14
1
1
1
1
1
0
1
1.66533e-14
2.23377e-13
1
0
2.65343e-14
1
1
1
1
1
1.29619e-14
1
0
1
2.57738e-13
1.04083e-15
1
1
1
3.80668e-14
3.30569e-14
1
0
1
1
1.85037e-17
1.78746e-14
2.15383e-14
1
1
1
2.37588e-14
0
0
1
0
6.90559e-14
3.82615e-13
1
8.50431e-14
0
0
1.93734e-14
0
9.9587e-14
0
4.88498e-15
1
1
0
1
1
1
0
1.21569e-14
0
0
1
1
1
1
1
0
1
1
1
0
6.10623e-16
3.69427e-14
1
6.99441e-15
6.23945e-14
1
1
0
1
1
1.11022e-16
1
1
1.64683e-14
2.77556e-17
1
0
1
0
1.91236e-14
4.65461e-14
0
1
6.82787e-15
1
1
1
1
1
1
1
0
1
1
2.64622e-13
1
1
2.32037e-14
1
6.67984e-15
0
0
0
0
0
3.43862e-13
9.91429e-14
1
0
3.54124e-13
0
1.94289e-14
0
1
6.61693e-14
0
1
1
0
0
1
0
1
0
0
1
1.96787e-14
1
1.7449e-14
1
1.80411e-15
1
1
1
0
1
1
0
1
3.94129e-15
0
0
0
1
4.19109e-15
1
0
1
0
1
0
1
0
1
4.10783e-15
2.89768e-14
1
0
2.62568e-14
1
2.35367e-14
1
0
1
1
0
1
1
1
2.65621e-14
5.93969e-15
1
1.0103e-14
9.13158e-15
0
3.17524e-14
9.82547e-15
0
1
0
1
1.40998e-14
1.04194e-13
0
0
1
3.03091e-14
0
2.40839e-13
1
0
0
0
1.94289e-14
0
0
0
0
1
1
3.10862e-14
1
1
1
5.55112e-17
1.24623e-14
1
1
1
3.60822e-15
0
1
1
4.38677e-14
2.90508e-14
1
1
1
1
1.249e-15
1
4.16334e-15
1
1
0
1.67644e-14
0
1
1
1
0
1
0
3.16414e-14
1
0
0
1
1
2.34257e-14
1
0
1
1.59872e-14
0
1
0
1
0
0
1
1
1
2.72005e-15
0
1
1
1
0
1
1
6.4948e-14
0
0
0
1.66533e-16
0
0
2.37822e-14
5.29206e-15
0
1
1.01696e-13
5.52336e-14
1
4.61853e-14
1
1
1
0
1
0
1
2.33147e-15
0
1
0
1
1
1
1
1
2.14939e-13
1
1
0
1.33782e-14
1.35447e-14
0
1
-3.70074e-17
1.08247e-14
1
0
0
1
0
1.03251e-14
1
1
5.15143e-14
1
1.13798e-14
5.9952e-15
0
1
5.35683e-15
1
1
0
1
1
3.08642e-14
4.13003e-14
0
1
1
1
1
1
1
1.88738e-15
1
0
1
1
1
0
1
0
1.32783e-13
0
0
0
1
1
4.51195e-13
0
0
0
1
0
0
1
0
1
1
1
1
1
0
1
1
1
1
1.07137e-14
1
0
4.44089e-15
1
1
4.31877e-14
1
0
1
1
1
0
1
1
1.33227e-14
1
0
0
1
1
0
1
1
0
1
1
0
5.93969e-15
1
0
1
1
1
1
1
1
1.92069e-13
1
1
0
1
0
1
1
1
1
2.4647e-14
5.09592e-14
1
1.04916e-14
7.38298e-15
1
1.05471e-14
4.41869e-14
0
1.77636e-15
0
1
1
0
1
0
2.37588e-14
0
0
0
1
0
1
2.9976e-15
1
5.41234e-15
1
1
3.58047e-15
1
0
6.71685e-15
1.41553e-15
1
1
1.62093e-14
1
1
1.31006e-13
1
1
1
1
0
1
1
2.43139e-14
0
0
0
2.17604e-14
0
1
4.73926e-14
1
0
0
1
7.77156e-16
1
1
1
0
1
1
0
0
1
0
1
1
1
1
1
1
2.09832e-14
1
0
1
1
1.36557e-14
0
2.66454e-15
3.13083e-14
1
1
1.34448e-13
0
0
1
1
9.63674e-14
0
1
0
0
0
0
0
0
2.91434e-16
0
0
0
0
1
0
1
2.17604e-14
1
1
1
0
1
1
1
1
1
1
1
0
2.08167e-16
1
0
1.32117e-14
0
1
0
0
0
1
1
1
1
0
1.63758e-15
9.35363e-14
1.53211e-14
1
0
1
2.41936e-14
0
1
0
1.72362e-14
1
7.77156e-15
8.57092e-14
1
1
1
1
1
4.996e-15
1
0
0
1
1
9.99201e-16
0
1
1
1
0
6.32734e-13
4.09017e-13
0
8.27116e-14
0
0
0
9.54792e-15
0
1
0
0
1
1
3.90799e-14
1
1.249e-15
0
1
0
-1.11022e-16
1
1
5.39846e-15
4.82947e-15
1
1
1
1
1
0
1
1
0
1
2.72005e-14
0
4.32987e-15
1
2.08722e-14
1
0
1
1
0
0
1
1
0
1
1
1
1
0
1
1
0
1
1.08524e-14
1
3.85247e-14
0
1
0
1
1
1.11022e-14
1
1.99424e-14
1
1
1
1
1
0
1
1
0
1.27787e-13
0
0
0
2.95597e-15
1.90958e-14
0
9.8106e-14
0
0
1
0
1.05693e-13
1
0
1.4766e-14
0
3.16414e-15
0
1
1
3.71925e-14
5.19862e-14
0
1
1
0
1
0
1
1
1.76303e-13
1
1
1
0
1.47798e-14
1
0
0
0
2.58404e-14
1
1
0
1
0
1
1.03251e-14
0
0
1
1
0
0
1
1
1
1
1
1.5062e-14
1
8.11018e-14
1
1
0
1
9.26111e-15
0
1
0
1
1
1
1
1
1
1
1
1
0
0
3.74145e-14
1
5.69544e-14
0
0
0
0
1
1
0
1
0
1
0
1
0
1
0
1
3.4972e-15
0
1
1
0
1
1
1
1
0
1
1.65701e-14
6.85563e-15
0
1.54876e-14
1
1
1
1
1
1
1
1
0
5.55112e-17
0
1
0
0
1
0
1
1
0
2.19824e-14
1
1
0
1
0
1
1
1
0
1
0
1
2.01922e-14
0
1
1
3.475e-14
1
1
3.80806e-14
1
1
1.94178e-13
0
5.12923e-14
3.46406e-15
0
1
0
1
0
4.66294e-14
0
0
0
1
0
0
1
0
0
1
0
1
0
1
1
8.78927e-15
1
3.10862e-15
2.88658e-15
1
1
3.55049e-13
4.40759e-14
0
1
1.43496e-14
8.71525e-15
0
4.66294e-13
1
1
0
0
1
4.35207e-14
1
0
1
1
0
1
5.21805e-15
1
0
1
0
0
1
1
0
0
1
1.94567e-13
1
1
2.81997e-14
1
0
1
4.16334e-14
1
0
2.77556e-16
1
1
1
1
1
0
0
0
0
0
0
1.31228e-13
0
0
9.81807e-14
1.22125e-15
1
1.94659e-14
0
1
0
1
1
1
0
1
1
1
5.35683e-15
0
9.04832e-15
0
1
1
0
1
1
1.98064e-13
1
0
1
1
1
1
1
1
2.68119e-14
4.05787e-14
1
1
2.39531e-14
1
0
1
1
0
1
0
1
0
0
0
1
0
4.63518e-15
1
1
1
0
1
1
0
0
4.69069e-15
6.93889e-16
1
1
1
1
8.04912e-15
1
0
1.11022e-15
1
1.39444e-13
0
0
0
0
0
0
0
3.18336e-14
0
1.09468e-13
1
0
5.12368e-14
1
1
1
1
1
1.22125e-15
1
1
0
1
1
1
0
1
1
1
1
1
5.19584e-14
2.80331e-15
1
1
1
0
5.55389e-14
1
1.44329e-14
5.55112e-15
3.59712e-14
1
0
1.38223e-14
1
0
1
1
1
0
1
1
1
1
1
5.96745e-15
0
0
1
1
1
0
1
1
1
1
1
1
0
6.245e-15
1
1
1
2.44249e-15
2.10942e-15
0
1
1
2.42473e-13
0
0
1
3.95017e-13
0
0
1
1.9984e-14
6.00631e-14
0
1.05804e-13
0
0
1.45162e-14
0
0
1
2.65565e-13
1
1
1
1
1
1
1.9984e-15
1
1
3.46945e-15
1
1
1
0
1
0
9.60343e-15
1
0
1
1
3.71925e-14
1
1
1
0
2.39031e-13
0
1
0
2.36255e-13
1
1
0
1
0
1
1
1
1
1
2.07057e-14
0
1.40332e-13
1
1.15075e-13
0
1
1
1
1
1
1
9.39249e-14
1
0
1
1
1
8.81517e-14
3.58972e-15
0
0
2.305e-14
1
6.01186e-14
3.97275e-13
0
0
0
1
1
0
1
1
3.89688e-14
8.68194e-14
1
1.87031e-13
1.70419e-14
1
1
1
0
2.87548e-14
2.54241e-14
1
1
9.16489e-14
1.32103e-13
5.82867e-14
1
1
7.21645e-15
0
1.3578e-13
1.97065e-14
1
1
1
0
0
0
1
0
0
0
0
1
1
0
0
0
1.78746e-14
0
1.59872e-14
0
0
0
2.11497e-14
5.55112e-15
1
1
0
1
9.35363e-14
1
1
1
2.40548e-14
0
7.28306e-14
4.66713e-13
0
1
3.26184e-13
4.50751e-14
0
8.27649e-14
1.89626e-13
6.77236e-15
1
0
1.12577e-13
2.40896e-13
1
1
0
0
0
1
0
7.77156e-16
1
3.28626e-14
0
0
1
1
0
0
1.99378e-14
1
1
0
2.50633e-14
0
9.94205e-14
1
1.38778e-14
1
1
8.14904e-14
0
1
1
1
0
1
6.9722e-14
1
1
1
1
0
0
1
0
1
1
1
7.30619e-14
1
3.4639e-14
1
1
1
8.27116e-15
1
0
0
7.09433e-14
0
4.66713e-13
0
1
1.06803e-13
1
0
0
2.04281e-13
2.89768e-14
1
4.10783e-15
0
0
0
0
0
5.21805e-15
2.51743e-14
0
0
1
1
0
0
1
1
1
0
1
1
1
1.98175e-14
0
1.88183e-14
5.9952e-15
5.02931e-14
1
0
0
1
8.70507e-14
1
1
0
1.05194e-13
1.54321e-13
0
1
0
4.54266e-15
0
5.24025e-14
0
0
0
8.43769e-15
6.13676e-14
3.25295e-14
1
1.32283e-13
1
0
0
1
0
0
1
0
0
3.34177e-14
1.24123e-13
1.00687e-13
0
1
1
0
3.28637e-13
1
0
0
4.32987e-14
0
0
4.71845e-14
0
1
7.52176e-14
0
7.52731e-14
1
3.39728e-14
6.9722e-14
7.11375e-14
1
1
1
1
3.19467e-14
7.63556e-14
0
1.38778e-16
1
1
1.83187e-15
3.19744e-14
3.33344e-14
6.68909e-14
1
1
6.99441e-15
1
0
1.32117e-14
1
7.457e-15
0
0
1
1
5.95357e-15
0
1
0
4.95715e-14
8.77076e-15
0
0
1
0
1
3.16414e-14
6.32827e-15
4.37428e-14
9.32587e-15
0
0
3.67206e-14
1
3.43198e-14
0
0
1.11022e-13
8.40217e-13
4.94974e-13
1
1.77636e-15
0
4.55895e-13
3.94129e-14
0
2.06501e-14
1
1
2.16493e-14
6.42819e-14
8.49321e-15
1
0
1.20182e-14
0
1
0
1
1
1
1
1
1.72085e-15
1
0
0
0
9.15934e-15
0
0
1
0
0
1
0
1
3.94684e-14
0
0
1
1
0
0
1.52656e-14
1.13243e-14
0
6.27276e-15
0
1
1
1.85962e-15
1
2.26856e-14
1
0
2.41474e-15
0
2.81997e-14
1
0
0
0
1
1
1
5.36238e-14
1
0
1
0
1
1
4.67404e-14
0
1
6.73165e-14
4.88498e-15
0
1.72473e-13
0
1.1291e-13
1
0
7.39964e-14
3.19189e-14
1.17545e-13
1
4.28824e-14
1
1
3.30846e-14
0
0
0
1
0
1
5.02376e-15
1
0
9.15934e-16
0
0
0
1
2.9976e-15
1
1
0
1
1
1.32117e-14
0
1.10578e-13
0
1
1
4.95437e-14
0
1
1
3.6568e-14
4.44089e-15
0
1.4877e-14
0
0
0
1
0
0
1
0
1
0
0
0
0
2.95319e-14
2.70006e-13
0
1
1
0
0
1
2.17049e-14
0
0
1
0
0
2.91989e-14
4.88498e-15
1
0
1
1
1
1
1
1
0
1.75415e-14
1
1
0
1
5.13478e-15
1
1
1
0
0
0
2.54426e-13
2.64233e-14
1.21847e-14
0
1
1.25178e-14
1
1
1.64868e-14
2.77556e-14
0
1
1
1
0
1
1
0
0
4.10783e-14
1
0
1.11022e-15
0
0
1
0
0
0
1
1
1
0
1
0
3.69895e-14
0
1
1.15463e-13
1.36557e-13
3.87246e-13
0
1
0
1
0
0
0
0
1
1
8.10463e-15
4.89331e-14
1
4.9849e-14
1
0
1
1
0
1
1
1
0
3.93852e-14
1.98452e-14
1
0
0
6.03545e-14
0
3.11325e-14
0
1
1
0
1
1
1
1.63203e-14
0
0
1
1
8.46545e-15
5.89528e-14
0
0
1
1
1
1
1
0
0
2.29816e-14
0
0
6.90559e-14
0
1
1
0
8.49321e-15
1
0
0
0
1
1
-5.55112e-17
5.94488e-13
3.86358e-14
0
4.40203e-14
1
1.30895e-13
0
1.69642e-13
1.57652e-14
1
3.36148e-13
1
0
3.65818e-14
5.33684e-13
7.13318e-15
1
0
5.16254e-15
5.08482e-14
1
1
0
1
0
0
7.27196e-14
1
3.5083e-14
0
8.13793e-14
1
1
1
1
0
1
0
1
0
0
5.4512e-14
1
0
0
1
6.10623e-16
4.9627e-14
9.60343e-15
2.50078e-14
1.03695e-13
1
0
6.43235e-14
0
0
1
0
1.66867e-13
2.75335e-14
0
1
1
0
1
4.44089e-16
0
0
1
1
0
8.39904e-14
1
0
5.08482e-14
0
0
1.25122e-13
0
9.32587e-15
1
7.88258e-14
3.91354e-15
7.87426e-14
1
2.69784e-14
0
0
1
0
0
1
1
9.39249e-14
0
1
2.10942e-15
0
1
0
0
0
0
1
1
1
0
0
1
0
0
1
1
0
1
1
1
1
1
0
0
0
1
0
1.7486e-14
0
1
8.92619e-14
2.60902e-15
1
6.27276e-14
1
3.10862e-15
0
7.99361e-14
1
9.39804e-14
0
0
0
1
7.96585e-14
0
1
0
0
0
1
0
1
6.19875e-15
5.23655e-15
0
4.44089e-16
0
0
0
1
3.72063e-14
1
3.64153e-14
3.21965e-15
1
1
6.88338e-15
1
2.95319e-14
1
1
0
1
1
0
1
1.44051e-14
5.31797e-14
1
0
1
0
2.22045e-16
0
1
1
1
1
3.81362e-14
1
0
9.99201e-16
7.96585e-15
4.03566e-14
1
0
1.13243e-14
1
1.37945e-14
1
1
1
1
0
0
1
1
0
0
1.18017e-13
0
0
1
1
1
0
0
0
2.72005e-14
1
0
0
3.33067e-16
2.86438e-14
1
2.56462e-14
1
6.99441e-15
1
4.34652e-14
1
1
1
7.77156e-16
0
1
1
1
1
5.15143e-14
0
0
1.11855e-14
0
1
0
1
2.22045e-15
3.85247e-14
5.4956e-15
2.91434e-14
1.77636e-15
1
7.60503e-15
1
0
1
0
1
1
1
1
1
1
0
0
3.83027e-15
0
0
0
1
1
1
1
3.49165e-14
1
1
3.747e-14
3.52773e-14
1
1
0
0
0
1
0
1.02817e-12
1
3.24185e-14
2.9976e-15
0
0
0
1
1
0
0
1.37113e-14
1
3.87468e-14
1
1
0
1.02141e-14
1
1
0
1
0
1
1
1
1
4.65183e-14
0
1
0
1
3.01981e-14
1
0
1
0
1
1
1
0
1
1.33227e-15
1
0
1.39611e-14
2.97817e-14
1
1
0
0
2.36478e-14
0
0
1
0
4.38538e-15
0
1
0
1
3.27516e-15
1
0
0
0
0
3.79294e-13
1
1
1.11022e-14
5.85114e-13
1
0
0
0
3.57492e-14
0
0
2.40918e-14
0
8.32667e-17
1
1
1
0
1
1
1
1
1
0
1
0
1
1
1
1
0
0
1.48326e-13
1
0
1
2.83107e-15
1
1
2.7589e-14
1
2.33147e-15
0
1
0
1
1
1
1
4.19109e-14
0
0
1
0
1
0
0
1
1
0
1
0
1.83742e-14
0
0
1
4.61853e-14
0
0
6.79306e-13
0
1
0
1
0
0
0
0
1
1
0
0
1
0
4.44089e-15
0
0
1
2.24265e-14
3.92464e-14
1
1
1
2.9976e-15
0
1
2.78944e-14
1
1
1
1.88738e-14
6.05072e-15
1
1.39888e-14
0
0
0
1
1
4.31599e-14
6.50868e-15
1
1
0
3.93852e-14
0
1
2.9976e-15
1
1
1.87184e-13
1
5.93969e-14
1
8.49321e-14
1
0
0
1
9.15934e-16
1
2.18714e-14
0
0
0
0
9.71445e-16
0
1
0
0
0
1
0
5.973e-14
0
1
3.44169e-14
1.33227e-15
3.02959e-14
0
0
5.36203e-15
1
1
7.56062e-14
1
1
1.01308e-14
0
0
1
0
1
7.84095e-15
0
1
3.83027e-14
1
1
1.2379e-14
1
1
1
1
1
0
1
1
1
1
0
1
1
1
1
0
0
0
1
0
8.9373e-15
1
0
1
1
1
1
1
6.18949e-14
1
0
1
0
1.26565e-14
3.9066e-14
1
1
0
4.64517e-13
0
0
0
1
1
1.68088e-13
0
0
0
2.76446e-14
1
7.18869e-14
2.08722e-14
1.26255e-13
0
9.46465e-15
0
0
0
1
0
1
1
0
0
6.38378e-15
1
1
0
0
1
1
1
1
0
0
0
1
3.35287e-14
0
2.86438e-14
2.01061e-13
0
1
1
8.89289e-14
1.01863e-13
0
2.95319e-14
0
2.04281e-14
3.94129e-15
5.68989e-15
1.90311e-14
1
0
0
1
0
1
3.22659e-14
1
0
5.61495e-14
1
4.14113e-14
0
1
1
0
0
4.67404e-14
0
0
0
1
0
0
1
0
0
0
2.76446e-14
0
1
0
1
0
1
0
1
1.90403e-14
0
0
1
1
0
1
1
6.46705e-15
1
0
8.43769e-15
1
0
7.06379e-15
0
0
1
1
1
0
1
0
1
1
1
0
1
3.08087e-14
0
0
1.83187e-15
1
0
0
0
1
1
1
1
1
0
8.88178e-16
1
1
0
0
0
1
1.25178e-14
1
1.80078e-13
0
0
0
1.40332e-13
0
0
1
0
0
0
0
5.42899e-14
1
6.55032e-15
1
2.8727e-14
7.06102e-14
0
1
1.86517e-14
1
0
1
1
1
2.10942e-14
1
0
1
1
0
8.79852e-15
0
0
0
0
3.41394e-15
1
1
1
0
6.59472e-14
0
1
1
1.64035e-13
8.74856e-14
0
8.27116e-15
1
0
1.88738e-15
1.23512e-15
1
2.10942e-14
0
1
1
0
2.77556e-15
4.2466e-15
1
1
0
0
1
1
0
0
7.88258e-15
2.63012e-13
3.55271e-13
1.85204e-13
2.10942e-15
1.53877e-13
3.4861e-14
0
1
0
2.57572e-14
0
8.91509e-14
0
1
1.04916e-14
2.17604e-14
1
1
1
1
1
1
1
0
1
1
1
1
0
5.41789e-14
0
0
4.70735e-14
1
0
1
2.53131e-14
0
0
3.21965e-14
2.76446e-14
5.55112e-14
0
1
1
0
0
0
2.22045e-15
2.30371e-15
2.91434e-15
1
1
1
8.71525e-15
1
7.32747e-15
3.23723e-14
0
1
0
1
6.10623e-15
4.19109e-15
1
0
1
0
0
0
1.68976e-13
1
0
0
1.72085e-14
1.87628e-14
1.82077e-14
0
1
3.01981e-14
4.97935e-14
4.44089e-15
0
1.32117e-14
1
1
1.55986e-14
0
1
0
0
0
6.16174e-15
0
1
0
1.14353e-14
1.13798e-14
1
1.21014e-14
3.35842e-14
4.19109e-15
1
1
1
0
4.92939e-14
0
0
1
1
0
1
0
1
1
0
0
1
8.88178e-16
1
1
0
3.13638e-14
4.27158e-14
1
6.43929e-15
1
3.55271e-15
1
1
1
0
1
1
0
3.38063e-14
6.39488e-14
0
1
0
0
7.4533e-14
0
0
1
1
1.87628e-14
5.47257e-13
0
0
0
1
0
0
2.22045e-16
5.9508e-14
0
1
0
3.84137e-14
1
2.52576e-14
1
5.96745e-14
1
1
1
0
1
0
1
1
0
4.13003e-14
1
0
0
0
1
1
1
0
0
4.66294e-15
1
1.02141e-14
0
1
1
1
1
1
0
1
1.51879e-13
1
2.69414e-14
3.04756e-14
1.04916e-14
6.9722e-14
5.27911e-14
0
3.84137e-14
0
1
1
5.41789e-14
1
1
1
0
2.15161e-13
0
0
2.62925e-13
0
4.21885e-14
0
0
1
0
0
5.9508e-14
0
0
1
0
0
1.11022e-14
1
0
1
1
1
1
0
4.996e-16
8.99281e-15
1
1
1
1
0
0
0
1
5.82312e-14
0
2.84217e-14
0
2.33147e-14
1
1
1
8.29337e-14
1
5.2458e-15
0
0
2.38309e-13
0
1
9.83658e-14
0
0
0
2.45082e-14
1.11022e-15
0
0
2.73392e-13
1
1
1.56541e-14
5.30687e-14
3.79696e-14
0
0
1
2.03726e-14
1
0
1
4.56302e-14
0
0
1
5.10703e-14
0
2.94741e-13
1
0
6.23945e-14
5.57652e-14
0
0
0
0
1
0
1
1
1
0
0
1
1
0
0
1
1
1
1
0
5.55112e-17
7.60503e-15
2.05391e-15
4.51491e-15
1
1
1.03251e-14
1
1
4.996e-15
0
1
1
1.11022e-16
1
1.4877e-14
0
4.05231e-15
1
1
7.13318e-15
1
1
8.16014e-14
1
0
1
0
1.96509e-14
0
1
8.37663e-14
1.74305e-14
0
3.4972e-14
1
0
2.21212e-14
1
1
0
8.34888e-13
0
1
1
0
0
1.31407e-13
0
3.78586e-14
1
0
0
0
0
0
2.32037e-14
1.23235e-14
1
1
1.27121e-14
1
0
0
0
1
1
1.60982e-15
3.46945e-14
3.46945e-14
1
1
6.69464e-14
1
0
4.92939e-14
0
0
1
1
1
1
2.11868e-14
1
0
9.38138e-15
0
0
1.38778e-16
4.90996e-14
0
5.88418e-14
3.54161e-14
4.2355e-14
1
0
1
2.03448e-14
9.88098e-15
0
6.4726e-14
8.2249e-15
1
0
1
1
0
1
1
1
3.33067e-16
0
0
1
0
0
0
0
1
0
0
5.9508e-14
0
0
1
0
0
1.14242e-13
1
1
1
1
1
1
1.79856e-14
2.36848e-14
1
1
1
1
1
0
1.4877e-14
1
1
0
1
5.51781e-14
1
1
1
0
0
0
1
0
1
1
0
3.13638e-15
0
1
1
0
1
0
1.11022e-15
6.28664e-14
0
0
1
0
0
1
6.28386e-14
1.45162e-14
1
0
1
1
0
9.79217e-14
1
0
0
1
1
0
0
1.19238e-13
1
0
1
1.83187e-14
0
2.22045e-16
3.9968e-15
0
0
0
0
0
6.41709e-14
1.19904e-14
0
0
0
2.54241e-14
1
0
1
1
-1.11022e-16
1
3.08364e-14
0
1
1
4.95715e-14
1
7.82707e-14
1
1
1
1
0
0
8.21565e-15
1
0
0
0
0
4.996e-15
1
0
1
1
0
0
1.82077e-14
1
0
0
0
1
1.57652e-14
1
5.73153e-14
6.48925e-14
4.62963e-14
1.6509e-13
0
1.84519e-13
3.9968e-13
2.38032e-13
1
0
0
0
1
3.79696e-14
5.90639e-14
0
8.1953e-14
0
5.54001e-14
0
1
5.701e-14
1
0
0
0
1
0
0
1
1
0
1
0
0
1
4.38538e-15
1
1
1
1
1
1
0
0
2.64233e-14
0
0
0
0
1
1
0
1
1
0
3.42319e-16
6.4948e-15
3.44169e-14
1
1
1
1
1
1
1
7.52176e-15
1
3.4713e-14
1
2.79776e-14
1
1
8.02136e-15
1
1
2.00395e-13
4.51408e-13
1.70416e-13
0
3.66374e-15
0
1
1
0
0
8.88178e-16
3.35065e-13
1.12133e-14
1
1
6.84638e-16
0
0
0
1
1
7.52731e-14
1
1
0
0
1.44329e-15
1
9.85323e-14
9.00668e-14
1
1
1
1
0
2.49245e-14
0
2.9976e-14
1
3.54161e-14
1
0
1.05471e-15
1
4.79616e-14
0
1.27121e-14
0
0
5.10703e-14
1.09079e-14
6.88338e-15
1
1
0
0
1
1
0
1
0
1
6.66134e-15
1
1
1
0
1
0
0
1
9.91429e-14
1
0
1
0
1.14353e-13
1
1
1
0
6.29496e-14
1.11133e-13
0
0
3.03091e-14
1
1
1.05471e-15
1
1
1.08358e-13
0
1.92069e-14
0
1
1
7.73825e-14
1
1
1
1
1
6.66134e-16
0
0
1
1
1
1
1
1
1
1
1
0
1
1.23818e-13
0
0
0
1
3.05311e-16
0
1
1
0
1.75054e-13
1
4.19664e-14
1
6.75386e-15
0
1
9.59233e-14
0
7.27566e-14
1
5.05151e-15
7.27196e-15
9.99201e-16
1
0
8.70415e-13
0
1
2.20194e-15
0
0
1
0
6.87228e-14
7.38298e-14
1
3.79696e-14
0
0
2.44249e-15
1
1
0
4.94327e-14
0
1
0
0
9.80604e-14
0
0
1
0
0
1
9.02056e-15
0
1
1.54506e-14
0
0
1
9.1871e-15
1
0
7.38437e-14
3.44169e-15
2.9643e-14
1
1
6.02296e-15
0
1
1.60982e-15
1
1
1
9.72833e-15
0
1.31006e-14
0
1.4877e-13
1
1
1
6.32827e-15
1.79579e-14
0
0
5.17364e-14
1.23235e-14
1
0
1
1
1.81188e-13
0
1
0
0
1.944e-13
0
0
0
0
1
0
4.27436e-14
1
1
1
6.28941e-14
4.40759e-14
6.28386e-14
1
0
2.56462e-14
1
0
0
0
1
1
0
0
0
1
1
4.91274e-14
1
1
5.20139e-14
1
1
0
1
1.75415e-14
1.77636e-14
1
7.36078e-14
8.34333e-14
1.7486e-13
-1.85037e-17
0
6.75848e-15
2.80886e-14
1
1
3.48332e-15
1.18239e-14
3.01981e-14
5.11813e-14
1
3.71925e-15
1
2.44249e-15
1
0
0
0
0
1
0
6.00631e-14
0
1
1
0
0
1
0
0
3.57677e-13
0
0
3.4861e-14
1
0
2.09832e-14
4.44089e-15
7.90062e-14
1
1
1
1
8.11573e-14
0
1
0
1
8.49321e-14
1
1
1.9762e-14
0
0
1
1
0
7.32747e-15
0
0
3.38063e-14
0
1
0
0
1
1.80411e-14
0
8.40994e-15
0
1
0
0
1
1
1
1.06581e-14
0
0
0
1
0
0
0
4.65183e-14
1.31839e-14
0
1
1
1
1
0
1
0
0
1
6.71532e-13
0
1
1
0
0
0
1
0
1
0
2.86438e-14
1.35607e-14
0
0
1
0
0
1
0
1
1
1
3.17246e-14
1
1
1
0
0
3.77476e-15
0
0
0
0
1
0
0
1
0
0
5.77316e-15
1
1
0
5.68989e-16
1.15269e-13
8.90399e-14
1
2.78111e-14
2.84217e-14
1
1
0
1
1
1.21625e-13
0
1.3739e-13
1
0
1
0
0
7.77156e-15
1.32302e-14
1
1
0
1.16976e-13
5.51781e-14
0
8.20497e-14
0
1
1
1
0
0
0
4.89608e-14
1
0
0
1.99442e-14
0
1
1.66533e-16
6.85563e-15
0
1
0
4.66294e-14
1
1
3.80529e-14
8.18789e-14
0
1
0
0
0
1.83187e-15
1
0
1
1.79856e-14
1
0
2.44249e-14
1
1
1
0
1
0
0
1
3.05034e-14
0
1
1
1
3.57769e-14
1
0
1
1
1
1
5.90084e-14
1.88738e-15
4.38261e-14
1
1.50435e-14
0
0
1
1
0
0
1
2.00395e-13
2.07773e-13
1
0
2.23599e-13
1.89682e-13
2.10554e-13
1
1
0
0
0
1.15463e-14
1
3.1225e-14
1
0
1
0
1
0
0
1
8.33037e-14
1
2.92359e-14
1
1
0
1
0
1
1
1
3.48332e-14
1.90126e-14
9.4369e-16
1.11022e-14
1
0
0
1.63203e-14
1
1
1
0
0
1
0
1
0
1
0
1
1
7.77156e-15
2.37588e-14
4.04121e-14
1
1
0
1
0
3.7137e-14
0
0
7.51066e-14
0
0
0
0
2.10942e-15
0
0
1
0
0
7.34783e-13
0
0
1.88738e-14
1
0
0
0
0
1
1.82354e-14
1.60844e-14
0
2.8727e-14
1.73028e-13
1
0
1
1.27398e-14
1
0
1
1
2.18251e-14
1
1.66533e-14
1
1.69309e-15
1
0
0
0
0
0
1
3.81362e-14
7.49401e-15
1
0
0
0
1
0
0
1
4.37428e-14
1
2.57572e-14
1
0
2.02949e-13
1
0
0
4.10783e-15
0
1
1
1
0
1
1
1
1
3.39728e-14
0
0
0
1
1
1
6.06067e-13
0
0
0
1
1
0
2.22045e-16
1
0
1
1
0
0
1
1
3.19744e-14
1
0
0
0
0
1
1
0
0
0
0
0
1
1
1
7.41074e-15
1.44329e-14
0
0
1
0
0
0
0
2.7478e-14
0
1
0
0
1
0
1
0
0
0
3.65263e-14
1.08802e-14
0
0
0
0
1
0
0
1
0
0
1
5.89528e-14
0
0
1
3.88578e-15
0
6.06067e-13
0
0
1.06137e-13
1
1
0
2.22045e-16
1
0
0
1
1
1
0
0
1
1
1
0
1
1
1.88183e-14
1
0
0
1
0
7.16094e-15
0
1
0
0
0
0
0
0
1
0
3.0323e-14
2.30649e-14
1
1
0
0
1
1.17684e-14
1
1
0
0
0
1
1
2.68674e-14
1.32699e-13
1
0
0
0
1
0
1
0
0
0
0
4.8675e-13
1
0
0
0
1
3.77476e-14
4.4742e-14
0
0
3.55271e-15
8.77076e-15
8.82627e-15
4.64073e-14
1
0
1
1
0
0
1
0
1
0
1
1
2.57572e-14
7.10265e-14
0
4.9849e-14
1
1
1
1
1
2.88658e-15
1
0
1
0
1
1
1
8.5737e-14
0
0
3.36398e-14
1
0
1
1.70974e-14
1
0
0
0
1
0
1
0
1
1
0
2.0095e-14
0
1.20089e-14
1
0
6.48925e-14
0
0
0
0
1
3.00038e-14
1
0
0
0
0
1
0
0
0
0
0
3.03646e-14
1
0
1
5.4734e-14
1
1
2.498e-15
1
7.49401e-16
1
1
6.13398e-15
0
2.19269e-15
1
1
0
2.52021e-14
1
6.81677e-14
0
0
9.99201e-15
0
1
1.31839e-14
1
1
4.18554e-14
0
0
9.85323e-15
1
1
5.36608e-15
0
2.24265e-14
3.26406e-14
1
0
2.38698e-14
0
1.82077e-14
0
1
1
0
1
1
1
1
1
5.00155e-14
1
1.48381e-13
8.07307e-13
0
1
0
1.24345e-14
4.88448e-13
0
1
1.06137e-13
1
0
0
2.22045e-16
0
1
0
9.27036e-15
0
1
5.87308e-14
1
0
1
0
1
0
1
1
1
2.61087e-14
2.52021e-14
0
0
1.51823e-14
1
2.64233e-14
2.37033e-14
9.86803e-14
1
1
0
3.77476e-15
1.12133e-14
0
1
1
0
0
1
6.13953e-14
1
1.85407e-14
1
0
1
0
1
0
3.57492e-14
1
0
1
0
1
1
2.77556e-17
1
1
1
2.15161e-13
8.79297e-14
9.52756e-13
3.19531e-13
0
0
1.79856e-14
0
1
0
0
5.9508e-14
1
0
1
1
0
1
2.26485e-14
0
0
1
8.52096e-15
1.64313e-14
0
5.80647e-14
1
1
1
1
1
7.04992e-15
1
1
1
0
5.9508e-14
1
3.68594e-14
0
1
1
1
0
1
0
0
3.17801e-15
0
0
5.55112e-17
0
8.8124e-15
1
0
1
0
1
1
1
1.42109e-14
1
0
0
5.02376e-14
1
2.0095e-14
1
9.5729e-14
4.77396e-14
0
1
4.56302e-14
1.02817e-12
0
1
5.10703e-14
7.31637e-14
6.71532e-13
1
9.65894e-14
6.23945e-14
1.01363e-13
0
0
3.16414e-14
0
0
3.51386e-14
1
0
2.75613e-14
0
1
1
1
1
0
1.93179e-14
1
1
1
0
2.05114e-14
1
1
0
1
1
0
0
3.70259e-14
3.23815e-17
1
4.82947e-15
1
7.66054e-15
1
1
0
1
1
1
0
0
1
4.15223e-14
1
0
0
0
1.08247e-14
1
1
0
1
3.35287e-14
1.7375e-14
1
5.18104e-15
1
0
6.39044e-13
0
5.10291e-13
0
0
7.08322e-14
0
7.12179e-13
0
1
3.88578e-14
1
3.34621e-13
1.12133e-14
1
0
1.0103e-14
3.59712e-14
8.21565e-15
1.01918e-13
1
0
1
1
2.33517e-14
0
1
1.17684e-14
1
0
0
1
3.85247e-14
0
1
5.08482e-14
4.70179e-14
0
0
1
1
0
0
0
1
0
3.25004e-13
1.62717e-13
8.59868e-14
2.77556e-15
1.3628e-14
1
1
0
5.02931e-14
1
4.05231e-14
0
0
1.17739e-13
0
0
0
1
1.1402e-13
1.249e-15
3.3834e-14
1
1
0
2.64205e-13
0
2.38476e-13
2.00728e-13
1.20792e-13
1
0
7.50511e-14
4.78383e-13
1
0
0
0
1.113e-13
3.43059e-14
2.91989e-14
2.38698e-15
1
1
0
1
1
3.21965e-15
0
0
0
0
1
0
0
0
1
1
0
0
2.90878e-14
8.16014e-15
1
0
0
4.07082e-15
7.41074e-15
0
1
0
1
4.90719e-14
1
0
1.22624e-13
1
1
1
3.4639e-14
0
0
1
1
0
1.11022e-16
2.17049e-13
0
0
0
5.44009e-14
0
0
0
3.76366e-14
1
1.23457e-13
1.9984e-15
1.31228e-13
0
0
0
1
0
1
0
1
0
6.87228e-14
7.38298e-14
0
0
0
4.82947e-15
1
1
1
3.64153e-14
5.76206e-14
5.06262e-14
1
1
9.4369e-15
0
0
0
1
2.25375e-14
1
0
1
3.61655e-14
2.77556e-15
1
1
0
1
0
1
1
1.4766e-14
1
1
1.45439e-14
1
0
0
1
1
1.46827e-14
0
0
1
1
0
0
1
0
6.53736e-14
4.55191e-15
4.88406e-14
1
0
0
4.70179e-14
1
1
0
1
9.4369e-16
3.59712e-14
0
0
0
0
0
0
0
0
0
1
0
5.19584e-14
1
1
0
1.91606e-14
1.04028e-13
0
0
0
1
1
1
1
0
1
2.44249e-14
0
1
1
5.08852e-17
1
0
0
0
0
1
1
1
1
3.06699e-14
1
0
1.19904e-13
0
4.70457e-14
1
1
0
1
1
1
1
0
0
1
1
0
1
1
1
1
0
0
0
1
1
0
0
0
2.63123e-14
7.53582e-13
0
1
0
1
0
0
0
0
1
0
0
0
2.88658e-15
1.22125e-14
0
0
0
0
7.42739e-14
0
0
1
1
1
0
9.47853e-15
8.42104e-14
2.33147e-14
0
1
1
3.71481e-13
1
0
0
1.65146e-14
0
0
1.68754e-14
0
0
1
0
8.57231e-14
1.0987e-13
1
1
6.22835e-14
0
0
2.22045e-16
1
1
4.18554e-14
9.41469e-14
1
5.60385e-14
1
1
1
1
1.89182e-13
0
2.77556e-17
7.71605e-14
3.5083e-14
1
8.42937e-14
1.05749e-14
1.35669e-13
1.08495e-12
0
1
3.63043e-14
1
0
0
0
3.90799e-14
1
0
0
0
1
2.44804e-14
8.3461e-14
0
0
0
0
1
1
0
3.15858e-14
0
1
1
0
0
1
0
6.89448e-14
1
1.29341e-14
0
0
1
1
1
1
0
1
1
1
0
0
1
0
1
1
1
2.40918e-14
0
1
1.2268e-14
0
0
0
3.39728e-14
1
0
3.9857e-14
2.63678e-14
1
0
0
0
1.23512e-14
3.61516e-14
1
1.35669e-13
8.4804e-13
0
1
0
7.39409e-14
0
0
0
0
1
1
0
0
1
0
1.90681e-14
1.81521e-14
3.71925e-14
1
0
1
1
0
1
1.34892e-14
4.61853e-14
1
0
0
9.10383e-15
1
1
1
0
1.61204e-13
4.01901e-14
1
2.77556e-14
1
3.91354e-15
0
1.05471e-15
1
0
0
1
0
1
7.02216e-15
0
1
1
1.10606e-14
1
0
0
0
0
8.60423e-16
1
1
1
0
1
1
1.0561e-14
0
0
0
1
0
0
0
1
0
6.82787e-14
0
1
1
1.75415e-14
5.913e-14
1.28009e-13
0
0
3.39728e-14
4.57412e-14
0
4.66849e-14
1.13895e-13
0
1.16018e-13
2.29261e-14
0
0
5.52891e-14
1
0
2.84217e-14
1.4605e-13
0
1
1
1
0
0
1.00087e-13
1.53581e-15
0
1
2.77556e-17
1
1.33032e-13
1
1
0
1.30951e-13
6.50868e-14
2.34257e-14
1
0
1
1
0
0
1
0
0
0
2.34812e-14
4.94049e-15
0
3.83582e-14
0
7.39871e-14
5.10703e-15
0
5.88418e-15
1
1
1.30812e-13
0
0
0
0
1
2.35922e-15
7.58282e-14
6.22462e-13
1
0
0
0
0
7.10543e-14
0
0
0
1
0
2.05391e-14
1
1
1
1
1
1
1
9.88098e-15
0
1
0
5.85088e-14
0
0
1
0
0
1.89848e-14
0
1
1
0
4.32432e-14
0
1
1
1
1
0
2.30371e-15
1
0
1
1
1
1
4.59632e-14
0
4.16334e-16
0
1
0
7.10543e-15
1
1
1
1
0
7.32747e-15
1
1
0
0
0
0
1
1
0
1.19128e-12
1
0
2.36478e-14
2.43139e-14
0
1.54321e-14
0
1
1
1
1
1
1
0
1
1
4.40759e-14
1
5.11813e-14
0
1
0
0
1
1
1.85962e-15
1
0
0
0
0
1
1
1
8.64864e-14
6.27276e-15
1
1
4.01623e-14
0
1
1
1.59095e-13
1
0
1
1.13243e-14
1
0
0
8.65974e-15
1
0
0
1.11022e-16
0
1
0
0
1
0
1
1.89432e-14
0
0
0
4.22752e-14
0
3.25295e-14
0
0
0
0
1.0103e-14
1
1
0
1
1
1
1.27176e-13
1
2.26166e-13
1
0
1.86517e-14
1
1
1
3.747e-14
0
1
0
5.95357e-14
1
0
3.45279e-14
1
0
1.76525e-14
0
1
0
0
3.4639e-14
1.79523e-13
8.88178e-14
1
4.41314e-14
1
1
1
0
9.32587e-15
1
7.21645e-15
1
5.05151e-14
1
9.41192e-14
1
0
0
0
1
1
1
0
7.5856e-14
2.90878e-14
1
1
1
1
1
6.13953e-14
0
1.23457e-13
0
1
0
0
0
0
7.12763e-14
1
0
0
1
0
0
0
6.26166e-14
0
0
0
4.70735e-14
1
1
5.07927e-15
1
0
1
1.13687e-13
1
1
1
1.41331e-13
1
1
0
0
0
4.20219e-14
1
1
4.08562e-14
0
1.06137e-13
1
0
0
1
6.67244e-14
9.60343e-15
3.10862e-15
0
1
1
0
2.66454e-15
1
1
0
1
0
0
1
0
8.9373e-14
0
1
0
2.66454e-15
6.08957e-14
1
0
0
6.07316e-13
0
0
0
4.16815e-13
1.33227e-15
0
0
1
0
4.67404e-14
1
6.88338e-15
1
0
0
2.67009e-14
1.06082e-13
1
1
1
0
1
0
0
0
1
4.90996e-14
0
1
1
5.06262e-14
0
1
3.59712e-14
0
9.312e-15
0
1
1.11022e-16
1
1
1
0
3.21326e-13
1
0
1
1
1
0
0
1
1
0
1
1.10634e-13
0
1
1.3689e-13
8.74301e-14
0
8.77076e-15
0
1
1
0
0
1
7.2109e-14
6.38859e-13
0
0
0
0
0
6.99441e-15
1.20959e-13
5.86198e-14
1
4.12633e-14
1.06692e-13
1
0
1
0
4.52971e-14
1
1
0
0
0
0
0
1
0
1
0
2.33036e-13
0
0
1
1
1
0
0
0
1
0
3.33067e-16
3.55105e-13
0
1.79856e-14
4.62963e-14
1
0
2.02616e-14
1
1
1
5.55112e-17
1.83326e-14
1
1
0
0
1.73195e-14
0
1
0
1
1
0
1
0
1
2.06779e-14
0
8.66252e-14
1.98064e-13
0
0
2.11376e-14
0
1
3.9968e-15
7.0674e-13
1.6076e-13
0
0
1
0
0
1
1
0
0
1
1
0
0
3.29736e-14
1.64729e-14
1
0
1
1
1
0
1
1
3.4787e-15
1
3.19744e-14
1.55431e-14
0
0
1
1.60982e-15
0
1
3.55549e-14
1.95399e-14
1
1
0
0
0
3.68039e-14
1
0
9.99201e-16
0
0
0
0
4.68144e-15
0
0
1
3.41255e-14
1
4.40759e-14
0
0
0
0
0
0
0
0
0
3.34597e-13
0
1.68199e-13
0
0
0
0
0
2.22045e-16
1
7.99916e-14
0
1
0
1
0
0
0
1
0
4.57042e-15
1
1
1
0
0
1
3.9968e-15
1
1
1
7.77156e-15
1
7.84558e-15
1.64313e-14
3.10862e-15
1
0
1
1
0
0
1
1
8.18234e-14
3.25573e-14
1
9.88098e-15
1
5.32907e-15
0
1
0
0
0
1
0
0
1.85962e-14
0
1
0
0
0
0
1
1
1
3.98154e-14
1.33227e-14
0
0
5.01116e-13
9.90319e-14
1
0
0
0
0
0
1
0
0
1
0
1
0
0
1
1
1.42664e-14
0
1
1
1
1
7.47735e-14
0
5.20972e-14
0
0
2.4647e-14
0
0
3.55271e-15
0
0
7.66054e-15
4.44089e-16
0
6.87228e-14
1.24178e-13
1.88738e-15
0
0
2.55018e-13
0
4.17444e-14
1.0103e-14
0
0
0
1
1
1
0
1
1
0
1
0
0
0
0
0
1.01918e-13
1.71529e-14
1
9.15934e-15
2.82774e-13
1
0
0
0
8.40439e-14
8.29892e-15
0
0
0
8.19345e-14
0
1
0
3.06422e-14
1
3.55271e-15
1.50898e-14
0
0
9.448e-14
8.16847e-14
2.32037e-14
1
1
1
1
1.28508e-14
6.91669e-14
1
8.39051e-14
1
1
1
1
1
0
1.93179e-14
0
1
0
1
1
0
0
1
1
1
1
1
0
1
0
1
0
3.74145e-14
1
7.88258e-15
2.47857e-14
0
2.78666e-14
7.67442e-14
0
0
1
1
1
0
1
1
8.65974e-15
1
1
2.58016e-13
0
0
8.40439e-14
1
3.61933e-14
0
0
1.07359e-13
2.88658e-14
1
1
0
1
0
1
1.97065e-14
1
2.24265e-14
0
0
0
0
1
1
0
0
1
0
1
1
6.93889e-15
1
1
0
1
4.79616e-14
2.43139e-14
0
1
8.75688e-15
3.27932e-14
0
1
1
2.63123e-14
9.88098e-15
1
0
1
1
1
0
5.80647e-14
1
2.38698e-15
1
1
0
1
0
1
5.44009e-15
0
0
1.83187e-14
1
1
6.10623e-16
1.42109e-14
1.28952e-13
2.80442e-13
0
5.79921e-13
0
2.36255e-13
0
0
1
1
0
0
1.37964e-13
4.27436e-14
1
1
0
0
0
5.69729e-14
1
1
0
1
1
9.26204e-14
1
1.80411e-14
1
0
1
4.91829e-14
8.99281e-15
2.67379e-15
0
0
0
0
1
0
7.38298e-15
1
1
1
1
1
9.19126e-14
2.88658e-15
1
1
1
1
0
1
1
1
0
0
1
1
0
1
0
1
1
3.39728e-14
0
3.99125e-14
4.44089e-16
2.29261e-14
8.17818e-14
1
1
1
1
1
1
1
1
1
6.9611e-14
1
1
1
1
1
1
1
1
1
1
1
1
1
1
1
1
1
1
8.53623e-14
1
1
1
1
1
1
1
4.89331e-14
1
1
1
1
1
1
1
1
1
1
1
1
1
1
1
0
1
1
0
1
1
1
1
3.79696e-14
0
1
1
1
1
1
1
1
1.14353e-14
1
0
1
1
1
2.22045e-14
1
1
2.84217e-14
1
1
1
0
1
1
0
4.20775e-14
1
1
1
1
1.02834e-14
1
1
1
1
1.03695e-13
1
1
1
1
1
1
1
1
1
1
1
0
1
1
1
1
1
1
1
1
1.11022e-16
1
1
1
1
1
1
1
1
1
1
1
1
1
1
4.63518e-14
1
0
0
1
1
1
1
1
1
1
0
1
1
1
1
5.15143e-14
1
1
1
1
1
1
1
1
1
1
1
1
1
1
1
1
1
1
1
1
1
1
1
1
1
1
0
1
1
1
1
1
1
1
1
1
1
1
1
1
1
1
1
1
1
1
1
0
1
1
1
1
1
1
1
1
1
1
1
1
1
1
2.47857e-14
1
1
1
1
0
1
4.02456e-15
1
1
0
1
7.45977e-14
1
1
2.3731e-14
0
0
2.42029e-14
1
1
1
0
0
0
8.57647e-15
1
1
8.9373e-15
2.9976e-14
0
0
1
1
1
1
1
1
0
0
3.55271e-15
1
1
9.54792e-15
0
0
1
1
1
1
1
1
0
0
1
1
1
1
1
1
0
1
1
1
0
2.60625e-14
1
0
1
1
1
1
1
1
3.33067e-15
0
1
0
0
2.07334e-14
0
1
0
4.03011e-14
1
1
1
0
1
1.59456e-14
1
1
1
1
1
1
1
1
1
2.55768e-14
1
0
0
1
1
1
1
0
0
1
0
1
1
0
0
1
1
1
0
3.45279e-14
1
1
3.86635e-14
1
1
0
0
0
1
1
0
1
1
2.3842e-14
1
5.10703e-15
1
1
1
1
-9.25186e-18
1
0
1
1
1
0
0
0
1
2.54796e-14
4.94604e-14
3.89411e-14
0
1.4877e-14
0
1
0
1
0
1
1
1
5.20972e-14
2.17604e-14
0
1
1
0
1
1
6.80567e-14
1
1.79579e-14
1
1
1
1
1
1.63758e-14
1.94289e-16
1
1
0
9.71445e-15
0
1
2.10942e-15
0
1
1
0
0
1
2.96985e-15
6.56882e-15
0
5.81479e-15
0
0
1
1.06304e-14
1
1
1
0
1
0
2.58682e-14
1
1.38778e-16
0
1
1
1
0
1
1
0
0
5.98827e-14
1
1
0
1
1
0
0
0
1
1
4.26464e-14
1
1
0
0
0
1
1
1
0
1
2.55074e-14
2.77556e-17
1
2.59792e-14
1
1
1
1
0
1
1
1
1
0
1
3.46112e-14
4.46865e-15
1.29619e-14
1
6.55864e-14
1
1
1
0
4.26326e-14
1
3.16969e-14
0
1
1
1
1
1
0
1
1
1
1
3.48055e-14
1
3.48332e-14
1
5.71765e-15
1
1
1
1
1
1
1
0
1
9.71445e-16
1
0
0
1
0
1
0
1
2.75613e-14
0
0
1
1
4.15917e-14
3.45557e-14
0
1
1
1
0
1
0
1
1.62093e-14
1
4.92245e-14
1
1.62925e-14
1
4.82392e-14
1
5.73847e-14
1
0
1
1
1
5.20556e-14
1
0
1
1
3.11695e-14
1
1
1
6.22835e-14
2.76446e-14
1
1
1
1
1
0
1
0
1
0
1
1
6.17284e-14
1
3.89688e-14
1
1
0
2.93654e-14
1
1.96232e-14
1
1
1
1
1
0
0
8.63198e-15
1
1
0
1
0
0
1
7.40241e-14
1
1
0
1
8.49321e-15
0
1
1
0
1
5.78704e-15
1
1
1
4.62269e-14
0
1
1
1
5.80092e-15
1
0
1
1
1
1
0
2.02061e-14
0
1
1
1
1
1
0
0
1
3.92741e-14
1
1
0
2.68674e-14
5.85365e-14
6.43235e-14
1
1
1.11022e-16
1
4.32987e-15
3.85803e-15
1
1
1
1
0
1
1
1
2.3731e-14
3.08642e-14
1
1
1
1
3.35287e-14
1
0
0
1
1
1
1
0
1
0
1
0
1
1
1
1
3.47222e-14
0
1
1
1
1
1
0
5.05707e-14
1
1
1.0103e-14
5.01821e-14
4.724e-14
1
1
1
1
1.15463e-14
0
1
7.13873e-14
1
1
1
0
0
3.12528e-14
1
1
1
5.86198e-14
5.47062e-14
4.68514e-14
0
0
0
0
1
1
2.84217e-14
1
1
0
1
5.27356e-15
2.86993e-14
1
1
2.68119e-14
0
0
1
1
8.17124e-14
4.27158e-14
1
1.38611e-13
1
0
1
0
0
1
0
0
1
0
1
1
1
1
1
0
1
3.05589e-14
1
0
1
1
1
1
1
1
1
1
2.14412e-14
1
6.81399e-14
0
1
1
1
8.58896e-14
1
0
9.91707e-14
1
5.66214e-14
1
0
1
1
1
0
4.62685e-14
0
0
1
1
1.02696e-15
1
0
1
0
0
0
3.90243e-14
1
1
2.58127e-15
2.55351e-15
1
3.40838e-14
1
2.77556e-16
1
0
1
1
1
0
1
0
1
1.0153e-13
1
1
1
1
1
5.55112e-17
0
8.2323e-14
1
1
0
1.45439e-14
9.16489e-14
4.03844e-15
1
0
1
1
1
1
1
0
5.84255e-15
0
1.60982e-14
1
0
0
0
0
0
0
1
1
1
8.6875e-15
1
1
1.42525e-14
0
1.55431e-14
0
0
0
6.64468e-14
0
1
0
1
0
0
0
1
1
1
0
0
1
1
1
2.65898e-14
7.10959e-14
1
1
9.65894e-15
0
1
1
0
1
0
1
0
0
3.45279e-14
3.51941e-14
0
1.55986e-14
1
0
0
0
1.75415e-14
6.82232e-14
1.75276e-14
1
0
1
1
0
3.0323e-14
0
1
1
0
1
1
0
1.23235e-14
1
0
1.94289e-15
1
1
1
0
1
1
1
2.00673e-14
5.55112e-14
6.17006e-14
0
1
1
0
0
1
1
0
1
0
1
1
0
1
0
1
0
1
4.50751e-14
0
1
1.09524e-13
2.27596e-15
1
1
0
1
1
0
0
0
0
1
1
1.34337e-14
1
0
0
1.7375e-14
3.59712e-14
6.27276e-15
0
1
1
1
1
0
0
1
1
1
1
1
1
8.32667e-16
0
1.92901e-14
1
0
0
4.88498e-14
0
3.24185e-14
0
0
1
0
8.27671e-14
1.72778e-14
1
0
1
0
1.40998e-14
8.68194e-14
5.25135e-14
0
0
1
1
1
0
1
1
0
0
4.33542e-14
1
0
0
0
1
0
0
0
0
0
1
1
0
1
7.23865e-14
1
0
0
1
0
1
0
1
3.46945e-14
1
0
0
0
1
0
1
1
1
1.95399e-14
1
1
6.29496e-14
1
0
1.62093e-14
2.39808e-14
0
0
1
0
0
1
1
1
0
1
0
0
0
1
0
0
1
0
1
2.13995e-14
1
0
1
1
0
1
3.16136e-14
7.26502e-14
5.71765e-15
1
1
0
4.68237e-14
1
0
1.42109e-14
9.86988e-14
1
0
7.21645e-15
1
1.97758e-14
1
0
3.93713e-14
1
1
0
0
0
1
1.4766e-14
1
4.19387e-14
1
6.66134e-15
0
0
0
1
0
1
2.41474e-14
1
3.20161e-14
0
0
0
0
1
1.96232e-14
1
1
0
2.74225e-14
0
6.63636e-14
1
1
0
1.11022e-15
1
1
1
1
6.04933e-14
0
4.10783e-15
6.54754e-14
0
0
1
0
3.4861e-14
1
1
0
1
0
0
1
1
5.35127e-14
0
0
1
0
2.07612e-14
1
1
0
1
5.4276e-14
1
0
1
1
1
0
1
1
0
0
0
5.4956e-15
1
1
0
0
0
0
1
0
1
1
0
1.73889e-14
1
5.20139e-14
0
1
1
1.66533e-16
0
1
5.13756e-14
0
1
0
3.10585e-14
0
0
1
5.2458e-15
1
1
1
7.88258e-15
0
1
0
1
1
1.87628e-14
0
1
4.10783e-15
0
1
1
1
1
0
3.57048e-13
1
1
0
0
4.10783e-15
1
1
1
2.69229e-15
1
5.55112e-17
7.85483e-15
2.94209e-15
0
1
1
0
1
0
7.77156e-16
0
0
0
1
1
1
1.76248e-15
1
2.19269e-15
1
1
0
8.32667e-15
0
2.44249e-15
1
1
0
1
1
1
0
1
1
1
0
3.9968e-15
1.01585e-14
1
1
1
1
0
1
1
0
6.52256e-15
1
5.32907e-15
1
0
3.10862e-15
1
1
1
7.28584e-15
1
4.77396e-15
3.10862e-15
1
1
9.52016e-15
4.21885e-15
1
1
0
0
0
1
1
1
0
0
1.04083e-15
9.90874e-15
1
1
1
1
1
1
1
1
1
1
1
0
1
3.9968e-15
0
1
1
1
0
0
1
1
1
1
1
0
0
1
0
1
4.21885e-15
1
1
0
0
1
1
0
1
1
0
1
1
2.23432e-15
1
1.88738e-15
0
1
1
1
1
0
1
0
1
1.1241e-14
1
0
1
1
1
1
0
1
1
4.05231e-15
1
1
0
1
0
0
0
1
1
2.22045e-16
1
1
7.77156e-16
1
0
5.66214e-15
1
1
1
1
1
5.78704e-15
1
1
1.2268e-14
1
1
1
1
1
1
0
0
2.94209e-15
1
1
1
1
1
0
1
1
0
1
1
1
1
1
5.88418e-15
1
1
1
3.21965e-15
7.52176e-15
0
2.27596e-15
1
4.32987e-15
0
1.11022e-16
1.00892e-14
1
1
1
1.11022e-15
0
1
0
1
0
0
1
2.31759e-15
1
1
4.21885e-15
1
1
0
1
1
1
1
1
1
5.1209e-15
1
1
0
1
1
2.77556e-17
1
1
1
0
1
1
0
1
1
4.96825e-15
7.96585e-15
0
1
1
1
1
1
0
5.27356e-15
1
1
1
7.54952e-15
0
1
1
0
1.44329e-14
1
1.37113e-14
0
1
0
0
1
1
1.09635e-14
1
1.01863e-14
1
1
0
1
1
1
0
1
1
1
0
1
1
4.7462e-15
1
1
1
1
0
1
1
0
1
1.52239e-14
1
1
1
3.02536e-15
1
1
1
3.71925e-15
1
0
1
3.9968e-15
0
1
1
1
1
1
1
0
1
1
0
1
0
1
1
1
1
0
1
1
1
0
1
0
1
1.13798e-15
1
1
1
0
1
0
1
1
0
1
1
0
1
0
1
1
2.9976e-15
1
1
4.55191e-15
1
1
1
1
1
0
1
1
0
1
1
1
1
0
0
0
1
0
8.02136e-15
1
0
1
9.32587e-15
7.77156e-15
8.54872e-15
1
0
1.89293e-14
1
1
1
1
1
1
1
1
1
0
1
5.55112e-17
0
1
0
1
1
1
1
0
0
1
0
1
0
1
0
1
1
8.14626e-15
0
1
0
7.57727e-15
1
1
0
1
1
0
1
0
1
1
1
4.16334e-15
1
1
1
1.19071e-14
0
1
0
1
1
1
0
8.88178e-15
1
1
3.2474e-15
1
1
1
1
1
6.21725e-15
1
3.1225e-15
1
9.90874e-15
1
1
1
1
2.88658e-15
3.31679e-15
1
0
1
0
1
5.77316e-15
0
1
1
1
1
0
1
1
6.21725e-15
1
1
1
1
3.04479e-14
1
1
5.75928e-15
0
1
1.68338e-14
1
1
1
4.996e-16
1
1
1
4.81559e-15
0
1
1
1
1
1
1
1
1
1
1
5.55112e-17
1.46827e-14
9.35363e-15
0
0
1
1
0
1.26427e-14
1
1
1
1
5.71765e-15
1
1
1
0
1
6.38378e-16
1
2.16216e-14
1
0
1
0
1.9984e-15
5.44009e-15
1
0
0
1.73935e-15
1
1
1
1
0
1
1
1
1
0
1
1
1
1
1
1
0
0
1
3.55271e-15
1.04916e-14
0
0
0
1.20598e-14
1
1
1
0
2.16493e-15
1
1
9.21485e-15
0
1
1
1.09496e-14
1
1
1
1
3.83443e-14
0
1.11855e-14
3.77476e-15
1
0
1
1
1
1
0
0
1
0
0
1
1
1
0
2.07205e-13
9.65894e-15
1
1
1
1
1
0
1
0
0
1
0
0
0
1
1
1
1
1
1
1
1
1
1
1
0
1
1
0
0
0
0
1
0
1
0
1
1
1
0
1
1
0
1
1
0
1
1
0
1
1
1
1
6.80012e-15
1
0
1
1
7.66954e-14
1
1
0
1
1
1
1
0
1
1
1
1
1
1
0
1
1
1
0
1.2379e-14
0
1
1
0
1
1
0
1
1
0
1
1.97065e-15
0
1
1
1
0
1
1
1
1
6.27276e-15
1
1
1
1
0
1
1.75243e-14
1
1
0
1
1
1
0
1
1
1
1.2379e-14
1
2.00673e-14
1
2.36255e-13
1
2.18159e-14
1
1
1
0
3.4972e-15
1
1
1
1
1
0
0
1
0
0
1
1
1
1
7.81597e-14
0
0
1
2.22045e-15
1
1
1
1
1
9.75886e-14
1
0
0
1
1.27953e-14
1
1
0
1
1
1
1.17545e-14
0
1.03362e-13
1.82299e-13
1
1
2.74225e-14
1
1
1
0
1
1
1
1
1
1
1
1
2.85882e-15
1
1
1
1
0
1
1
1
1
1
9.13158e-15
1
1
0
1
1
1.08552e-13
1
0
1
1
0
1
1
1
1
1
1
0
1
0
0
3.81917e-14
1
1
0
0
0
1
1
1
1
1
1
1
1
1
0
9.99201e-16
1
1
1
0
0
0
0
1
1
1
0
1
1
1
1
1
0
1
1
1
1
1
0
1
0
1
1
0
0
0
1
0
1
0
1
1
1
3.94684e-14
1
1
0
1
1
7.16094e-15
1
1
1
1
1
1
1
1
1
1
2.28706e-14
1
1
1
1
1.22125e-15
1
0
1
1
2.67564e-14
1
6.4948e-15
1
1
0
1
1
1
1
1
0
0
0
0
2.4894e-13
0
0
0
0
1
1
1
1
1
1
4.14946e-15
1
1
0
4.95159e-14
1
1
1
1
1
1
1
1
1
1
1
0
1
1
1
1
1.59192e-13
0
0
4.77396e-15
1
1
1
1
1
1
1.00198e-14
1
1
1
1
1
1
1
1
1
1
1.93179e-14
1
8.88178e-16
1
0
1
1
1.65701e-14
0
1
1
0
1
1
1
1
1
4.10783e-14
1
1
1
1
1
1.11022e-16
1
1
0
1
1.55154e-14
0
1
1
1
1
0
1
1
1
0
0
0
1
1.42664e-14
1
0
0
0
1
1
2.65066e-14
1
0
1
4.02456e-15
1
1
3.45501e-13
7.74381e-15
0
0
1
0
1
0
1
1
1
1
1
1
1
1
1
1
0
0
1.08247e-14
1
0
1
1
1
1
1
0
1
1
1
1
1
1
0
1
1
4.16334e-15
1
1
1
1
1
1
1
0
1.07414e-14
1
1
1
1
1
0
1
1
0
0
1
0
1
1
0
1
0
1
1
3.15303e-14
1
1
1
1
9.99201e-16
1
1
1
1
1
2.74324e-13
0
1
1.82132e-13
1.62093e-14
0
1
0
1
0
1
1
5.81362e-15
1
1
1
0
0
1
1
2.42584e-14
1
0
0
1
1
1
0
1
1.64683e-14
1
1
1
1
1
0
1
8.29892e-15
1
0
0
1
1
0
1
0
1
2.96985e-15
1
1
1
1
1
1
1
1
1
1
1
1
0
1
1
1
1
1
1
1
4.38538e-15
1
1.57929e-14
1
1
1.07025e-13
1.72085e-15
0
1
1
1
1
1
1
0
0
0
1.66533e-15
1
1.27121e-14
1
1
1
1
1
1
4.88498e-15
0
0
0
0
0
0
0
8.47655e-14
5.36793e-14
1
1
4.4631e-14
1
1.7028e-14
1
1
3.96905e-15
5.61773e-14
0
1
1
4.82947e-15
1.62648e-14
0
3.06699e-15
2.28983e-15
0
1
1
1
1
1
1
0
0
1
0
0
1.36557e-14
0
1
0
9.30922e-14
1
1
1
1
1
1
1
0
2.498e-15
0
1
0
0
0
0
4.996e-15
1
1
1
1
0
8.32667e-16
1
1
0
1
1.73972e-13
1
1
0
1
0
0
1
2.06501e-14
1
1
1
1
0
1
0
3.40838e-14
1
0
7.1684e-14
1
1.18461e-13
1
0
0
1.02474e-13
1.58207e-14
1
1
0
5.87308e-14
1
1
1.1674e-13
0
1
1
1
1
1
1
1
0
1
1
1
1
0
1
1
3.26406e-14
0
0
8.24341e-15
1
1
1
1
9.54237e-14
1.42525e-14
0
1
0
1
1
1
0
1
1
2.66454e-15
3.27294e-13
1
1
0
1
1
1
0
0
1.19627e-14
1
1
1.99979e-14
1
1
0
1
0
1
1
1
1
1
4.06619e-15
2.85327e-14
6.89171e-14
1
0
1
0
1
1
1
3.24407e-13
1
0
0
1
0
0
0
1
1
0
8.10463e-15
0
0
0
1
2.22045e-15
0
1
5.88418e-14
0
0
1
0
2.08028e-14
0
1
0
1
1
1
1
1
0
1
1
4.66294e-15
1
1
1
1
4.7462e-15
1
0
0
1.66533e-15
1
1
1
0
1
1
1
1
6.13953e-14
1.78774e-13
1
1.78191e-14
1.02696e-14
1
0
1
0
1
1
1
0
1
1
7.59393e-14
1
1
0
9.35363e-15
1
1
1
0
3.06422e-14
4.10783e-14
2.38143e-14
0
1
1
0
2.8838e-14
2.29261e-14
2.22045e-16
1
0
0
0
1.94289e-14
1
0
0
4.64073e-14
0
1
6.42819e-14
2.67009e-14
1
1.32117e-14
0
1
1
3.64153e-14
2.62429e-14
1
1
1
0
1
1
4.55191e-15
1
1
1
1
1
0
1
4.13003e-14
1
1
1
1
1
0
1
0
1.78191e-14
1
1.69309e-15
0
1
1
1
1
0
1
1.35003e-13
0
1.249e-15
0
1
1.88738e-15
1
1
0
1
1
1
6.10623e-16
1
1
1
1
0
1
1
0
1
1
1
0
4.78506e-14
1
0
0
1
1
1
0
0
1
4.3876e-13
9.32936e-14
1
3.01981e-14
1.38778e-14
4.86722e-13
1
1
0
7.99361e-15
1
0
0
1
1
4.53526e-14
1
1.13243e-13
0
5.19029e-15
1.67644e-14
1
0
1
1
1
9.33975e-15
1
0
3.55271e-15
1
1
1
0
1
1
1
1
1
1
1.15963e-13
1
0
1
2.56462e-14
0
4.10783e-15
1
1
1
6.30052e-15
1
0
1
1.64313e-14
0
1
5.30131e-15
1
0
1
1
9.15934e-16
8.65974e-15
0
0
1
1.49214e-13
1
1
2.88658e-15
1
1
1
1.32533e-14
1
0
1.78191e-14
0
1
1
1
1.27676e-15
1
1
0
0
0
1.51011e-13
0
0
0
0
0
0
1.23235e-14
1
6.28941e-14
3.02536e-14
1
1
1
0
1
7.32747e-14
0
1
0
1
1
1
0
1
1
1
1
1
1
1
1
4.17444e-14
0
1
1
1
1
1
1
2.04281e-14
4.10783e-14
1
1
1
0
0
1
1
1
0
1
1
1
0
1
0
1
1
1
1
1
0
1
1
1
0
3.24185e-14
1
1
1
1
2.44249e-15
0
0
2.98511e-14
1
1
1
1
1
1
1
1
1
1
1.05952e-13
1.66978e-13
0
1
6.245e-15
0
1
0
0
0
0
0
1
1
1
1
1
0
0
1
1
1
1
9.76996e-15
1
0
1
1
1
9.54792e-15
1
0
7.00551e-14
3.21521e-13
0
1
0
1
0
0
1
1
1
1
1
1
1
1
0
1
1
1
2.07945e-13
2.36394e-13
1
0
0
1
1
0
1
1
1
1
1
0
1
0
1
1
0
1
1
1
0
0
0
0
1
1
0
1
0
8.32667e-15
6.94445e-14
1
1
0
0
1
2.27596e-13
7.21645e-14
0
1
1
2.28706e-14
0
0
0
0
1
4.2466e-15
1.41331e-13
1
5.38236e-13
1.64035e-14
0
0
1
1
0
1
1
1
2.32037e-14
0
1
1
7.77156e-16
2.29816e-14
1
1
1
1
0
1
1
1
1
0
1
0
1
1
1
4.4631e-13
2.66454e-15
1
1
0
0
1
1
1
1
1
2.42861e-14
1
1
0
1
1
1
1
0
1
4.42424e-14
1
3.76088e-15
1
1
1
1
1
0
1
1
1
1
1
0
1
0
5.60663e-14
3.88907e-13
0
1
2.02061e-14
1
0
3.10862e-15
-3.70074e-17
0
1
2.33591e-13
1
0
2.17604e-14
1
1.56986e-13
1
0
1
1.88738e-15
2.74225e-14
1
1
2.40641e-14
1.09079e-14
1
1
1
1
1
0
0
0
1
0
1.70697e-14
0
0
1
0
1
1
0
0
1
1
0
1
1
1
4.87388e-14
1
1
1
1
0
1
1
1
1
1
0
0
1
1.58207e-15
1
0
1
0
1.13798e-15
1
1
0
1.73472e-14
1
0
1
0
0
0
2.73605e-13
7.61915e-14
0
0
0
1
1
1
1.62425e-14
0
1
1
1
0
1
1
0
1
2.48135e-14
1
1.47105e-14
1
1
4.88498e-15
6.10623e-15
1
1
1
1
1
1
1
1.29063e-15
1
1
1
0
9.76996e-15
0
1
0
1
1
1
2.43139e-14
1
1
1
1.60316e-13
1
1
1
1.15463e-14
1
0
0
1
0
0
6.68909e-15
1
1
1
1
1
0
1
1
0
1
1
1
3.98015e-14
1
1
1
1
0
5.6955e-13
0
5.67324e-14
1
0
0
1
1.14853e-13
1
1.22014e-13
7.44405e-14
1
1
1
1
5.05151e-15
1
1
0
1
0
1
1
0
2.05391e-15
1
0
2.9976e-15
1
1
0
0
0
1
0
1
1
7.51899e-14
1
0
1
1
1
1
1
0
0
0
0
1
2.0095e-14
1
1
7.63278e-15
1
1.82077e-14
4.88498e-15
1
1
1
0
0
0
0
1
0
6.10623e-16
0
1
0
1
1
8.54872e-15
0
1
8.37293e-15
1
1
0
0
0
1
3.27738e-13
0
6.35307e-13
3.9968e-14
1
1
1
0
0
0
1
6.10623e-15
1
1
6.61138e-14
1
1
1
2.33147e-14
1
1
0
4.996e-15
1
1
1
1
1
0
1
0
1
8.32667e-16
0
1
0
2.05946e-14
1
1
1
1
1.40998e-13
1
9.99201e-16
1
0
1
1
1
1
1.76248e-14
1
1
0
1
0
1
0
0
0
1
1
0
0
1
1
0
0
0
1
1
1
0
1
0
8.93174e-14
0
1
0
0
0
0
1.10484e-14
5.07372e-14
0
1
1.30007e-13
1
1
0
1
5.57887e-15
1
5.60663e-15
1
1
1
1
1
1.66533e-16
9.52016e-15
1
1
1.81151e-14
1
1
0
0
1
1
0
1
0
2.22045e-15
1
0
9.38138e-15
0
1
1.92439e-14
1
2.02616e-15
1
1
1
3.33067e-16
1
0
1
1
1
1
0
0
0
1
1
0
4.21885e-15
1
0
1
1
1
1
4.57967e-15
1
0
1
7.43849e-15
1
1
1
0
3.33067e-15
0
0
0
1
1
0
1
1.74083e-13
1
3.9635e-14
0
1
1
1
1
1.66533e-15
0
1
1
1
1
1
1
0
0
0
0
1
1
1
2.23821e-13
1
1
0
1
0
1
0
1
1.47105e-15
1
1
0
1
1
2.94209e-15
1
0
1
1
0
1
1
1
1
1.02696e-15
5.63438e-15
1
1.22125e-14
1
1
0
1
1
1
1
1
1
1
2.19269e-15
1
1
0
1
1
0
1
4.14113e-14
3.77476e-15
1.20958e-13
0
1
0
1
6.71463e-13
7.60503e-14
0
5.28466e-14
1
1.03029e-13
1
0
1
1
9.85323e-15
1
0
1
1.56541e-14
1
1
1
0
0
1
1
0
1
1
1
6.31439e-15
1
0
1
1
1
1
0
1
0
1
1
1
1
6.34215e-15
1
1
3.22409e-13
1
6.48925e-14
1
0
0
1
1
1
0
1
1
1
0
1
1
1
1
1
1
1
1
1
1
1
1
1
1
1
0
2.80331e-14
0
0
1
1
0
4.47662e-13
1
1
1
6.53921e-14
2.81997e-14
1
0
1.42109e-14
1
5.78704e-15
1
0
0
0
0
1
1
0
0
1
1
0
0
1
0
1
1
1
0
1
1
7.84373e-14
0
1
1.00753e-14
1
3.33067e-16
1
1
1
1.45439e-14
0
8.02136e-15
1
1.12521e-13
1
0
2.1233e-15
0
1
1
0
1
1
1
1
1
1
1
1
0
0
2.27873e-14
2.3842e-14
0
0
0
0
0
1
1
1
0
0
0
0
1
0
0
0
0
1.23512e-14
1
2.25153e-13
1
1
1
0
0
1
0
1
1
1
1
1
1.26843e-14
1
0
3.33067e-16
1
1
1
1.02141e-14
1.72085e-15
1
8.04912e-16
1
0
0
1
1
1
0
0
1
1
1
1
1
1.2268e-14
1
3.16969e-13
0
1
4.24105e-14
1
9.19635e-15
1
2.60902e-14
0
0
1
1
0
4.19664e-14
1
0
2.54519e-14
5.38458e-15
1
1
6.16784e-13
2.58127e-14
0
1
0
1
1
1
1
8.80962e-14
0
1.23613e-13
0
0
0
5.9445e-13
0
4.42313e-13
1
1
0
3.36398e-14
1
1
1.08247e-15
1.22957e-14
0
0
1
0
1
2.39808e-14
1
0
1.9984e-15
1
1
1
1
1
0
1
1
0
0
1
0
1
0
7.11468e-14
0
3.18079e-14
9.32587e-15
1
1
0
1
1
1.01585e-14
0
6.4615e-14
1
1
1
1
1
1
1
1
1
1
2.56462e-14
3.80529e-14
1
7.43849e-15
1
0
1.22125e-14
0
0
1
1
1
0
0
5.55112e-16
1
4.18554e-14
1
0
0
0
1.79579e-14
0
6.44818e-13
1
1.9984e-15
0
0
2.37588e-13
1
1
1
2.9865e-14
0
0
1.46549e-14
1
1
1
1
1
3.40283e-14
1
1
0
1
1
1
1
0
0
0
1
1
1
0
0
0
0
2.66454e-15
1
8.31279e-15
1
1
1
1
3.75255e-13
1
6.46705e-14
1
1
4.13003e-14
1
1
1
0
6.66134e-16
1
0
0
1
1
1
1.18239e-14
1.83187e-14
1
0
1
1
1.53211e-14
0
1
1
2.44249e-15
1
1
0
2.19061e-13
0
1
0
8.27116e-15
5.53829e-13
1
2.27707e-13
1
6.68354e-14
1.66533e-15
0
0
1
0
0
1.16573e-14
0
1
7.27196e-15
6.82787e-15
1
1
1
1
1.19349e-14
1
1
3.41671e-14
1
1
7.10543e-15
0
1
1
1
1
0
8.42659e-14
1
1
1
1
1
1
1
1
1
1.18128e-13
7.87703e-14
1
1
0
1
0
3.11973e-14
1
2.77556e-16
1.93734e-14
1
1
1
1
1
0
0
1
1.68893e-14
1
0
1
1
1
0
3.20577e-15
1
1
3.21965e-13
0
0
5.43492e-14
6.4774e-14
0
0
5.13367e-13
0
4.51306e-14
1
1
1
1
1
1
7.66054e-15
1
1.18516e-14
1.44329e-13
1
0
1
6.3699e-14
1.77636e-15
5.9952e-15
1
1
0
2.12608e-14
1
1
6.80789e-13
0
1
1
1
7.82707e-15
0
1
1.94289e-16
1
1
1
2.19824e-14
0
1
1
1
1.59872e-14
1
4.05787e-14
2.33702e-14
3.02536e-15
0
1
1.77636e-15
7.93809e-15
8.99281e-15
1
0
1
1
0
1
0
1
1
1
0
0
1
1
1
1
1
7.35523e-15
1
1
1
0
7.94981e-13
0
1
1
0
0
0
0
1
1
0
1
5.62883e-14
1
1.55616e-14
0
1
1
1
1
1
0
0
1
1
0
1
1
1
1
1
0
1
0
0
1
1
1.41775e-13
8.03246e-14
1.08802e-14
1
1
0
1
1
0
1
1
0
1
1
0
0
1.38778e-14
1
5.30687e-14
7.24421e-15
1
0
1
1
4.44977e-13
1
3.49276e-13
8.65974e-15
1.02973e-14
3.26406e-14
1
1
1
1
0
0
1
1
0
1
0
0
1.79466e-13
0
1
3.49165e-14
1
0
0
0
1
1
1
1
2.22045e-14
1
2.75474e-14
1
0
1
1
1
1
1
0
0
1
0
0
0
6.4948e-14
1
0
1
1
1
0
1
7.29972e-15
2.00007e-13
5.90639e-14
6.84452e-14
0
0
1
1
1
0
1
1
0
1
0
0
1
0
1
1
1
0
0
1
1
1
1
1
1
1.40443e-14
1
1
1
0
1
1
0
0
1
1
1
1.14353e-14
4.93494e-14
0
0
1
1
6.02018e-14
0
1
3.09752e-14
1
0
0
6.36158e-14
0
1
6.66134e-16
0
3.56382e-14
1
0
1
2.32869e-14
1
1
9.27036e-15
0
0
1
1
1
1
0
1
1
0
1
1
1
0
0
1
1
0
0
1
0
0
1
7.43849e-15
0
1
1
1
0
1
1
1.90681e-14
0
1
1
3.88578e-15
1
1.78968e-13
0
1
1
1
1
0
1
1
1
0
1.50805e-14
0
1
1
1
1
0
0
3.63596e-13
0
1
0
0
0
1.5854e-13
0
1
0
0
1
0
0
1
1
4.22773e-13
1.36557e-14
1
1
1
5.71765e-14
0
0
1
2.27596e-15
3.40977e-14
0
1
0
0
0
1
1
1
0
1
1
1
1
1
1
0
3.6926e-13
1
1
1
0
1
0
1
1
1
1
1
1
1
0
1
0
1.64757e-13
1
1
0
1
1
1
2.86993e-14
1
1
1
0
0
0
2.57572e-14
1
0
3.41949e-14
9.35336e-14
1
1
3.33067e-16
0
0
0
1.1402e-13
0
1
3.71925e-14
7.27196e-14
8.43769e-14
1
4.43257e-14
5.77316e-15
1
1.08802e-14
1
0
1
0
0
6.76126e-14
1
1
1
0
1
1
2.18825e-13
1
0
1
1
1
1
1
1
1
1
1.68754e-14
1
1
1
0
1
0
2.83773e-13
3.58047e-13
1
1
1
0
1
7.87148e-14
1
1
2.77556e-15
0
5.80647e-14
0
1
3.33067e-16
5.91194e-15
1.70697e-15
1
0
1
1
1
0
1
1
1.9984e-15
0
1
1.53433e-13
0
0
6.87969e-13
1
0
1
0
1.04361e-13
1.99063e-13
0
1
0
0
1.03584e-13
1
1
0
1
0
0
1
0
0
1
1
0
-5.55112e-17
1
0
0
1
0
1
1
1
1
2.42306e-14
2.28891e-14
1
5.2458e-15
1
1
2.39808e-14
9.76996e-15
2.99483e-14
0
1
1
1
1.63869e-13
1
8.46545e-15
7.57172e-14
1
1
1.39888e-14
1
5.63438e-15
0
2.9976e-15
1.49047e-14
1.76525e-14
6.03961e-14
1
1
0
1
1
1
1
1
0
1
1.52101e-14
1
0
0
1
0
0
0
0
1
1
2.47247e-13
0
1.38481e-13
0
0
1
0
0
0
4.31322e-14
1
1
1
0
1
9.66449e-14
0
5.77316e-15
0
1
1
1
9.57567e-15
1.21014e-14
1
1
1
1
8.83738e-14
1
0
1
1
0
1
4.57412e-14
1
0
0
1
0
0
0
0
3.9968e-13
1
0
0
1.52656e-14
1
1
0
1
0
1
1.14075e-14
0
2.88658e-15
1
0
1
1
0
1
3.33067e-15
5.02376e-15
1
1
1
1
1
0
1
0
0
0
0
1
1
2.48912e-13
0
0
8.90399e-14
0
1
3.79141e-14
0
0
4.11893e-14
0
3.33067e-16
0
0
1
0
0
0
0
1
1
2.85882e-15
1
0
1
1
1
1
1
1
8.29892e-15
0
0
0
1
0
5.44009e-15
4.77396e-15
1
1
1
3.24185e-14
1
5.26431e-15
1.99757e-13
1
1
1
1
3.36398e-14
0
1
1
1
0
1
0
1
1
1
1
1
1
1
4.47142e-14
0
1
4.2244e-14
1
1
0
1.32672e-14
1
1
1.21014e-14
0
0
1
7.82707e-15
0
4.4422e-13
1
8.65974e-14
8.70415e-14
0
0
0
0
0
1
0
1
1
1
1
1
1
1
1
1
8.81702e-15
1
1
1
1
1
0
1
0
1
3.16414e-15
0
1
1
1
1
2.80331e-14
0
1
3.71814e-13
0
1
1
0
1
0
1
1
0
2.00118e-14
0
0
1
0
1
1.55431e-14
0
1
1
0
2.31482e-14
1
1
0
1
1
0
1.75415e-14
1
4.15501e-14
0
1
0
5.77316e-15
2.63521e-13
1.08755e-13
1
1
1.04361e-14
1.77636e-15
1
6.79642e-14
0
6.66134e-16
0
4.95159e-14
1.70974e-14
1
1
1
1
0
1
1
1
1
8.24063e-14
1
9.99201e-16
1
1
0
1
1
4.11671e-13
1
1
1
1
5.38458e-15
0
1
0
0
1
1
1
1.24067e-14
0
1
1
1
0
1
1
1
1
1
1
1
0
1.18655e-14
1
0
1
5.90639e-14
1
1
4.82947e-14
0
1
1
2.62013e-14
1
1
1
0
1
1
1
1
0
0
0
1
1.16573e-13
0
0
1.05434e-13
0
0
0
1
4.59632e-14
0
1
1
1
1
1
0
1
1
0
0
1
2.24265e-14
1
1
1
1
1
1
0
1.77636e-15
1
2.84495e-14
0
0
1
0
5.68989e-15
1
1
1
0
1
0
1.58207e-14
1
1
1.95843e-13
2.1616e-13
0
0
1
0
1
0
1
1
1
1
1
1
1
1
1
1.45994e-14
1
1
1
1
1
1
1
1
1
1
1
1
0
2.63776e-13
1
4.24105e-14
0
0
0
3.88162e-14
0
8.88178e-16
1
7.72715e-14
0
1
1
0
1
3.66374e-15
0
1
1
1
1
1
0
6.66134e-16
1
0
1
0
1
1
1
0
1
5.41234e-16
1
1.30451e-15
1
1
0
1
0
1
0
1
3.33067e-15
1
1
0
1
2.27133e-14
0
1
1.27676e-14
1
1
1
2.47025e-14
0
0
0
0
1
1
1
1
1
1
0
2.44249e-15
1
1.15019e-13
1
1
1
1
1
1
0
0
0
1
2.55351e-15
0
0
1
1.79486e-14
1.38778e-14
0
0
0
1.08049e-13
2.72005e-14
1
0
1
1
1
4.85167e-14
0
1
6.27276e-15
0
0
1
0
1
1
1
2.28336e-14
1
1.66533e-14
1
1
0
0
0
0
1
1
1
1
0
1
0
1
1.249e-15
0
1.22125e-14
1
1
1
4.996e-15
1
2.38698e-15
1
0
1
0
1
0
1
1
1.01308e-14
1
1
1
1
1
1
1
1
8.07687e-15
1
1
1
0
0
0
0
1
0
1.53211e-14
0
1
0
0
0
6.86118e-14
0
0
2.66454e-14
5.59275e-15
0
1
1
1
1
1
4.996e-15
0
1
1
1
1
1
1
1
1
0
0
1
1
1
1
5.93414e-14
0
1
1
0
1
1
1
9.4369e-16
7.09433e-14
2.2482e-15
1.66533e-15
1
1
0
7.91034e-15
3.88578e-15
0
0
0
1
1
1
1.16573e-14
3.64153e-14
1
2.70894e-14
0
5.88418e-15
1.44329e-14
0
2.9865e-14
1
1
7.66054e-14
1
1
0
0
1
1.88183e-14
6.21725e-15
6.20578e-13
6.39961e-13
4.92939e-14
3.75922e-13
8.43769e-14
0
0
0
1.7375e-13
1
1.83187e-14
2.02061e-14
1
5.06262e-14
0
0
1
1
1
1
1
1
0
1
1
0
1
1
0
1
2.9976e-14
1
1
1
0
1
1
0
1
1
3.86358e-14
0
1
0
1
1.19349e-15
7.54952e-15
0
0
1
1
0
0
5.9952e-15
1
7.24421e-15
0
1
1
0
1.59317e-14
2.16716e-13
1
1.38944e-13
0
1
3.0434e-14
1
1
1
1
0
0
0
1
0
1
3.00204e-13
0
9.18668e-13
0
1
0
1.64794e-13
0
1
8.77076e-15
0
0
8.20455e-14
0
1.48215e-13
6.77236e-15
1
0
1
0
1
0
0
0
3.21965e-15
8.88178e-16
1
1
1
1
1
1
1
1
1.81799e-14
1
0
2.62013e-14
0
1
0
1
1
5.21805e-15
0
5.84717e-15
1
0
1
1
3.05089e-13
1
8.18789e-15
1
0
1
0
2.81442e-14
1
1
0
1
5.4956e-15
1.22125e-14
1
1
0
1
1
2.65343e-14
0
4.44089e-16
1
5.28466e-14
0
1.08524e-14
4.01346e-14
1
1
1
1.03177e-13
0
0
1.90941e-13
1.9873e-13
1.38389e-13
0
0
0
5.14033e-14
1
0
5.52336e-14
1
3.54161e-14
5.02376e-14
1
1
1.14797e-13
1
0
0
1
1
1
1
0
0
1
1
0
1
1
0
7.52176e-15
0
1.90126e-14
0
-2.77556e-17
0
1
1
0
0
1
1
0
1
0
1
0
1
0
1
0
0
1
3.44169e-15
1
0
1.12133e-14
2.66454e-15
1.86517e-14
1
1
1
1
1
1
1
0
0
0
0
3.14193e-14
0
2.8838e-14
1
1
0
1.03562e-12
8.03412e-14
4.80727e-14
1
1.35225e-13
0
0
0
0
1
0
0
1
1
6.52256e-15
3.02536e-15
0
0
1
0
1
0
0
1
1.0103e-14
1.94844e-14
0
3.02258e-14
1
1
1.64313e-14
1
1
1
1
1
0
1
1
0
1
4.94049e-15
0
1
1
1
1
1
1
0
1
7.66054e-14
0
1
0
1
1
0
6.69187e-14
3.19189e-15
1
1
1
1
1
0
1
1
0
4.32987e-15
1
1
4.66294e-15
1
1
1
1
0
0
0
0
1
0
7.42184e-14
1.24903e-12
1
0
0
7.49401e-14
2.58127e-14
4.41869e-14
0
1
2.41474e-14
1
1
0
2.78666e-14
1
0
8.77076e-15
0
0
1
1
2.35922e-15
1
1
1
0
1
1
9.69363e-14
1
6.77236e-15
1
0
1.11022e-16
1
1
1
1
2.55351e-15
1
1
1
1
1
9.29812e-16
1
2.23155e-14
1.49603e-14
1
1
1
0
0
1.08663e-14
1
0
1
1
1
1
1
1
1
3.9968e-15
3.41671e-14
1
0
1.55431e-15
2.40918e-14
0
4.4964e-15
1
9.76996e-15
1.44329e-15
0
0
1.18773e-14
1
5.66214e-15
0
7.76046e-14
0
5.18474e-14
1
0
0
1
0
0
1.62093e-14
1
0
1
0
1
0
1
1
1
1
0
1
1
1
0
2.33147e-15
0
1
0
0
2.4758e-14
1
1
1
1
1
9.99201e-15
0
1
3.66374e-15
1
1
1
0
1
4.20219e-14
4.20775e-14
1
3.23815e-15
9.32587e-15
1
1
0
1
1
1.83853e-13
1
1.26232e-13
0
5.66214e-15
1
0
3.5083e-14
1
2.59792e-14
1
1
0
1
1
1
0
0
0
0
1
0
1.43441e-13
0
1
0
4.4631e-14
0
0
0
0
1
1.56541e-14
5.4956e-15
1
1.19904e-13
1
0
0
0
1
0
1
1
0
1
2.84217e-14
1
2.22045e-14
1
1
2.84217e-14
1
9.76996e-15
2.80886e-14
0
0
4.06897e-14
2.05946e-14
0
1
1
1
2.66454e-15
4.43257e-14
1
0
9.88098e-15
1
1
1
0
2.77556e-17
0
1
1
1
1.20367e-14
1
1
1
1
1
1
5.91656e-14
1
4.90163e-14
0
1
1
0
1
1
0
1
0
0
0
1.45448e-13
1
0
0
4.92051e-13
1
8.54872e-15
0
0
8.52651e-14
0
9.83658e-14
7.63833e-14
0
1
1
0
1
0
1
1
7.96585e-15
0
1
1
0
1
1
1
0
0
1
1
1
0
7.77156e-15
1
1
2.24265e-14
3.04201e-14
0
1
1
1
1
1
1
0
2.77556e-17
1
1
1
6.85193e-14
1
4.32987e-15
3.4972e-14
1
0
1.9984e-15
1
0
1
1
1
1
0
1
1
0
1
1
2.91434e-15
1
1
0
1.81299e-13
1
8.21565e-15
0
0
0
1
0
7.67386e-13
0
0
2.10942e-14
1
0
0
1
1
1
0
1
0
1
0
1
1
0
6.26443e-14
0
1
2.60902e-15
1
1
1
1.26565e-13
5.56499e-15
1
0
1
1
0
1.28397e-13
1
1
0
0
0
1
1
1
1
0
6.05516e-13
6.92224e-13
2.82367e-14
4.4631e-14
1
0
0
5.59552e-14
1
1
0
1
1.54321e-14
0
1
1
1
1
1.66533e-15
1
1
0
5.71765e-15
1
1
0
1
1
1
1
2.93876e-13
0
0
1
1
1.53211e-14
0
1
8.43769e-15
2.0095e-14
0
8.63754e-14
0
0
2.66454e-14
1
1
1
0
1
1
0
0
1
1
1
0
1
0
0
1
3.53717e-13
1
3.2585e-14
1
2.66454e-15
1
5.77316e-15
3.70148e-13
1
9.2204e-14
1
1
1
1
1
9.99201e-15
1
1.94289e-16
1.25483e-13
1
9.38138e-15
1
0
1
1
1
0
0
1
1
0
7.37188e-14
1
1
2.91434e-15
1
1
0
1
1
1
1.02141e-14
0
1
0
0
1
1
0
0
6.39961e-13
0
3.75922e-13
0
0
0
0
5.14033e-14
1
1.83187e-14
2.02061e-14
1
1
1
1
0
1.38584e-13
1
1
1
1
1
0
1
0
4.30211e-15
1
1
1
3.02952e-14
1
1
1
1
0
1.04083e-14
1.68199e-14
1
0
1
0
1
1
1.9984e-15
7.48475e-15
1
1.01308e-14
1
0
0
1
1
1
7.67164e-14
1
1
1.72085e-15
1
1
1
1.50102e-13
1
1.35336e-13
1
0
2.40086e-14
1
1.28231e-14
4.39648e-14
1
1
1
0
1.54043e-14
1
1
1
0
0
0
9.81437e-14
1
0
0
0
0
2.88658e-14
1
0
0
1
1
2.77556e-15
0
1
1
1
0
6.95555e-14
0
1.52841e-14
1
0
5.26801e-14
1
1
0
1
7.33857e-14
0
1.90403e-14
1.86517e-14
0
1
9.15934e-16
1
1
0
1
1
0
1
1
1
1
1
2.64677e-13
1
1.28601e-14
7.63833e-14
0
1
1
1
1
1
0
2.70894e-14
0
1
1
1
1
0
1
1
1
0
1
1
0
1
1
9.99201e-15
1
1
2.9976e-15
0
0
1
1
0
0
1
0
0
5.80107e-14
1.11022e-15
5.10703e-14
6.27276e-14
1
0
0
2.06501e-14
0
1
0
0
0
1
1
1
1
1
0
1
1
0
1
1
2.27596e-14
1
0
1
0
3.24555e-14
2.59792e-14
1
1
1
1
1
7.63278e-15
1
5.82867e-16
1.24289e-13
1
6.03684e-15
7.09433e-14
5.82867e-16
1.12873e-14
1.38778e-14
1.4988e-14
2.20379e-14
1
1
0
0
0
1
1
0
1
0
1
1
1.13798e-15
1
0
0
3.38618e-14
1
1
1
6.80123e-13
1
3.35731e-13
1.46549e-13
1
1
4.01901e-14
1.77636e-15
1
-2.77556e-17
0
9.99201e-16
0
0
0
1
2.20102e-14
1
1
0
1.88738e-14
1.83742e-14
0
1
1
7.88258e-15
4.94049e-15
1
1
1
0
1
3.61267e-13
0
1
0
0
0
0
1
1
0
1
1
1
1
1
3.71925e-15
1
1
2.6934e-13
3.80529e-13
1
0
0
1
0
1.13798e-15
0
1
1
1
1
9.14824e-14
1
6.35048e-14
1
0
6.17562e-14
1
1
1
0
1
0
1
1
1
1
1.72085e-14
6.62803e-14
0
0
6.72795e-14
0
1
0
0
0
0
1
0
5.66214e-15
1
0
2.77556e-15
0
1
1
1
2.07612e-14
0
1
1
1
0
1
1
0
1
1
0
1
1
1
1
0
0
0
3.96905e-15
0
0
0
0
1.4877e-14
1
1
1
1
1.02141e-13
0
1
1
0
1
1
2.05391e-15
0
1
1
0
1
5.55112e-13
1.35447e-14
4.3554e-13
1.00753e-14
2.31898e-14
1
1
2.27596e-15
0
1
3.07532e-14
1
0
1
1
1
1
0
0
1.77636e-15
0
1
3.06866e-13
0
0
0
0
1
1.25788e-13
0
1
0
1
1
1
1
1
1
0
0
1
1
1
1
0
1
0
1
1.09024e-13
1
1
1
1
1
0
4.7129e-14
1
0
1
1
1
3.02119e-14
1
1
1
1
0
1
0
0
0
0
0
1
1
9.32587e-15
0
0
0
1
1
1
4.69069e-15
0
1
1
0
0
1
1
1
1
1
6.82787e-15
1
2.61569e-13
0
0
0
0
1
4.82947e-14
0
1
0
8.83738e-14
9.14948e-14
0
1.4877e-14
1
1.20459e-14
2.13718e-15
1
1
1
1
0
0
0
9.38138e-15
1
1
1
0
0
1
1
1
1
1
1
0
9.1871e-15
1.42109e-14
0
3.66374e-15
3.98015e-14
0
1
1
1
0
0
1
1
3.86358e-14
1
1
0
1
1
1
0
1.28971e-14
1
2.13163e-14
1
0
1
1
1
2.02061e-14
0
1
1
0
5.28466e-14
1
1
0
1
1
0
1
1
0
0
3.25775e-14
0
1.52101e-14
7.14984e-14
5.63105e-13
1
0
0
0
1.05527e-13
0
1
4.40296e-14
1
0
1
6.51701e-14
1
1
1
2.20796e-14
1
6.21725e-15
1
2.69229e-14
1.93456e-14
1
1
1
1
1
0
0
0
1
0
1.04361e-14
6.4948e-15
1.61537e-14
1
7.99361e-15
1
0
1
1.19904e-14
1
0
1.43885e-13
1
0
6.40044e-14
1
1
1
0
1
1
1
1
1
1
1
7.54397e-14
0
0
0
1.4877e-14
2.01505e-14
1
1
0
1
1
1
4.87943e-14
1
1
0
0
0
9.52571e-14
0
0
0
1
1.40998e-14
0
0
0
0
1
0
1
1
0
1
1
0
1
0
1
0
1
1
0
1
1
1
0
0
1
1
1
1
0
0
0
0
1
0
2.48551e-14
2.36848e-14
1
1
4.72955e-14
0
0
0
0
0
1
1
0
1
0
1
0
1
0
0
1
1
0
1
1
0
1
0
0
0
1
1
1
0
1
1
0
0
0
9.50351e-14
7.21645e-16
0
0
1
0
0
0
0
0
1
0
0
5.49005e-14
0
4.02234e-13
1
4.28546e-14
1
1
1
1
0
1
1
1
1
1
2.33591e-13
6.99441e-15
1
0
1
1
0
1
1
1
1
1.17129e-14
1
0
1
1
0
1
0
1
1.08247e-15
0
1
0
2.35922e-16
1.38778e-15
0
1
1
1
1
5.24025e-14
1
0
0
1.14353e-14
0
1
1
0
1
1
1
1
1
1.08802e-14
1
0
9.50351e-14
1.67695e-13
0
1
1
8.31557e-14
7.02648e-13
1
9.94575e-14
1.22125e-15
0
1.35447e-14
0
3.24185e-14
0
1
1
1
3.58824e-13
1
1
7.77156e-16
6.93889e-16
7.87333e-15
1
1.97342e-14
1
1
1
1
1
0
1
2.21489e-14
4.44089e-14
1
0
1
0
6.16174e-15
1
1
0
1.86934e-14
1.72085e-14
3.03424e-13
0
0
1.38084e-14
1.44773e-13
1.61204e-13
1.87489e-14
1
2.85882e-15
1
1
4.2466e-15
0
1
1
1
0
0
1
1
1.89848e-14
0
4.30767e-14
5.57887e-15
1
0
8.57647e-15
0
1.08062e-14
1
2.59792e-14
0
1
0
1.19904e-14
6.80345e-13
3.3192e-13
1
0
0
0
0
0
4.70735e-14
1
1
0
0
1
5.68989e-14
1
1
0
1
1
0
1
1
1
0
0
1
0
1
4.06619e-14
2.38143e-14
1
1
0
0
1
3.55271e-15
1
0
0
5.37903e-14
1.45994e-14
1
1.36557e-14
1
9.96703e-14
1.42886e-13
0
1.52378e-14
4.4964e-14
1.18516e-14
0
0
1
3.18634e-14
3.58602e-14
1
1.4283e-13
1
1
0
1
9.55532e-14
0
1.95954e-14
0
1
1
0
0
0
6.82121e-13
1.77547e-13
1
0
0
0
0
6.88116e-13
4.41869e-14
1
0
0
1.26565e-13
0
1
0
1
0
1
3.66596e-13
0
1
3.14193e-14
0
0
1
1.76525e-14
1.53627e-13
1.12077e-13
0
2.68813e-14
1
0
4.40388e-15
2.2371e-14
5.3485e-14
1
1
0
1
0
1
1
1
1.08705e-13
1.26399e-13
1.31006e-14
1.08802e-14
0
1
1
1
1
1
1
0
0
0
0
0
3.71647e-14
2.32592e-14
0
8.9373e-15
0
0
1
1
9.78245e-14
6.7446e-15
0
0
0
1
1
0
0
0
1.40277e-13
2.93099e-14
1
0
0
0
2.22045e-16
0
1
0
1.463e-13
0
0
0
1
0
2.72143e-14
2.32037e-14
1
1
3.36953e-14
1
1
0
1
1
1
0
1
0
1
0
1
0
1
1
0
1.19904e-14
0
1
1
1
0
1
0
3.4602e-15
1
0
1
1
1
1.29896e-14
1
1
0
1
1
1
1
0
0
0
0
3.70074e-17
0
0
1
1
4.03455e-13
0
1
1
0
0
0
0
0
0
1.30729e-14
7.6994e-14
5.30131e-15
1
1
6.95555e-14
1
0
2.4869e-14
1
1
1
1
0
1.11244e-13
1
0
1
1.5099e-14
1
0
0
1
0
1
1
0
0
2.35367e-14
1
0
1.92402e-13
1.55764e-13
0
1
3.44169e-14
1
1
1
1
0
0
1
1.55848e-13
4.23689e-14
1
0
1
4.47975e-14
1
4.09487e-14
1
0
0
0
1
1.25677e-13
0
0
1
0
5.93969e-14
0
2.4869e-14
8.01581e-14
0
1
1
0
4.36318e-14
3.47777e-14
1
0
1
1
1.13798e-15
1
1
5.769e-14
1
1
1
1
1
0
0
1
1
0
0
0
1
0
1
1
1
0
1
1
1
1
1
0
0
1
0
1
2.93099e-14
5.18104e-15
0
0
0
0
2.13718e-14
0
0
1
1.82077e-14
1
1.39888e-13
1
2.4547e-13
1
1
1
0
8.88178e-16
2.02061e-13
0
0
1
1.18794e-13
8.60423e-16
3.28637e-13
1
0
0
0
0
0
7.82707e-14
1
4.25215e-14
0
1
1
1
1
1
1
2.36478e-14
0
1
0
1
0
1
1
0
0
1
2.96985e-15
1
1
1
0
1
1
6.85008e-14
4.15223e-14
1
1
0
0
0
0
0
1.22125e-14
4.35207e-14
1
1
7.16094e-15
1
1.65645e-13
1
0
1
1
0
1
9.90874e-14
1.68384e-14
0
1.19627e-14
1
0
0
1
0
8.5798e-13
3.61489e-13
1
0
1.38056e-13
7.44294e-13
1
0
0
0
1
0
0
0
0
0
0
1
1
0
4.69624e-14
8.10463e-15
0
1
1
1.94289e-16
1
0
1
1
8.60423e-15
1
1
1
1
2.53131e-14
1
1
1
1.36002e-14
7.64944e-14
0
1
0
3.64523e-14
0
2.60902e-14
5.36793e-14
1
7.51251e-15
1
1
0
1
1
0
1
2.58682e-14
0
0
0
4.36318e-14
0
4.88498e-15
0
1
0
0
7.086e-14
1
0
0
0
1
2.48468e-13
0
0
0
1
0
1
0
4.67404e-14
0
2.80886e-14
1
4.03011e-14
3.33067e-16
0
0
1
0
0
3.52773e-14
0
1
1
1
0
1.43163e-13
0
1
0
1
6.08957e-14
0
2.51743e-14
1
1
1
3.28348e-14
0
0
1
0
1
0
1
0
1
1
-1.38778e-17
1
7.77156e-16
0
2.05391e-14
0
0
0
0
2.52021e-14
1
0
1
0
3.27793e-14
7.56617e-14
0
1
1
0
6.4763e-15
3.50035e-13
0
1
7.91589e-14
0
0
0
0
1.15463e-13
1
0
0
0
1
1.86073e-13
0
1
0
0
1
1
1
1
1
1
1
0
0
1
2.22045e-14
0
1
0
3.71647e-14
2.45637e-14
0
1
1
1
6.63913e-14
4.77673e-14
0
1
1
0
0
2.57572e-14
5.11813e-14
0
1
1
4.84057e-14
1
0
1
0
6.78624e-14
2.65343e-14
0
1
1
6.77236e-14
3.3501e-14
3.48055e-14
6.7113e-14
1
1
0
0
0
0
0
0
0
0
8.74856e-14
0
1
1.98915e-14
6.07292e-14
0
0
0
1
2.36478e-14
1
6.43929e-14
0
1
0
4.04121e-14
1
1
-4.62593e-18
0
5.55112e-15
1
1
4.38538e-15
0
8.29892e-15
1
1
1
6.52256e-15
1.67644e-14
1.02696e-14
1
0
1.2379e-13
0
3.81639e-14
1
0
1
1
1
1
0
0
1
1
9.35363e-15
1
1
0
1.9279e-13
3.10862e-14
0
0
0
5.42344e-14
4.03381e-15
1
3.38618e-15
1
0
8.33777e-14
3.03646e-14
1
2.04725e-13
1.40221e-13
5.89482e-13
0
1
1.02696e-13
3.90243e-14
0
5.15143e-14
0
1.87628e-14
1
1
0
0
4.34652e-14
0
0
0
4.96825e-15
0
1
1
0
1
1
1
1
1
1
3.99403e-14
1
1
0
0
1.73195e-14
4.61853e-14
3.48055e-14
9.54792e-15
7.60503e-15
1
0
1
5.66214e-15
1
0
8.42289e-14
0
1
1
1
1
1
6.4615e-14
1
1
0
7.24421e-15
0
2.54796e-14
0
1
1
1
0
0
1.22532e-13
1
0
5.02931e-14
0
2.30371e-15
0
4.03654e-13
0
1
1
1
5.40012e-13
1
0
4.67404e-14
0
0
0
0
2.26485e-14
1.11022e-16
1
0
1
1
7.68274e-14
1
0
0
1
1
1.16296e-14
1
0
3.43336e-14
1.33227e-15
1
1
1.17129e-14
0
1
1
1
1
0
1
7.31915e-14
0
0
1
0
0
4.88498e-14
1
1
0
4.21885e-14
1
1
1
4.60743e-15
0
1
8.4488e-14
5.28466e-14
9.84768e-14
9.1871e-15
0
1
1
1
1
1
1
1
4.11449e-13
1
2.91323e-13
1.27269e-13
1
0
1.74416e-13
0
0
3.44724e-14
0
1
1
0
0
0
1
1.0103e-13
0
1
0
5.68434e-14
1
2.06501e-14
1
0
0
1
1
9.99201e-14
5.5983e-14
0
0
0
5.22082e-14
0
0
0
1
1
1
1
5.25691e-14
4.75175e-14
1
7.77156e-16
1
0
7.04992e-14
0
0
1
0
0
0
1
0
6.13676e-14
1
1
1
1
2.90878e-14
0
6.16174e-14
1
6.78346e-14
3.60822e-15
0
1
0
0
1
2.01911e-13
0
1
1
1
0
0
1.24345e-13
0
1
0
1.28786e-14
4.44089e-16
5.05151e-14
1
3.98848e-14
8.16014e-15
0
0
7.32747e-15
0
0
6.9759e-15
1
1
0
0
7.35523e-15
0
1
1
1
1
0
0
3.29736e-14
0
0
0
1
0
1
1.24345e-14
1
2.88658e-15
4.996e-15
5.77316e-14
1
0
0
0
1
0
1
1
0
1
0
0
0
1
1
0
1
4.54081e-14
0
1
0
0
1
1
8.29559e-13
4.31599e-15
0
5.02376e-15
0
0
1
0
0
0
1
0
1
0
2.26485e-14
0
0
0
5.80647e-14
0
2.23155e-14
1
1
0
1
1
0
0
1.24845e-13
1
1
1
0
0
1.70752e-13
0
1
5.15143e-14
0
0
4.94049e-14
7.77156e-16
1
1
7.13596e-14
1.47105e-14
4.70457e-14
0
1
0
1.00586e-13
1
0
1
1.65423e-14
0
0
0
1
1
1
1
2.77556e-16
2.64233e-14
2.95319e-14
0
1.70974e-14
0
0
1
0
2.19121e-13
3.35731e-13
0
1
1
0
1
0
0
7.14807e-14
0
5.69544e-14
1
0
1
1
1
1
0
4.75175e-14
0
1
0
4.34097e-14
1
1
1
0
0
1
1
0
1
2.26485e-14
0
1
0
1
0
1
0
1
1
1
1
1
0
0
1
1
1
1
0
0
1
1.02696e-15
1
0
1
0
0
0
1
9.83624e-15
0
2.50078e-14
1
2.04281e-14
2.78666e-14
0
0
2.33357e-13
0
1
1
0
0
0
0
0
1
1.249e-13
0
4.38538e-14
9.99201e-16
4.71845e-16
0
3.66374e-14
1
0
0
1
0
1
1
1
0
1
4.51306e-14
0
1
1
1.24761e-14
0
1
0
1.83742e-14
1
1
0
1
0
0
1
0
2.38476e-13
3.68594e-14
1.12299e-13
1.35447e-14
1
0
1
0
1
0
1
7.86593e-14
1
1.48714e-13
1
0
0
5.10703e-15
0
0
0
0
2.47302e-14
1
7.54397e-14
0
0
1
4.2822e-13
1
0
1
0
0
0
2.66454e-15
1
0
0
0
1
1
3.02258e-14
1
7.8812e-14
6.62803e-14
0
0
1
1
5.51226e-14
0
1.40443e-14
1
0
0
0
1
1
1
0
7.49678e-14
4.69902e-14
0
1
1
0
1.19543e-13
0
1
1.54876e-14
0
1.4036e-13
1
1
4.78784e-15
1
1
0
1
4.20219e-14
1
0
0
0
0
0
6.60583e-15
1.79301e-14
8.07965e-14
4.0884e-14
1.96509e-14
1
1
0
0
1
0
6.09115e-14
0
1
1.20653e-13
2.18714e-14
0
3.98714e-14
0
2.58682e-14
1
0
0
1.5821e-14
1
1
0
1
0
1
1
1
1
1.04916e-14
0
1
0
1
0
0
1
1
0
1
0
2.0664e-14
0
1
0
3.16136e-14
1
2.69229e-14
0
1
1
0
2.78666e-14
0
5.07927e-15
1
1.69309e-15
0
1.38778e-14
0
0
0
1
0
1
1
1
0
1
1
0
1
1.86517e-14
1
1
9.73666e-14
1
9.70335e-14
5.10291e-13
8.14649e-14
0
1
3.9968e-14
1.66745e-13
1
0
0
1.78302e-13
0
0
1
1
1
0
1
3.25295e-14
0
0
1
6.67244e-14
6.00076e-14
1
1
1
1
0
6.11733e-14
0
1
1
1
0
0
0
8.32667e-16
3.03091e-14
0
2.88658e-15
0
8.02136e-15
1
2.92821e-15
0
1
0
1
1
1
6.70852e-14
0
1
1
0
1
1
1
2.20934e-14
1
1
0
0
0
2.06501e-14
1
1
1.56541e-14
0
0
8.95395e-14
8.84626e-13
0
1
0
1.02585e-13
0
0
0
0
1
0
2.9754e-14
0
0
0
0
1
1.42608e-13
1
0
1
3.88578e-16
1
1
0
3.94129e-15
1
0
0
1.2268e-14
1
1
8.88178e-15
0
1.64868e-14
1.08635e-13
3.66374e-15
0
0
0
1.87683e-13
4.04954e-14
1
1
3.52218e-14
0
8.10463e-14
0
6.43929e-15
1
1.16296e-14
1.33782e-14
1
2.25375e-14
0
1.18017e-13
1
1.16296e-13
1
1.54876e-14
1
1
4.78506e-14
3.53051e-14
5.65844e-14
1
1
0
0
0
3.11973e-14
7.40558e-13
0
1
1.38112e-13
0
0
0
1
0
1
0
0
1.11022e-16
5.34295e-14
0
0
0
0
3.94129e-14
7.84928e-14
0
1
1.04361e-14
1
1
1
1.55431e-14
7.84928e-14
9.39249e-14
9.79772e-15
1
0
1
1
0
3.33067e-14
1
0
1
1
0
2.06501e-14
1
1
1
1
1
1
1
0
1
1
1
9.71445e-16
0
0
4.27436e-14
1
1
0
1
1
0
1.72085e-14
1
0
0
1
1
0
0
5.03649e-13
0
1
1
0
6.1891e-13
1
0
5.9508e-14
0
0
0
1.11022e-16
0
1
0
0
0
8.48488e-14
1.16573e-15
5.25691e-14
1.30729e-14
1
1
1
0
1
1.27121e-14
0
1.82077e-14
1
0
1
0
1.19182e-13
0
1
0
0
0
1.85037e-17
0
1
1
1
1
1.09912e-14
1
1
3.71925e-15
1
0
1
1
1
0
1
1
2.45359e-14
1
0
0
0
0
6.91669e-14
1.16573e-14
0
3.26961e-14
1
1
0
0
2.11382e-14
0
0
0
0
1
1
0
0
2.5128e-14
2.23155e-14
1
1
3.34732e-14
3.88578e-15
1
1
1
3.21965e-14
1
0
1
1
4.25215e-14
4.7351e-14
1
4.9849e-14
0
1
0
1
1
6.88338e-15
1
0
0
1
2.02616e-14
0
2.96985e-15
4.90719e-14
0
1
1
0
0
1
1
0
6.32827e-15
1
1
0
1.15241e-13
0
0
0
1
4.13003e-14
1.15186e-14
1
1
1
0
1
1.2379e-14
4.05231e-15
3.94684e-14
0
0
0
0
1
1
1.95066e-13
0
6.62618e-14
4.21885e-14
0
1
0
4.71845e-14
1.44329e-14
0
2.55351e-14
3.60129e-14
0
1
1
0
0
0
1
1.60982e-15
0
1
1
0
0
0
0
0
0
6.43929e-15
7.15539e-14
4.43812e-14
1
1
1
1.81521e-14
1.26843e-13
1
0
1
0
0
4.35207e-14
0
3.4787e-15
9.32587e-15
1
1
8.21565e-15
1
1
0
1
5.04596e-14
1
0
0
0
0
0
2.55351e-14
1
0
1
0
0
2.4869e-14
5.03649e-13
0
1
3.04867e-13
0
6.18256e-13
1
1.51656e-13
0
1.19571e-13
0
0
1.11022e-16
0
1
1.70641e-13
3.69704e-14
6.06182e-14
1
5.62883e-14
1
1
6.16174e-15
3.37508e-14
0
1.06998e-13
1.36002e-15
6.31439e-14
0
1
0
5.93969e-15
1
5.07002e-15
0
2.31482e-14
2.07612e-14
6.26166e-14
1
1
0
0
1
1
1.7697e-13
2.15383e-14
0
1
2.25745e-15
2.35367e-14
0
0
0
1
1
1
1.35447e-13
1
1.62093e-14
1
0
0
0
0
0
1
0
1
1.14575e-13
0
1
7.40558e-13
0
1
0
0
0
0
1
0
1
2.66231e-13
0
1.11022e-16
0
3.40006e-14
0
0
3.96905e-14
0
1
0
0
1
0
0
1
0
9.13158e-14
1.42664e-13
1.7486e-15
0
2.77556e-15
0
1
0
6.36528e-15
1
1
1
1
0
1
0
0
1
1
1
0
0
7.27196e-15
9.46465e-14
0
0
0
1
0
0
5.55112e-16
1
0
0
0
1
1.59317e-14
1
8.23785e-14
1
1
0
0
1.13243e-13
0
4.32987e-15
0
1
1.19404e-13
0
1
1.05249e-13
0
4.43619e-14
0
0
1
0
1
1.0647e-13
1
0
5.73615e-15
4.67959e-14
1
1.04805e-13
2.94857e-14
1
0
1
3.33067e-16
4.67959e-14
1
0
0
0
5.73985e-14
0
8.46545e-14
1
1
0
0
1
0
-1.38778e-17
1
1
7.03881e-14
4.42979e-14
0
0
2.24265e-14
0
1
1
1
0
5.27911e-14
0
2.44249e-15
1
1
0
0
1
0
0
0
1
1
1
3.475e-14
1.62093e-14
1
1
0
1
1
3.15303e-14
0
0
1.72085e-14
0
1
0
0
4.44089e-16
7.54952e-15
0
0
3.70814e-14
1.39389e-13
1
0
1
8.88178e-15
0
4.10783e-15
0
1.44329e-14
1
0
0
1
1
1
6.83712e-15
1
0
0
3.33622e-14
0
0
0
4.74065e-14
2.85882e-14
1
4.28546e-14
1
7.60642e-14
0
1
0
0
1
0
3.56659e-15
1
1
1
8.84015e-15
1
1
1.95399e-14
0
1
1.52656e-14
1
2.77833e-14
0
1
3.75255e-14
0
0
6.92779e-14
0
0
0
1
0
8.77908e-13
1
6.50591e-14
0
0
6.05072e-14
5.37903e-14
1
0
1
1.53211e-14
1
0
1.45162e-14
0
0
1
1
1
0
0
1
8.88178e-16
8.60423e-16
0
1.59872e-14
0
1
0
0
1
0
1
0
1.53766e-14
1
0
1
1
1
1.73667e-13
0
0
0
0
1
0
0
1
1
3.26794e-13
1
0
0
1
1
3.06144e-14
0
0
3.59527e-14
6.66134e-16
1.08524e-14
1
4.32987e-14
1
0
2.16716e-13
3.41061e-13
0
1
0
1.28215e-12
1
0
0
6.34283e-14
1
0
1
1
1
8.14071e-14
1.94289e-14
3.9857e-14
1
1.12133e-14
1
1
7.42739e-14
3.85525e-14
0
1
1
1
0
1
0
1
1
0
1
0
1
1
1
1
5.95912e-14
0
1
0
1.0851e-13
0
7.77156e-15
9.99201e-16
1
1
1
1
0
1
1
1.00947e-13
1
7.77156e-15
1
1
1
0
0
0
0
0
1
0
8.58758e-14
1
1.96509e-13
0
0
3.33067e-15
1
4.30767e-14
0
0
0
2.79221e-14
1
4.87943e-14
0
1
1
4.74065e-14
1
1
0
1
5.50671e-14
1
0
0
0
1
0
1
0
0
7.51621e-14
0
1
5.9841e-14
1
1
1
1
1
0
1
1
1
1
1
1.48076e-13
1.54599e-14
1
0
1
1
1.28231e-14
4.45199e-14
2.07612e-14
2.28706e-14
1
3.03924e-14
8.16569e-14
0
0
1
0
1
1.39222e-13
3.9968e-15
0
1
1
1
7.77156e-14
0
0
5.83392e-13
4.31023e-13
1
1
0
0
0
0
7.43849e-15
1
0
0
4.38538e-14
2.05391e-15
1
8.43769e-14
1
5.90222e-14
0
1
0
1
0
1
0
0
1
0
5.7454e-14
5.03486e-14
1
1
1.52656e-15
0
1.27676e-14
0
5.21805e-15
1
0
1
0
1
0
1
0
0
6.55032e-15
1
1
3.71925e-15
1
1
1
2.84217e-14
1
7.77989e-14
0
6.40599e-14
3.2363e-14
1.21569e-13
1
4.18554e-14
1.80596e-14
0
0
1
0
0
0
9.88098e-15
1
0
0
1
1.00475e-14
1.42849e-14
0
0
1
2.66454e-15
1
5.9952e-15
0
0
0
1
4.94049e-15
1
0
1
1.47049e-13
9.99201e-16
1
0
1
1
1
1
1.82077e-13
0
1
0
1
1
1
0
0
7.92699e-14
0
0
1.90958e-14
0
2.12608e-14
1
1
2.31296e-17
8.03801e-14
3.66374e-15
0
1
0
0
0
0
1
1
0
3.66512e-14
3.71925e-15
1
1
0
3.43059e-14
4.23384e-13
2.38559e-14
0
1
1
1
3.18356e-14
1
6.71685e-14
0
0
1
1
0
0
4.78512e-14
3.44724e-14
3.13083e-14
1
2.15716e-13
0
7.90479e-14
0
1
0
0
1
1
0
1
2.77556e-17
0
1
1
1
1
0
0
1
1
0
1
7.38298e-15
6.11733e-14
6.9611e-14
1
3.94129e-14
1.1588e-14
4.84057e-14
1
1
1
1
0
0
0
0
1
6.41709e-14
0
0
0
1
0
1.65701e-14
2.06501e-14
0
4.65183e-14
1
0
1
0
0
0
0
1
1
0
4.69069e-15
2.90878e-14
1.2701e-13
0
1
1
0
0
0
8.60423e-14
5.38458e-14
1
0
0
4.44089e-16
0
1
0
1
0
6.43929e-15
0
1
6.60028e-14
0
5.65104e-14
0
1
1
0
1.62093e-14
1
1
1
0
0
0
0
0
1
7.03881e-14
2.14273e-14
0
1
1
9.71445e-14
1
1
3.4639e-14
1
1
1
9.04832e-14
7.20535e-14
1
0
5.11813e-14
1
1
5.32352e-14
5.10703e-15
1
7.10543e-15
0
0
1
6.29496e-14
0
1
9.9365e-15
1
0
2.88658e-15
6.50394e-13
0
1
1
1
1.07244e-12
4.26326e-14
2.54241e-13
8.10463e-15
1
0
2.79776e-14
0
0
4.95159e-14
0
0
3.56215e-13
1
0
8.49321e-15
0
0
1
0
1
1
0
0
1.52378e-14
0
1
3.89688e-14
2.58127e-15
0
0
1
1
1
0
2.36436e-13
5.27356e-16
1
0
0
0
0
1
1
8.38773e-14
6.16174e-14
1
9.00668e-15
0
1
0
1
0
0
1
1
0
0
1
0
0
1
2.69229e-15
0
1
1.00586e-13
5.03649e-13
0
1
1
1
0
1
0
5.9952e-14
0
1.79995e-13
6.66134e-15
1.11022e-16
1
0
0
1.11577e-14
0
0
0
1
0
7.92699e-14
0
1
0
0
5.02376e-15
1.90126e-14
0
0
0
0
0
1.08857e-13
1.70697e-14
1
0
1.07692e-14
0
0
1
0
0
7.06657e-14
0
1.75082e-13
1
1
1
0
1
0
1
0
0
0
1.9601e-13
0
1.55431e-14
0
1
5.60108e-14
1
0
0
2.27596e-14
1
4.06897e-14
1
1
0
2.03662e-13
0
8.10463e-15
4.10783e-14
0
1
0
1.35447e-14
0
0
0
1
1
0
1.03598e-13
1
0
1
6.40599e-14
0
0
0
1
1
0
5.21805e-14
1.35864e-13
0
1
0
4.88498e-15
0
1.69864e-14
0
9.99201e-16
0
1
1
4.97657e-14
0
0
1
1
1
1
5.66214e-15
0
1
1
7.71605e-15
8.21565e-15
0
1
1
1.40998e-14
1
5.44009e-15
3.46297e-14
1
2.88658e-14
1
1.39055e-14
0
0
0
1
1
3.18634e-14
0
4.44089e-14
0
0
0
1
1.11799e-13
0
1
5.9952e-14
0
0
0
3.33067e-15
1
1.40998e-14
2.33147e-15
0
3.38618e-15
0
1
1
0
1.44329e-15
1
1
0
9.27036e-15
1
0
1
0
1
6.66134e-16
1
0
1
2.35367e-14
1
0
2.498e-16
1
3.53328e-14
0
1.28786e-14
0
1
0
0
1
2.52853e-14
1
0
1
1
0
0
0
8.30632e-14
0
0
9.60343e-15
0
1
0
1
1
1
0
7.77156e-14
3.33622e-14
1
0
8.84626e-13
0
1
1
1.02585e-13
0
0
0
0
1
0
2.9754e-14
0
1
0
0
1
1
2.02061e-14
0
0
6.99163e-14
1
1.22125e-15
1
1
0
1.37723e-13
0
7.43849e-15
1
1
8.72635e-14
0
0
0
1
0
1
1
3.62488e-14
0
1
3.27516e-14
0
0
1
0
0
3.23075e-14
1
1
2.17604e-14
0
0
9.57567e-14
1
0
1
1.80411e-16
1
4.64443e-15
0
1
4.63518e-14
0
1
1
0
1
1.76525e-14
7.40558e-13
0
1
0
0
0
0
0
0
1
0
0
1.11022e-16
1.45439e-14
0
0
4.996e-14
9.23706e-14
0
0
1
1.77636e-15
0
1
3.39728e-14
3.45279e-14
1
3.23908e-14
1.02418e-13
1
0
1.15463e-14
1
0
2.1963e-13
6.40599e-14
0
0
0
0
2.96985e-14
1
1
1
1
1
0
4.23273e-14
8.21565e-15
6.77236e-14
1
1.6806e-14
0
1
3.9968e-15
0
6.10623e-15
0
1
0
0
0
1
1.08247e-14
1.78191e-14
1
6.33937e-14
1
1
0
3.20299e-14
5.03649e-13
0
1
1
1.01918e-13
6.18256e-13
1
0
0
1.19571e-13
1
0
1.11022e-16
1
1
0
0
0
1
1
1
0
1.86517e-14
1
1
0
1
1.02002e-13
1.97453e-13
1
1
1
0
2.2482e-15
0
9.82547e-15
1
6.87228e-14
1
0
0
0
1
1
1
0
0
0
0
4.7462e-15
1
0
1.08802e-14
1
5.93969e-15
0
5.88418e-15
1
1
1
1.06581e-14
1
1.47382e-14
1
1
0
1
1
1
1
0
0
6.31759e-13
0
1
1.58706e-13
0
1
1
0
0
2.5128e-14
0
1
1.76525e-14
1
0
1
2.96707e-14
0
1
1
0
1
1
0
0
1
1
0
1
1
0
1
0
1
4.63518e-14
5.9952e-15
6.09235e-14
1
1
0
1
1.44329e-15
1
6.76681e-14
6.63219e-14
0
1
2.60902e-15
2.2371e-14
0
3.69149e-15
0
1
1
0
2.33147e-15
1
1
1
0
4.94049e-15
0
0
4.30211e-15
0
0
1
5.8592e-14
3.4972e-13
0
1.07023e-12
0
1
5.27356e-15
1.28453e-13
0
6.02851e-14
1
0
1
0
3.9968e-14
4.44089e-16
1.17406e-14
1
3.17246e-14
0
4.91551e-14
1
4.57412e-14
0
1
1.48215e-14
0
5.85088e-14
1
8.88178e-15
4.56857e-14
4.22717e-14
0
1
1
6.11733e-14
0
0
4.58152e-14
1
1.14908e-14
1
1
0
1
2.22045e-16
1
3.88578e-15
0
1
0
1
0
6.77236e-15
1
1
0
2.25375e-14
1.25872e-13
1
0
8.65974e-15
1
3.78679e-14
1
2.38698e-15
0
0
1
1.07969e-14
2.09832e-14
0
2.83107e-15
4.75731e-14
0
3.09564e-13
9.9476e-14
2.64899e-13
3.13638e-13
0
1
4.58522e-14
0
9.61359e-15
0
0
1
1
0
1
0
2.22045e-16
1
0
0
1
1
1.09912e-14
1
6.35603e-15
1
0
1
1
0
1
0
1
1
7.06102e-14
1
1
1.8735e-14
8.2101e-14
1
7.39686e-15
1
0
1
1.38861e-13
0
1
1
1
1
1
1
4.05231e-14
1
7.38853e-14
1.92901e-14
0
0
0
1
0
3.56659e-14
1
7.56247e-14
0
0
0
0
1
1.93734e-13
0
0
0
0
1
5.68344e-13
1
1.06359e-13
0
9.19888e-15
0
0
1
1
1
0
1
1
0
4.66294e-14
1
0
3.16414e-14
3.1003e-14
1
0
0
6.51608e-14
0
0
1.71622e-14
0
1
1
0
1
1
0
0
0
0
0
0
1.49047e-14
8.43769e-15
1.90958e-14
1
1
1
0
1
2.55351e-15
1
0
1
5.00988e-14
1
6.59472e-14
1
1
0
0
1.35669e-13
1
2.98095e-14
1
1
0
0
0
2.04281e-14
0
8.50614e-14
8.4599e-14
0
5.50671e-14
1.22924e-12
1.24234e-13
7.1898e-13
0
1
4.50751e-14
0
1
0
1
0
1.13705e-14
0
1
0
0
1
1
1
1
1
1.80874e-14
0
1
1
2.62845e-14
1
6.72795e-14
9.32587e-15
1
1
6.82232e-14
1
1
1
1
1
1
0
0
0
0
1
4.29656e-14
1
1
0
0
4.80171e-15
0
1
1
0
1
1
0
1
1.56264e-14
0
0
0
0
1.85407e-14
0
1.75637e-13
5.88418e-15
2.91323e-13
1.28786e-13
1
5.10147e-14
0
0
0
1.62259e-13
1.13243e-14
1
0
0
0
1
1
0
1
0
1
1.13576e-13
0
1
1
5.10703e-15
0
1
1
1.55098e-13
9.448e-14
0
0
2.89768e-14
1
1
1.86101e-13
0
1
2.06918e-14
0
1
0
0
1
1
1.72418e-13
2.11775e-14
4.61298e-14
8.88178e-16
1
1
8.02136e-15
1
1
8.43769e-15
0
0
8.91879e-15
6.16729e-14
1
1
1
1
0
1
9.89209e-14
1
1
0
6.61415e-14
0
0
2.01911e-13
1.35056e-13
1
1
4.05601e-14
0
0
1
0
1
0
0
4.44089e-16
1
0
6.26166e-14
0
0
1
3.10862e-14
1
1
1
1
0
1
6.38101e-14
3.11973e-14
0
0
1
1
0
1
1.57957e-13
3.14193e-14
1
1
1
7.41629e-14
0
1
1
2.4758e-14
0
0
1
1
5.4845e-14
0
1
0
0
0
4.35207e-14
1
2.7145e-14
1
0
0
1
2.83662e-14
0
1
1.28841e-13
1
1
3.30291e-15
1
1
0
8.29559e-13
0
0
1
0
0
0
0
0
1
0
0
1
0
0
1.9082e-14
1
0
1
0
0
0
1
1
7.85483e-15
1
1
0
0
0
0
1
1
0
0
3.83027e-14
6.66134e-14
1
0
7.58282e-14
0
0
1
1
1
1
1
1
0
1
7.06102e-14
4.01531e-14
6.16174e-15
1
0
0
7.27196e-14
1
1
1
5.32907e-14
0
0
1
0
7.0749e-14
1
7.91959e-15
0
3.5083e-14
0
3.74983e-13
0
0
1.45254e-14
0
2.67287e-13
1
1
0
0
0
3.80806e-14
1
4.85167e-14
8.10463e-14
1.26954e-13
1
5.68434e-14
3.19189e-14
0
6.98053e-14
1
1
0
2.14273e-14
9.57012e-14
1
0
2.54241e-14
1
1
1.18128e-13
1
6.67799e-14
0
7.79932e-14
2.22045e-15
0
3.69704e-14
5.04041e-14
6.245e-15
1
1
3.37508e-14
1.29008e-13
0
0
0
1
1
1
5.66769e-14
0
1
1
4.99045e-14
6.46705e-15
0
0
4.57967e-15
0
3.65263e-14
0
1
0
0
0
1
2.04836e-14
0
0
1.3074e-12
0
0
1.48992e-13
0
6.60805e-13
1
0
0
5.9952e-14
4.27436e-15
0
1
1
1
0
0
1.77821e-14
1.12688e-14
2.64233e-14
0
1
0
1
0
1
3.17524e-14
2.67009e-14
0
1
0
6.32272e-14
5.44009e-15
3.17524e-14
8.99281e-14
2.40641e-14
1
1
1
1
0
0
1
1
0
1
0
0
1
6.21725e-15
6.88338e-15
0
2.34257e-14
1
1
1
1
1.6348e-14
1
0
1
1
2.22045e-16
1
0
1
1
1
0
1
3.26406e-14
0
4.06748e-13
7.60009e-14
0
9.34808e-14
1.34306e-12
1
0
0
2.72851e-14
1.12133e-13
0
1
0
1
0
3.01981e-14
0
0
0
0
1
0
1
1.52656e-15
2.03171e-14
1
1
1
5.36238e-14
6.18024e-15
1
1.57374e-14
3.05311e-16
1
4.19387e-14
1
1
3.70537e-14
0
1
0
1
1
1
2.18159e-14
0
5.5761e-14
0
1.09172e-15
1
0
2.35922e-15
0
1
0
1
0
1
2.66454e-15
0
5.92859e-14
0
1
0
0
1
1
0
0
0
1.28821e-12
0
1
9.80327e-14
1.23124e-13
0
0
1.78746e-14
0
1
1
0
0
0
0
3.78586e-14
1
1
1
1
4.51306e-14
1
1
1
0
1
1
0
1.18516e-14
1
1
3.48332e-14
1
3.88578e-16
3.40838e-14
0
0
1
4.79246e-15
1
5.90639e-14
5.32907e-15
0
0
9.57567e-15
0
1
0
1
0
1
0
1
1
0
4.08701e-14
1
1
1
3.94129e-15
4.04676e-14
1
5.32907e-15
1
2.07889e-14
0
1
1
6.7335e-14
0
1.90958e-14
0
0
0
3.86358e-14
0
0
4.51861e-14
0
2.66454e-14
1
0
0
1
1.94289e-16
1
1
1
1
1
0
1
1
1.30451e-14
9.79772e-15
1
3.63876e-14
1
1
1
1
1
1
1
0
1
4.68514e-14
1.21514e-13
1
0
0
1
0
1
0
0
1
0
1
0
1
1
0
1
0
1
0
0
1
1.16573e-14
1
1
0
4.92106e-14
0
2.56739e-14
0
0
8.21149e-14
0
1.22125e-15
0
9.46798e-13
3.61659e-13
1.19016e-13
0
0
0
1
0
0
0
1.66348e-14
1.09912e-14
1
1
7.33025e-14
2.4869e-14
0
0
3.10307e-14
1.65701e-14
1
0
0
1
0
0
1
1
0
1
0
1
1
0
1
1
0
0
1.22957e-14
0
1
6.13398e-14
1
7.36448e-15
1
1.49186e-14
1
1
1
7.79377e-14
1
0
1
0
0
1
1
1
5.88418e-15
1
0
0
1.27676e-14
0
3.83304e-14
1
1
0
6.70575e-14
1.39888e-13
1.77691e-13
0
0
1
7.40519e-14
3.70814e-14
0
0
1
1.75415e-14
1
0
3.44724e-14
0
0
1
6.99996e-14
1
1.84991e-13
2.77556e-17
0
1
1
0
1.9984e-15
1
1
1
0
0
6.38378e-16
1
1
1
0
0
0
0
0
0
3.51108e-15
2.00395e-13
1
0
3.80251e-15
0
0
0
0
0
1
1
0
1
0
0
0
1
1
9.65894e-15
1
1
3.4639e-14
0
1.79486e-15
3.93019e-14
2.38698e-15
0
1.98175e-14
1
1
4.38538e-14
0
0
1
0
1.20237e-13
1.0596e-12
0
0
2.64233e-14
1
0
0
0
1
1.90958e-14
0
6.42819e-14
1
1
0
1
1.06831e-13
5.21805e-15
1
1.01252e-13
1
1
0
0
0
1
1
0
0
2.84217e-14
0
1.05749e-14
0
0
1
1.33282e-13
0
1
1
1
9.15934e-15
9.10383e-15
1
0
1
1
1
1
0
0
1.16407e-13
0
1
7.13318e-14
1
6.54476e-14
0
1.3517e-14
1
0
0
0
0
1
1
0
0
0
8.31557e-14
1
0
0
0
0
0
1
3.44169e-15
0
1
0
1
0
0
1
1
0
0
1
8.32667e-17
1
1
1
1
0
3.39728e-14
0
1
1
1
0
0
1.5001e-13
3.44169e-14
6.47954e-14
3.98293e-14
0
0
1
1.30229e-13
3.88578e-15
1
0
1
1
1
1
4.68514e-14
1
7.54952e-15
1
1
6.58362e-14
2.96707e-14
0
2.89768e-14
7.71605e-15
1.49325e-14
1.02418e-14
2.02477e-14
1
4.85723e-14
1
1
1
1
2.32925e-13
1
0
4.92625e-13
1
1
5.77316e-15
0
0
1.01104e-13
0
1
0
9.52571e-14
0
6.13953e-14
0
0
1.01419e-13
0
9.09458e-14
2.88658e-15
1
0
0
1
1
1
1
1.40166e-14
3.91215e-14
1
0
0
9.18154e-14
4.60743e-15
0
1
1
2.12053e-14
1
1
6.32827e-15
0
1
1.12022e-13
2.48912e-13
1.38223e-13
0
1
0
1
1
1
1
1
4.60743e-15
1
1
0
1
1
1
1
0
1
1
0
5.41234e-14
0
5.01821e-14
0
4.68514e-14
0
0
0
0
1
0
0
1
2.05391e-14
1
0
0
1
1
0
0
3.42504e-14
0
2.9976e-15
1
1
0
8.00748e-15
0
1.04639e-14
1
1
1
0
0
0
1
0
1
1
1
1
1
5.74818e-14
0
0
0
1
5.27356e-16
1
0
0
0
3.21965e-15
1
1
1
1
1.94289e-16
4.88498e-14
1
0
1
1
1
1
1
1.41276e-14
1
0
2.62568e-14
7.90479e-14
1
0
1
0
0
2.45914e-14
8.12683e-14
1
0
7.01942e-13
8.08242e-14
0
0
1
1
0
1
0
0
1
1
2.77556e-17
1
1.17684e-14
1
1
1
0
1
5.55112e-15
1
1
2.07057e-13
0
1
0
1
0
0
1
0
1
1
1
0
1
1
1
0
7.85483e-14
0
1
1
1
1.52101e-14
0
0
0
1
1.9984e-14
0
4.44089e-15
5.54279e-14
8.17402e-15
0
0
9.23428e-14
1
1
0
1
1
1
1
1
0
0
0
1
5.79536e-14
1.30747e-12
1
0
5.72875e-14
1.10911e-13
0
3.77476e-15
1
6.67522e-14
0
1.6237e-15
0
9.88654e-14
1
0
6.90281e-14
1.87628e-14
1
1
1
4.55191e-15
0
1
1
1
0
0
0
1
0
0
1.44607e-14
1
0
0
3.33067e-14
0
1
0
2.498e-15
0
4.10597e-14
0
1
0
0
2.7478e-15
1
1
6.10623e-16
0
1
0
1
0
5.69822e-14
2.36894e-14
7.88536e-14
1.02418e-14
1
5.50116e-14
0
4.32987e-15
0
0
1
1
1
1
1
1
1
1
1
8.74023e-14
1
1
1
1
1
1
1
1
1
1
1
0
1
1
1
1
1
1
1
1
1
1
1
2.53131e-14
0
1
1
1
1
1
1
1
1.08386e-13
4.10505e-14
1
1
1
1
0
1
1
1
1
1
0
1
1
1
1
1
1
1
1
1
0
1
1
1
1
1
1
1
1
1
1
1
1
1
1
6.28386e-14
1
1
1
1
1
1
1
1
1
1
1
1
1
1
1
1
1
1
1
1
0
1
1
1
1
1
1
1
1
1
1
1
1
1
1
1
1
1
1
1
0
1
1
1
1
1
1
1
1
1
1
1
1
1
1
1
1
1
1
1
1
1
1
1
1
1
1
1
1
1
0
1
1
1
1
1
1
1
1
1
1
1
1
1
1
1
1
1
1
1
1
1
1
1
1
1
1
1
1
1
1
1
0
0
1
1
1
1
1
1
1
0
1
1
1
1
1
1
1
1
1
1
1
1
1
1
1
1
1
1
0
1
1
1
1
1
1
1
1
1
1
1
1
1
0
1
1
1
1
1
1
0
1
0
1
1
1
1
0
1
1
1
1
1
1
1
1
1
0
1
0
1
1
1
1
1
1
1
2.84402e-14
1
3.65541e-14
1
1
1
5.04041e-14
1.59872e-14
0
9.32587e-15
1
0
1
9.25186e-18
1
1
1
1
1.21153e-13
1
1
3.1003e-14
1.52656e-15
0
1
1
1
1
0
2.07889e-14
2.95597e-14
0
6.6197e-15
0
1
0
1
1
1
9.39249e-14
1
1
0
1.09912e-14
0
0
1
1
0
1
1
1
1
1
0
1
1
0
0
1
0
1
1
1.7375e-14
1
1
0
6.98885e-14
0
1
1
2.33147e-14
1
2.34627e-14
1
1
1
2.64511e-14
6.80012e-15
1
1
0
1
1
2.58266e-14
1
4.45477e-15
1
1
0
1
1
0
1.64313e-14
1
1
1
1
1
1.74027e-14
1
4.94049e-15
0
1
4.22301e-14
5.55112e-16
1
1
1
1.14353e-14
1.13409e-13
0
1
8.43769e-15
1.46827e-14
5.40401e-14
0
1
1
1
2.84217e-14
1
1.42386e-14
1
1
1
0
3.35287e-14
3.09752e-14
2.97817e-14
1
0
2.2371e-14
1
1
1
1
6.4948e-15
1
1
1
0
1
0
6.35603e-14
1.11133e-13
1
0
0
0
0
0
1
1
8.46545e-15
0
0
0
1
8.65835e-14
1
0
1
1
1.2379e-14
4.71845e-14
1
1
1
1
1
5.95357e-14
2.77556e-17
1
1
1
0
5.07233e-14
1
0
1
1.90126e-15
2.57572e-14
4.59632e-14
0
1
1
1
1
1.94104e-14
2.10942e-14
0
0
0
0
1
1
5.06539e-14
4.72122e-14
1
1
1.40443e-14
1
3.17246e-14
1
1
1
1
0
1
1
0
3.69704e-14
0
1
1
3.70814e-14
1
1
0
0
1
1
1.77636e-15
1
4.0537e-14
0
1
1
1
7.48845e-14
1
1
3.40283e-14
1
1
0
1
1
0
1
1
1
1
1
1
0
1
0
1
1
1
7.63833e-14
1.52378e-14
1
1
1
1
0
1
1
1
1
0
0
0
1
0
1
2.62013e-14
1
1
0
1
1
1
1
1
0
1
1
6.15619e-14
7.43849e-15
0
1
1
1
1
1.06581e-14
7.10543e-15
1.14575e-13
1
3.4861e-14
1
0
1
1.92069e-14
8.68194e-14
1
1
0
9.7769e-14
1
0
1
1
1
1
1
0
1
1
1
0
1
6.95416e-14
1.15463e-14
0
2.09832e-14
1
0
1
0
1
1
1
1
1
1
1
1
1
1
1
0
4.57967e-14
1
6.23529e-14
0
1
1
1
1
1
0
1
0
2.77556e-14
1
1
0
1
3.9857e-14
1
4.52416e-14
4.23828e-14
1
1
1
1
4.9738e-14
1
0
1
1
1
0
1
1.56541e-14
1
0
0
2.78666e-14
1
1
0
1
0
0
2.9185e-14
1
1
1
1
0
1
1
0
1
9.99201e-15
7.41074e-15
1
6.93889e-15
1
1
7.5176e-14
1
1
0
1
1
1
1
1
1
1
1
1
1
1
1
1
1
1
1
1
1
1
1
9.58678e-14
1
0
0
0
6.43929e-14
8.11018e-14
1
1
0
4.13003e-14
1
1
1
0
1
0
1
4.16334e-17
1
1
1
3.46667e-14
0
0
1
0
9.10383e-15
2.65343e-14
3.03091e-14
1
1
1
0
1
1
1
1
0
0
3.05311e-14
1
1
1
1
1
0
0
1
1
1.79023e-14
1
0
1
1
0
1
0
6.40737e-14
1
1
1
1
0
1
0
0
1
7.45237e-14
0
1
1
0
1
1.113e-14
1
0
1
1
0
0
0
1
0
1
1
0
1
0
1
0
0
4.32154e-14
1
1
0
1
1
1
1.33699e-13
1
0
0
1
1.49603e-14
1
0
0
1
0
1
1
1
1
2.39808e-14
1
1
1
3.61655e-14
0
2.0095e-14
1
1
1
1
1
0
1
0
1
1
7.04437e-14
1
2.88658e-15
1
1
1
1
2.68674e-14
1.94289e-14
1
1
1
9.74221e-15
1
3.70259e-14
0
0
1
1
3.41394e-15
1
4.38261e-14
1
6.95e-14
2.10665e-14
0
0
1
1
0
0
1.45439e-14
1.66533e-15
1
0
1
1
2.362e-14
0
7.67442e-14
1
1
1
1
1
2.24265e-14
1.5099e-14
2.94487e-14
0
1.42109e-14
1
3.90428e-15
2.68859e-14
1
5.55112e-17
0
1
0
1
0
1
7.50788e-15
1
1
1
1
1
1.01086e-13
1
0
3.1114e-14
0
5.44287e-14
5.30131e-14
4.67404e-14
3.59157e-14
1.19349e-15
1
0
1
2.60347e-14
0
2.27596e-14
1
1.44468e-14
0
1
0
1
1
1
1
0
1
1
6.65856e-14
2.67564e-14
0
1
6.11733e-14
1
1
0
1.55431e-15
3.19744e-14
0
1
0
1.01308e-15
1
1
3.14193e-14
5.51365e-14
6.41709e-14
0
5.769e-14
0
1
1
7.4607e-14
0
7.63833e-14
1.64035e-14
1.65423e-14
1
1
0
0
0
1
0
1
1.09635e-14
1
3.19189e-14
1
4.57689e-14
0
1
3.41532e-14
1
0
5.72875e-14
3.81362e-14
1
0
6.2117e-14
1
1.55709e-14
1
3.38896e-14
0
1
1.33088e-14
1
1
1
1
0
0
2.47025e-14
1
0
4.4964e-15
1
1
1
1
2.27596e-14
1.04139e-13
0
6.28525e-14
1.90542e-14
0
0
0
4.59632e-14
1
1
1.9984e-15
1
5.94895e-15
1.33782e-14
1.7833e-14
1
1
0
1
1
1.54876e-14
1
8.32945e-14
0
1
0
1
6.51978e-14
5.60108e-14
1
2.30926e-14
1
0
1.04639e-14
0
1
1
1
0
1
4.90719e-14
1
1
3.65263e-14
1
0
1
6.57807e-14
6.64283e-14
1
1
1
1.12133e-14
0
1
0
3.56382e-14
2.45359e-14
1
1.73472e-14
1
5.10286e-14
0
1
1
1
1
4.00791e-14
3.40838e-14
1
0
1
3.41949e-14
1
1
0
1
4.42239e-15
2.34812e-14
1
0
1.33782e-13
2.94209e-14
0
1
1
1
1
0
0
0
1.02418e-14
0
1.16573e-15
1
0
0
0
1
1
1.09912e-14
3.11973e-14
0
0
0
0
0
0
1
6.16451e-14
1
1.97065e-15
0
1
0
5.16254e-15
1
0
0
1
3.6221e-15
1
1.97065e-15
1
0
0
0
0
0
0
1
1
1
0
1
3.02536e-15
1
1
6.00631e-14
0
1
0
1
1.31284e-14
0
1
1
5.4623e-14
1
1
0
0
1
0
1
0
2.75335e-14
1
1
0
0
1.69309e-15
1
3.64616e-14
0
1
6.21864e-14
6.88338e-15
0
1
7.77156e-16
1
1
1
1
1
0
0
1
1
0
0
2.69784e-14
0
1.56819e-14
1
0
1
1
0
0
0
0
0
1.85962e-15
1
0
1
0
1
1
9.57567e-15
0
1
1
7.99361e-15
0
2.99205e-14
1
1
1
1
1
0
1.95677e-14
0
0
0
0
4.80449e-14
1.8735e-14
1.79301e-14
0
0
0
0
1
1
3.28348e-14
1
1
0
1
0
0
0
1
5.9508e-14
1
1
1
1
0
1.28814e-13
1.46827e-14
3.65263e-14
4.37428e-14
2.97262e-14
0
0
1
0
1
0
1
1
3.28626e-14
1
6.81399e-14
1
0
0
1
0
1
0
0
1
0
1
0
0
1
0
0
0
1
1
1
2.77556e-17
0
1
1
0
1
1
1
0
1
0
1
1
2.22045e-15
1
6.02296e-15
1
0
1
3.35842e-15
1
8.24341e-15
0
0
1
0
5.21805e-15
1
1
0
3.83027e-15
0
1
1
2.27596e-15
1
1
1
3.8719e-15
0
1
1
1
6.32827e-15
1
1
1
1
1
0
1
7.04992e-15
1
1
1
1
0
0
1
0
1.4766e-14
0
0
0
1
1
1
0
1
1
1
0
1
0
1
1
1
1
1
1
0
1
1
3.77476e-14
1
1
9.38138e-15
1
0
1
1
0
0
1
1
1
1
1
4.27436e-15
0
0
1
0
0
1.49464e-14
5.55112e-15
1
1
0
1
8.32667e-16
0
1
1
1.66533e-14
7.77156e-16
1
8.32667e-17
1
0
1
1.7671e-15
1
1.05471e-14
1
0
0
0
1
0
1
1
0
4.63518e-15
1
1
1
3.88578e-16
1
1
0
1.1278e-14
4.63518e-15
0
0
1
0
1
1
1
1
0
1
0
1.45439e-14
7.21645e-16
0
1
1
1
1
1
1
0
1
0
6.20337e-15
1
1
1
1
0
0
1
1
0
0
1
1
1
0
5.55112e-15
1
0
6.66134e-16
1
1
1
1
1
0
9.85323e-16
1
1
0
1
1
1
0
0
1
1
1
1
0
1
0
1
2.09555e-15
1
1
0
1
1
1
1
1
6.60583e-15
1
1
