0.151919
0.137954
0.1314
0.152511
0.152739
0.151305
0.152861
0.130966
0.129531
0.146449
0.150499
0.132844
0.137858
0.148738
0.144291
0.148836
0.139989
0.146448
0.144564
0.133105
0.128299
0.143718
0.138111
0.13192
0.151532
0.144485
0.134246
0.132311
0.13434
0.137947
0.129434
0.12874
0.126381
0.134048
0.150913
0.126166
0.145432
0.135736
0.133852
0.152888
0.134881
0.150979
0.14635
0.151405
0.130549
0.153903
0.133869
0.131324
0.139645
0.142654
0.130004
0.127528
0.141177
0.13832
0.131258
0.141992
0.152622
0.130884
0.14049
0.137917
0.14972
0.150493
0.148956
0.137004
0.131986
0.129956
0.137203
0.143689
0.132085
0.143352
0.130692
0.13398
0.146212
0.14276
0.143165
0.15221
0.133776
0.142513
0.149485
0.152887
0.129532
0.145703
0.143739
0.151029
0.142401
0.152255
0.14067
0.136961
0.131775
0.126302
0.145718
0.140872
0.150257
0.147584
0.150122
0.12814
0.134705
0.133293
0.150934
0.149682
0.142928
0.130642
0.149293
0.140236
0.151799
0.144529
0.145949
0.141119
0.134818
0.150507
0.126758
0.13856
0.151717
0.140688
0.132216
0.126763
0.147832
0.15316
0.13147
0.151972
0.132882
0.141368
0.141862
0.139429
0.132322
0.152986
0.138139
0.135146
0.133619
0.129954
0.135091
0.146894
0.148616
0.152669
0.135794
0.129038
0.134213
0.142945
0.145562
0.151082
0.139664
0.143336
0.136399
0.136933
0.151811
0.139457
0.140534
0.144697
0.140109
0.132563
0.13365
0.133452
0.148749
0.141924
0.134675
0.151957
0.131734
0.141632
0.15059
0.151635
0.129497
0.14903
0.145671
0.138435
0.147938
0.141707
0.134246
0.153894
0.153001
0.142712
0.144924
0.133191
0.13446
0.131929
0.145143
0.143411
0.128147
0.132471
0.137739
0.146884
0.127898
0.132347
0.141478
0.150984
0.126423
0.15244
0.153993
0.14348
0.130715
0.139149
0.135455
0.144389
0.14797
0.14029
0.14421
0.128691
0.147721
0.134448
0.140158
0.133381
0.128555
0.153117
0.142229
0.146856
0.132731
0.152557
0.145131
0.127253
0.152642
0.127443
0.151526
0.132698
0.14745
0.142216
0.141195
0.140888
0.152595
0.132088
0.136419
0.142909
0.145354
0.142523
0.133317
0.137991
0.150957
0.147133
0.136672
0.128771
0.129701
0.143884
0.151842
0.14888
0.128811
0.136384
0.136637
0.151238
0.127634
0.143315
0.142053
0.144391
0.141895
0.128098
0.147204
0.139365
0.148164
0.135266
0.144993
0.135339
0.13913
0.134743
0.145564
0.141223
0.126446
0.136139
0.132086
0.142598
0.149168
0.139166
0.139498
0.148958
0.13532
0.131591
0.140354
0.143187
0.143255
0.126909
0.130826
0.145549
0.13247
0.133135
0.137449
0.150459
0.151757
0.134516
0.130033
0.127596
0.136231
0.130309
0.13012
0.134639
0.140049
0.128788
0.127688
0.134505
0.143939
0.132983
0.134368
0.145637
0.131234
0.15168
0.133773
0.140455
0.13681
0.130583
0.136772
0.128092
0.135132
0.14056
0.143284
0.132534
0.139926
0.135203
0.149402
0.128659
0.146863
0.130202
0.153012
0.148064
0.135352
0.127687
0.131693
0.152013
0.152798
0.150004
0.146715
0.150589
0.143506
0.149781
0.140541
0.13333
0.136449
0.140853
0.148377
0.133416
0.151574
0.134166
0.135227
0.1421
0.147711
0.140022
0.151931
0.147829
0.146785
0.151683
0.129864
0.148875
0.132834
0.128804
0.136697
0.128614
0.135311
0.152037
0.142495
0.14449
0.149591
0.140892
0.138598
0.137522
0.130918
0.152893
0.15027
0.14594
0.150735
0.145561
0.152514
0.153027
0.135587
0.130711
0.144107
0.136624
0.139972
0.130905
0.130151
0.147502
0.144222
0.152925
0.133
0.127391
0.152844
0.141765
0.151776
0.127862
0.127963
0.134213
0.142394
0.141728
0.141048
0.135467
0.131466
0.146756
0.12729
0.153804
0.138578
0.148996
0.15153
0.135546
0.134052
0.152575
0.147264
0.150859
0.135761
0.128212
0.137642
0.128665
0.132228
0.138414
0.129484
0.132593
0.129852
0.145245
0.129351
0.136751
0.141321
0.133354
0.136728
0.128736
0.14246
0.128838
0.130377
0.131438
0.132835
0.152914
0.146136
0.140302
0.132663
0.143682
0.138296
0.146657
0.136095
0.146258
0.152944
0.126919
0.129871
0.135594
0.127427
0.131432
0.12764
0.12604
0.131092
0.147986
0.151699
0.139848
0.143289
0.138809
0.133141
0.143788
0.128864
0.141396
0.129024
0.133381
0.143432
0.134792
0.152039
0.13405
0.145524
0.128111
0.134148
0.126268
0.129582
0.147036
0.136881
0.126866
0.149433
0.135821
0.136676
0.129545
0.132768
0.137659
0.126201
0.138219
0.132525
0.138976
0.145669
0.133628
0.14659
0.153793
0.152645
0.131896
0.153747
0.152475
0.149618
0.140152
0.134251
0.153148
0.12962
0.13627
0.126841
0.136193
0.1404
0.150741
0.150679
0.151998
0.137418
0.135329
0.137111
0.133448
0.145638
0.15343
0.138875
0.150492
0.133194
0.153136
0.14324
0.151756
0.145796
0.133024
0.13802
0.131675
0.131739
0.144315
0.137099
0.145329
0.130002
0.147446
0.129329
0.153737
0.136657
0.139002
0.150181
0.142019
0.135385
0.129408
0.133966
0.149092
0.1445
0.136246
0.145049
0.147503
0.1352
0.139125
0.144253
0.135299
0.149793
0.145716
0.136402
0.148207
0.132287
0.148618
0.133918
0.149757
0.129564
0.129373
0.1351
0.130459
0.152547
0.152003
0.144188
0.151636
0.132498
0.141342
0.144866
0.145089
0.139063
0.151192
0.127739
0.146273
0.126912
0.131611
0.146728
0.130628
0.140918
0.136798
0.146554
0.137078
0.152208
0.148965
0.138356
0.143601
0.134099
0.132116
0.137844
0.150733
0.136605
0.147978
0.128064
0.148702
0.135582
0.137828
0.136541
0.135957
0.152157
0.134478
0.137169
0.132941
0.131485
0.127756
0.143172
0.143403
0.135403
0.128972
0.131551
0.140938
0.132941
0.137983
0.1351
0.144247
0.132305
0.152492
0.140578
0.151489
0.128425
0.143913
0.136063
0.153429
0.129173
0.148222
0.136186
0.134735
0.140735
0.129889
0.152527
0.153754
0.151454
0.134053
0.137253
0.140955
0.143764
0.145295
0.131185
0.136718
0.129691
0.12642
0.136526
0.151104
0.135622
0.133861
0.150532
0.132553
0.146129
0.149746
0.127529
0.139913
0.148312
0.128036
0.134543
0.151838
0.142225
0.149054
0.132536
0.129395
0.152349
0.153914
0.134252
0.133876
0.146253
0.150804
0.140095
0.136972
0.151019
0.12703
0.1333
0.153562
0.134752
0.132557
0.142225
0.147954
0.126989
0.142533
0.135204
0.132559
0.127947
0.151416
0.140678
0.141376
0.130044
0.150894
0.1414
0.13071
0.153753
0.13346
0.153332
0.152418
0.140734
0.137125
0.153476
0.130591
0.142748
0.146301
0.146166
0.135664
0.140917
0.14262
0.153613
0.129975
0.134058
0.140419
0.139328
0.139817
0.137092
0.133899
0.13017
0.14486
0.136395
0.134758
0.147551
0.143836
0.142361
0.151756
0.140135
0.146451
0.128747
0.139823
0.131388
0.145649
0.127378
0.152964
0.137483
0.142229
0.138754
0.129805
0.134307
0.135392
0.15029
0.144617
0.146429
0.142322
0.147929
0.141309
0.143068
0.131186
0.13799
0.143751
0.149912
0.134816
0.153772
0.151192
0.136658
0.137961
0.131281
0.149104
0.15192
0.1434
0.139523
0.141126
0.142031
0.133718
0.12748
0.150359
0.145924
0.134408
0.152959
0.132547
0.141181
0.145154
0.1361
0.133391
0.141536
0.127015
0.149387
0.136582
0.138499
0.142613
0.148625
0.142383
0.153348
0.127205
0.127243
0.153677
0.150853
0.142601
0.126455
0.13716
0.142522
0.143801
0.12626
0.146784
0.147021
0.145314
0.14186
0.14056
0.14337
0.138539
0.151194
0.149351
0.132525
0.128488
0.144932
0.137489
0.136483
0.139286
0.138124
0.133314
0.136151
0.135801
0.128558
0.146854
0.130525
0.134992
0.13074
0.145166
0.14029
0.148588
0.140032
0.15168
0.127352
0.153299
0.140284
0.144005
0.140981
0.1489
0.133311
0.131362
0.152086
0.137146
0.151081
0.148044
0.131962
0.149026
0.129077
0.137532
0.136508
0.136447
0.136604
0.134206
0.147338
0.133832
0.139465
0.141161
0.127481
0.127428
0.132746
0.148461
0.131786
0.151514
0.150638
0.147631
0.143623
0.146082
0.138401
0.151096
0.146376
0.142645
0.128806
0.134773
0.149967
0.138574
0.144486
0.139632
0.126759
0.143474
0.128278
0.131945
0.127258
0.145482
0.139413
0.152285
0.143795
0.135995
0.132335
0.133386
0.140597
0.131424
0.1417
0.144098
0.142877
0.140868
0.138766
0.152996
0.126458
0.152491
0.1515
0.152986
0.135626
0.149882
0.146793
0.141177
0.127412
0.14316
0.148632
0.147758
0.150421
0.1285
0.137017
0.146717
0.140778
0.150826
0.133033
0.138987
0.132424
0.144553
0.139597
0.142689
0.147754
0.142575
0.153644
0.129417
0.144835
0.153124
0.141853
0.141816
0.13327
0.140553
0.13772
0.132554
0.153008
0.126867
0.14567
0.131225
0.132352
0.1477
0.136657
0.139249
0.132931
0.138782
0.14219
0.131125
0.141473
0.14272
0.128779
0.12907
0.130742
0.153366
0.13575
0.152735
0.136426
0.135407
0.144442
0.14863
0.138361
0.150701
0.141668
0.127427
0.153007
0.131942
0.147165
0.142878
0.133462
0.128765
0.149295
0.141961
0.133047
0.126143
0.153364
0.138229
0.130398
0.143068
0.141692
0.151019
0.14694
0.136092
0.135948
0.129232
0.133764
0.14072
0.144327
0.135586
0.149471
0.140086
0.126789
0.143101
0.12653
0.143511
0.131837
0.129649
0.139192
0.153272
0.144
0.133765
0.148389
0.149848
0.145795
0.134437
0.147092
0.130135
0.133429
0.126405
0.137613
0.136886
0.126911
0.152179
0.145839
0.152479
0.12905
0.127882
0.132379
0.142211
0.150124
0.137727
0.140278
0.151872
0.140065
0.129871
0.134175
0.143332
0.128575
0.144385
0.142209
0.134924
0.139841
0.145831
0.153595
0.144941
0.145335
0.149543
0.143156
0.132582
0.152563
0.153891
0.137444
0.131103
0.145382
0.129655
0.133431
0.126157
0.13958
0.152647
0.134364
0.143155
0.145368
0.140064
