0.143482
0.13932
0.138529
0.137174
0.140297
0.143324
0.143099
0.140112
0.140421
0.141717
0.140071
0.137381
0.140857
0.138145
0.13766
0.136809
0.14067
0.140775
0.140352
0.141734
0.137082
0.141692
0.14108
0.141351
0.139191
0.141235
0.136578
0.143255
0.137005
0.141512
0.139606
0.137982
0.141794
0.140862
0.141624
0.138548
0.140691
0.139486
0.136522
0.140246
0.141594
0.137814
0.138165
0.13825
0.142806
0.137655
0.141582
0.141225
0.142714
0.137165
0.142329
0.142996
0.140258
0.140665
0.13736
0.141867
0.14197
0.139309
0.136944
0.14083
0.141008
0.143062
0.136984
0.136753
0.141939
0.138068
0.140082
0.138215
0.142964
0.139069
0.141052
0.140258
0.137697
0.136666
0.140875
0.137456
0.137296
0.136823
0.140505
0.140346
0.136549
0.14076
0.143295
0.140713
0.13988
0.14262
0.138188
0.139189
0.142495
0.142312
0.138433
0.138159
0.139717
0.142794
0.143264
0.138466
0.14062
0.137717
0.140727
0.142048
0.13929
0.136601
0.139694
0.142871
0.138876
0.140525
0.140217
0.141995
0.13856
0.13965
0.143286
0.140729
0.137072
0.137699
0.13737
0.141906
0.14171
0.138683
0.138925
0.1406
0.142532
0.138689
0.142027
0.140251
0.142476
0.137291
0.139951
0.137828
0.141042
0.14293
0.143365
0.142001
0.136777
0.140822
0.137308
0.141703
0.141773
0.13825
0.137732
0.136645
0.141661
0.141315
0.138392
0.14003
0.141994
0.143455
0.140044
0.140066
0.139031
0.142112
0.138127
0.139222
0.138424
0.137593
0.141029
0.143397
0.137598
0.141691
0.139463
0.143265
0.142131
0.143297
0.143383
0.141926
0.143233
0.140972
0.136637
0.138279
0.141502
0.141573
0.142181
0.137993
0.139187
0.137762
0.136976
0.143326
0.141028
0.142401
0.138905
0.136958
0.136691
0.136626
0.139606
0.138701
0.140978
0.140123
0.136998
0.141776
0.139387
0.143265
0.139258
0.143333
0.140649
0.136571
0.14037
0.14238
0.137623
0.136959
0.141156
0.14144
0.142893
0.140312
0.136544
0.138062
0.136549
0.138017
0.136761
0.142637
0.13972
0.13824
0.138669
0.141156
0.137834
0.143369
0.140209
0.138618
0.138578
0.142685
0.138694
0.142614
0.143127
0.140988
0.140701
0.140008
0.14227
0.14258
0.141235
0.138823
0.140127
0.139341
0.13858
0.137501
0.140182
0.137212
0.142302
0.143432
0.138601
0.141909
0.142187
0.138459
0.137454
0.137389
0.142697
0.139169
0.141588
0.143488
0.143176
0.142533
0.139356
0.140169
0.141253
0.140612
0.139283
0.141597
0.139959
0.142422
0.137607
0.141609
0.13714
0.140922
0.13889
0.138867
0.142263
0.137526
0.136965
0.141678
0.140459
0.137663
0.143358
0.139852
0.14006
0.141536
0.139862
0.139072
0.141114
0.13966
0.140808
0.138825
0.137529
0.139482
0.138585
0.138939
0.139262
0.140702
0.143145
0.13851
0.142388
0.139052
0.137759
0.137747
0.139722
0.142957
0.141114
0.139505
0.13779
0.140462
0.142658
0.141513
0.141657
0.138812
0.143026
0.139162
0.137128
0.141008
0.139116
0.137171
0.140853
0.142939
0.140544
0.136789
0.137714
0.14071
0.136647
0.141787
0.139089
0.136553
0.141477
0.139484
0.136678
0.143363
0.139867
0.138573
0.142447
0.140716
0.142822
0.137805
0.142529
0.139503
0.143471
0.139435
0.139722
0.138949
0.139747
0.142663
0.137338
0.14318
0.139628
0.140691
0.140137
0.143173
0.142639
0.141522
0.138981
0.141168
0.140132
0.139623
0.136877
0.140508
0.143341
0.137843
0.140171
0.138915
0.137459
0.136819
0.140546
0.138593
0.140702
0.140127
0.140561
0.138164
0.138789
0.143037
0.142925
0.142877
0.139954
0.137049
0.140108
0.140125
0.139697
0.142837
0.139589
0.141435
0.140404
0.142466
0.143229
0.136796
0.140269
0.142484
0.141594
0.143004
0.140901
0.138671
0.137941
0.138671
0.140596
0.141035
0.141635
0.13809
0.136975
0.141442
0.140413
0.139964
0.141448
0.14197
0.137929
0.140441
0.137302
0.140495
0.13879
0.141008
0.137625
0.141302
0.139319
0.140754
0.137488
0.139664
0.13947
0.138881
0.137945
0.137422
0.138564
0.139486
0.139864
0.138806
0.139581
0.136689
0.137321
0.138122
0.136776
0.141521
0.137711
0.141138
0.141796
0.141675
0.138971
0.140797
0.139641
0.13978
0.138016
0.140676
0.138061
0.138446
0.14319
0.143357
0.137577
0.14177
0.141358
0.141206
0.142037
0.137419
0.138566
0.139813
0.141197
0.142574
0.13674
0.138239
0.143248
0.142472
0.137339
0.140959
0.142982
0.140076
0.138676
0.14065
0.141146
0.139626
0.143477
0.142823
0.137749
0.139348
0.143027
0.143486
0.137611
0.143381
0.136871
0.142072
0.141724
0.141329
0.136588
0.14025
0.142095
0.136755
0.13741
0.138395
0.140853
0.139897
0.138046
0.139191
0.141348
0.139176
0.141877
0.138981
0.137129
0.142052
0.137737
0.142824
0.139627
0.140814
0.141736
0.142783
0.137038
0.137365
0.138401
0.141945
0.142166
0.136981
0.140433
0.141112
0.141562
0.13932
0.14135
0.141845
0.14301
0.139109
0.140299
0.142607
0.13816
0.141342
0.136877
0.136955
0.140389
0.139409
0.141295
0.137685
0.137073
0.141059
0.140965
0.137347
0.136724
0.138841
0.139453
0.136728
0.139917
0.136508
0.140996
0.140517
0.138849
0.13667
0.137589
0.140452
0.142573
0.137563
0.137359
0.137864
0.138283
0.141539
0.143275
0.138755
0.141996
0.137963
0.138467
0.1383
0.138984
0.137897
0.138159
0.139357
0.142696
0.139903
0.13968
0.142952
0.136716
0.139653
0.14123
0.142638
0.142825
0.143271
0.137707
0.138355
0.138274
0.139606
0.136812
0.138559
0.139033
0.138747
0.14045
0.138085
0.138049
0.136892
0.141223
0.140085
0.137148
0.138713
0.137849
0.142154
0.14284
0.140641
0.138651
0.14088
0.140316
0.143289
0.136903
0.139996
0.139213
0.139542
0.14221
0.140096
0.138883
0.14219
0.138751
0.138765
0.142837
0.138358
0.139713
0.137272
0.13859
0.138762
0.137714
0.142457
0.142024
0.140858
0.138711
0.138481
0.139101
0.14221
0.137577
0.141078
0.139876
0.142586
0.13681
0.139417
0.138027
0.143274
0.13659
0.137591
0.136762
0.141911
0.139106
0.139994
0.143432
0.137868
0.140867
0.143061
0.141093
0.141059
0.140365
0.142906
0.142886
0.143232
0.140166
0.143227
0.140647
0.137614
0.138079
0.138381
0.139845
0.13818
0.137813
0.142079
0.137492
0.138592
0.138035
0.140945
0.137349
0.138911
0.141251
0.137022
0.140441
0.141929
0.140208
0.141064
0.137658
0.139453
0.141295
0.14337
0.140426
0.142977
0.137808
0.141289
0.141526
0.137399
0.143251
0.140252
0.142034
0.14037
0.138468
0.138134
0.138438
0.141506
0.137543
0.139472
0.14329
0.141308
0.141606
0.136992
0.136735
0.140859
0.138047
0.141473
0.14054
0.138004
0.138179
0.138515
0.140074
0.140021
0.137027
0.137611
0.139729
0.140351
0.143309
0.136746
0.136624
0.137924
0.140444
0.141678
0.138163
0.142942
0.140619
0.141897
0.140149
0.142094
0.139859
0.14341
0.140062
0.142184
0.141357
0.137623
0.142673
0.13802
0.138706
0.137549
0.142724
0.141966
0.141375
0.141834
0.136848
0.138423
0.139445
0.140029
0.138309
0.143248
0.13705
0.143169
0.140849
0.13706
0.137445
0.143468
0.142967
0.137412
0.140411
0.139462
0.139061
0.139994
0.137852
0.138779
0.140085
0.139396
0.143298
0.137732
0.137057
0.137951
0.140014
0.138355
0.140312
0.136878
0.138344
0.13683
0.142246
0.141338
0.137275
0.138046
0.142713
0.139135
0.138423
0.139082
0.137803
0.138413
0.138347
0.13659
0.13838
0.136615
0.141216
0.13777
0.137924
0.142716
0.138078
0.141495
0.139017
0.138297
0.139513
0.140517
0.137487
0.142052
0.139703
0.138336
0.137578
0.141809
0.140146
0.140187
0.139748
0.143088
0.14329
0.142925
0.139867
0.140773
0.139741
0.143468
0.14208
0.137567
0.138785
0.139743
0.140293
0.14084
0.138813
0.142859
0.141394
0.138965
0.140056
0.14162
0.141886
0.142613
0.137728
0.141479
0.140002
0.139529
0.139281
0.13796
0.138617
0.14013
0.142422
0.137066
0.141841
0.136535
0.138707
0.138477
0.138967
0.137504
0.141738
0.1433
0.140614
0.142005
0.140385
0.140751
0.14167
0.139517
0.141316
0.142455
0.141159
0.136768
0.1429
0.139237
0.136991
0.140804
0.142823
0.142745
0.143312
0.143344
0.139181
0.141482
0.138162
0.140413
0.14256
0.143173
0.140372
0.14138
0.139897
0.141015
0.14288
0.140727
0.143022
0.13836
0.142669
0.139063
0.142825
0.140224
0.140579
0.138389
0.137923
0.141141
0.139661
0.14349
0.143081
0.139117
0.139661
0.143002
0.138089
0.142055
0.14169
0.142304
0.139003
0.137183
0.142238
0.13775
0.14331
0.140652
0.139073
0.142808
0.138131
0.140243
0.141382
0.137355
0.140388
0.138686
0.137584
0.139117
0.142688
0.138412
0.138898
0.138326
0.142268
0.141152
0.142013
0.141034
0.137888
0.139008
0.137787
0.142727
0.139405
0.143361
0.13672
0.143304
0.141127
0.141007
0.137851
0.14211
0.139257
0.14181
0.140507
0.142362
0.140381
0.137839
0.13947
0.142245
0.142501
0.140944
0.142792
0.137991
0.143207
0.141418
0.139422
0.142363
0.143225
0.139032
0.139212
0.140982
0.143348
0.143089
0.136958
0.14282
0.14067
0.139008
0.140046
0.142149
0.140511
0.137893
0.136718
0.140151
0.136818
0.141088
0.142735
0.140532
0.137627
0.141168
0.139122
0.140436
0.138755
0.142335
0.14338
0.140858
0.138368
0.140993
0.137543
0.141956
0.141612
0.139686
0.139275
0.143258
0.142567
0.13903
0.141168
0.14106
0.13707
0.140187
0.137038
0.141792
0.139458
0.139667
0.142483
0.141856
0.141053
0.139158
0.136549
0.140935
0.137001
0.139353
0.143049
0.139147
0.14326
0.140891
0.142038
0.139053
0.142321
0.140701
0.142549
0.142366
0.136558
0.137755
0.142304
0.141244
0.138506
0.136943
0.143357
0.142974
0.140109
0.141817
0.140165
0.14012
0.142999
0.140796
0.143085
0.142057
