0.0538849
0.0510159
0.0455653
0.0450679
0.0450025
0.0540875
0.0485051
0.0493622
0.0528871
0.0459667
0.052649
0.0511729
0.048233
0.0459811
0.04645
0.0464087
0.0479969
0.051281
0.0519254
0.0545419
0.04679
0.0502918
0.0479344
0.0517839
0.047557
0.0502126
0.0534266
0.0485045
0.0484807
0.0451529
0.0503188
0.0493128
0.047523
0.0465366
0.0539227
0.0548429
0.0544804
0.0474589
0.0546792
0.0485639
0.0514676
0.0541349
0.0458128
0.0505584
0.0478702
0.0546753
0.0503898
0.0533732
0.0480702
0.0547465
0.0519233
0.0526176
0.0506056
0.0478345
0.0451039
0.0452334
0.0486278
0.0527812
0.0500487
0.0469548
0.0506121
0.048419
0.0542387
0.0489578
0.0478622
0.051687
0.0458199
0.0535769
0.0497157
0.0535978
0.0467475
0.0462246
0.0536509
0.0506813
0.0540858
0.0489658
0.0492185
0.0495362
0.0514925
0.0517689
0.0461735
0.0532104
0.0472958
0.0469355
0.0526875
0.0531055
0.0486317
0.0474672
0.046855
0.0458631
0.0543815
0.054994
0.0495502
0.0493038
0.0466507
0.0524036
0.0532393
0.0450539
0.0521313
0.0503338
0.0478098
0.048106
0.0475322
0.0546445
0.0527976
0.0527366
0.0531894
0.0498952
0.0457782
0.0523057
0.0490716
0.0545493
0.0515404
0.045136
0.04735
0.0479912
0.0497662
0.0454586
0.0543654
0.0535014
0.0534592
0.0475369
0.0458274
0.045059
0.0543456
0.0493635
0.0493669
0.0488751
0.0465751
0.0547492
0.0525679
0.0544543
0.047592
0.0458702
0.0539628
0.0542447
0.0516733
0.0475777
0.0466381
0.0459606
0.0485702
0.0548742
0.050139
0.054202
0.0499898
0.0522613
0.0481072
0.0476975
0.0479011
0.0507162
0.0522068
0.053569
0.0461667
0.0534836
0.0487104
0.0533605
0.0543299
0.0534752
0.0487024
0.0546369
0.0494538
0.0542748
0.0516187
0.0470971
0.0498634
0.051598
0.0454907
0.0530074
0.0461596
0.0538449
0.0467162
0.0511616
0.045328
0.0547991
0.0481481
0.047392
0.0524039
0.045884
0.0506164
0.0492381
0.0455255
0.0497554
0.0506782
0.0481011
0.047171
0.045368
0.0480414
0.0513558
0.0462808
0.0519469
0.0545314
0.0488065
0.0507417
0.0539869
0.0549384
0.0501053
0.0518923
0.0528289
0.0485154
0.0482964
0.0530306
0.0512158
0.0520062
0.0473577
0.0513843
0.0515461
0.053546
0.0499603
0.0470439
0.0544706
0.0503921
0.0484009
0.0467561
0.0500595
0.0499558
0.0469918
0.0482451
0.0473457
0.0549295
0.054255
0.0529094
0.0548979
0.0475755
0.0493199
0.0524917
0.0456941
0.0519164
0.0518731
0.0510516
0.0515733
0.0548108
0.0502591
0.0546476
0.0450124
0.0485986
0.0469592
0.0532022
0.0500247
0.0522041
0.0527653
0.0460415
0.0535829
0.0537127
0.0483849
0.0491695
0.0483869
0.0549281
0.0543768
0.0537851
0.0479724
0.0493752
0.0454797
0.0494406
0.0497649
0.0506522
0.0520141
0.0468846
0.0472895
0.048823
0.0477265
0.0530327
0.048599
0.0500249
0.0470523
0.0502888
0.0454039
0.0485614
0.0481203
0.0547896
0.0545472
0.0504505
0.053822
0.050043
0.0514694
0.0545465
0.0487758
0.0497411
0.0463885
0.0453132
0.0471965
0.0468583
0.0503034
0.0495584
0.0512277
0.050642
0.0477451
0.050078
0.0548291
0.0501237
0.0480203
0.0533151
0.0523879
0.0476844
0.0528703
0.0524019
0.0497648
0.0515006
0.0495041
0.0524826
0.0483189
0.0450364
0.0480164
0.0535991
0.0544804
0.0508858
0.0523599
0.0531886
0.0503356
0.0520994
0.0482462
0.0482829
0.0467633
0.0538095
0.0516069
0.046268
0.0476881
0.0502575
0.0515778
0.0528372
0.049244
0.0486256
0.0463294
0.0515811
0.0503516
0.0460353
0.0450318
0.0531419
0.0492141
0.0546097
0.0510939
0.0452261
0.0542353
0.0472023
0.0519642
0.0533566
0.0490939
0.0495825
0.047679
0.0494447
0.052007
0.0523941
0.0497209
0.0512959
0.0531397
0.0504756
0.0491802
0.0530828
0.0549039
0.0521945
0.0467318
0.0482648
0.0485797
0.0454767
0.0470878
0.0511143
0.0536586
0.0475569
0.0463508
0.0498294
0.0496661
0.0510889
0.0530722
0.0492855
0.053931
0.0492494
0.0492366
0.0513041
0.0468881
0.0496337
0.0549324
0.0516281
0.0461025
0.0450526
0.0505472
0.0498196
0.0502104
0.0528609
0.0503431
0.0476648
0.0530514
0.0512728
0.0529506
0.0464781
0.0496975
0.0523976
0.0499203
0.0490735
0.0518576
0.0488978
0.0478688
0.0507102
0.05402
0.0487982
0.0530636
0.0453824
0.0498324
0.0530467
0.0549587
0.0489528
0.0486936
0.0523155
0.0457328
0.0481422
0.0472531
0.0467283
0.0517381
0.0485388
0.0458414
0.0547563
0.0480061
0.0450431
0.0533329
0.0485838
0.051872
0.053912
0.0499044
0.0517646
0.0475816
0.0487136
0.052289
0.0475432
0.0489401
0.052652
0.0506629
0.0453504
0.0452728
0.0476839
0.0508894
0.047161
0.0504246
0.0455793
0.0526031
0.0510346
0.0465135
0.0478207
0.0522844
0.0528327
0.0487115
0.0548901
0.0504118
0.0502945
0.0543192
0.0483249
0.0476078
0.0495371
0.0450128
0.0549893
0.0500221
0.0458084
0.0483426
0.054144
0.0509035
0.0454242
0.0490005
0.0537266
0.047414
0.0479663
0.0497059
0.0487442
0.0474433
0.0504168
0.0476047
0.0527252
0.0454969
0.0521054
0.0459041
0.0530148
0.0505303
0.0453834
0.0502776
0.0540919
0.0532553
0.0520766
0.0508323
0.0464284
0.0498109
0.0475073
0.0524421
0.0479559
0.0529129
0.0478702
0.0463832
0.0531613
0.0543392
0.0511447
0.0515211
0.0487695
0.0545319
0.0458061
0.0454727
0.0530498
0.053279
0.0503415
0.0452433
0.0494114
0.0521383
0.0471809
0.0471242
0.0512802
0.0489319
0.0515679
0.0453795
0.0499133
0.0477505
0.0525238
0.0548326
0.0450778
0.0526919
0.0481901
0.0496888
0.0497789
0.0492887
0.0505663
0.0548679
0.0480985
0.0521597
0.049591
0.0490605
0.0534662
0.048608
0.0534509
0.0532699
0.0508801
0.0474473
0.0492522
0.052568
0.0526052
0.0501058
0.0495366
0.0502203
0.0460894
0.0467087
0.0492236
0.0542406
0.0482174
0.0466328
0.0494331
0.0524997
0.0496341
0.0510238
0.0492481
0.0523443
0.0466867
0.0493325
0.0525059
0.0542421
0.0456949
0.0507275
0.046584
0.0534484
0.049153
0.0456618
0.0451212
0.0510619
0.0522419
0.0517321
0.0516723
0.047068
0.0549825
0.052653
0.0451823
0.0459305
0.0531376
0.0538841
0.0450187
0.0503126
0.0506705
0.0507644
0.0464223
0.0489749
0.0451567
0.0545096
0.0470889
0.0452905
0.0539891
0.0480559
0.0458144
0.0510436
0.0519602
0.0533886
0.045862
0.0520697
0.0539354
0.0538867
0.0529928
0.0517864
0.0526816
0.0514686
0.0484033
0.0499078
0.0471418
0.0512397
0.0455715
0.0506411
0.0473228
0.0490423
0.0508212
0.0505285
0.045592
0.0537348
0.0482099
0.0514067
0.0458859
0.0493077
0.0484696
0.0465579
0.0468873
0.0517536
0.054821
0.0504023
0.0458505
0.0543028
0.0482747
0.0529812
0.0484358
0.0470084
0.0468484
0.0497277
0.0466929
0.0545128
0.0538736
0.0521496
0.0534925
0.0482558
0.0522789
0.0530779
0.0532559
0.0524038
0.0548216
0.0473108
0.0532287
0.0485776
0.0468858
0.0536611
0.0542362
0.0538308
0.0495188
0.0496831
0.0462719
0.0464705
0.0456319
0.0503922
0.0544047
0.052249
0.0471874
0.0522437
0.0461731
0.0454502
0.0483732
0.0463936
0.0516558
0.048064
0.0540081
0.0488521
0.0543928
0.0450761
0.0545782
0.0485505
0.0540921
0.0489197
0.0463396
0.0523839
0.054625
0.0513041
0.0455889
0.0490893
0.0460162
0.0471241
0.0492057
0.0488472
0.0537564
0.0479768
0.0510733
0.0490694
0.0466606
0.0503771
0.0508277
0.0516054
0.0522293
0.05415
0.0500464
0.0504555
0.0466531
0.0502802
0.0511664
0.0495733
0.05475
0.0457713
0.0461875
0.0514503
0.0486946
0.0475478
0.0514666
0.0479343
0.0457544
0.047517
0.0459062
0.0497926
0.0485009
0.0491556
0.0480876
0.0479818
0.0465398
0.0529189
0.0526314
0.0461763
0.047679
0.0505204
0.0474412
0.0488788
0.0529404
0.048804
0.0535651
0.0516236
0.0484258
0.0456975
0.0521874
0.0517874
0.0510052
0.0462511
0.0463086
0.052654
0.0502246
0.0485028
0.0548327
0.0525656
0.0478532
0.050667
0.0548609
0.0520396
0.0466083
0.0546983
0.0520534
0.0505256
0.0510744
0.0458879
0.0536099
0.0536741
0.0483885
0.0539007
0.0456234
0.0505867
0.0455271
0.0462046
0.0468134
0.0460528
0.0481664
0.0475864
0.0528638
0.0542832
0.0462947
0.0486789
0.0481307
0.0459585
0.0464851
0.0499804
0.0506612
0.0451771
0.0498933
0.0464787
0.052577
0.0522927
0.050383
0.0454201
0.0451298
0.047362
0.0507398
0.0536417
0.049381
0.0499661
0.0543831
0.0514569
0.0457279
0.0461963
0.0474471
0.0475674
0.0511588
0.0503852
0.0504613
0.0478884
0.0501357
0.0520096
0.048526
0.0549736
0.0461892
0.0495757
0.0466132
0.050368
0.054493
0.0482898
0.0453172
0.0466171
0.0500984
0.0450776
0.0496463
0.0497849
0.0459353
0.0542169
0.0476275
0.052992
0.0461918
0.0487259
0.0471217
0.0454453
0.051279
0.0464068
0.0495878
0.0495822
0.0510164
0.0539441
0.0541297
0.0528141
0.0505979
0.0494625
0.0511076
0.0503957
0.0504279
0.0498614
0.0494242
0.0465485
0.0477168
0.0479133
0.0478968
0.0533859
0.0524176
0.0492375
0.0484271
0.0470294
0.0450582
0.0499348
0.04747
0.0498878
0.0519091
0.0536398
0.0539351
0.0461458
0.0480097
0.0465918
0.0470707
0.0502959
0.0486329
0.0532039
0.0531434
0.0472732
0.0482584
0.0520432
0.0488865
0.0486049
0.0457439
0.0504383
0.0492228
0.053637
0.049537
0.0459501
0.0540968
0.0519197
0.0468982
0.046665
0.0461678
0.0503346
0.0511424
0.0540619
0.0519821
0.0523956
0.0526963
0.0470325
0.0458109
0.0470299
0.0475323
0.0513716
0.0524568
0.0526575
0.0466252
0.0459703
0.0549126
0.0483301
0.0504557
0.0455533
0.0531627
0.054726
0.0512656
0.0522746
0.0479219
0.0513904
0.0478327
0.0510215
0.0499021
0.0480157
0.048802
0.045075
0.0526094
0.0520605
0.054734
0.0507017
0.0489695
0.0510277
0.0514953
0.0496414
0.0520977
0.0536396
0.0469204
0.0532806
0.0521653
0.051304
0.0477354
0.0467738
0.047051
0.0514768
0.0486092
0.047047
0.048945
0.0497201
0.0488502
0.0490894
0.0506461
0.0482507
0.0466835
0.0542734
0.0464858
0.0458394
0.053162
0.0531472
0.0539951
0.0464335
0.0546343
0.0486648
0.047368
0.0543843
0.0525172
0.0540138
0.0490897
0.054847
0.0499005
0.0484621
0.0477613
0.0464843
0.0512226
0.0509704
0.048781
0.051002
0.0534319
0.0493841
0.0507491
0.0493376
0.0542573
0.0459492
0.0457491
0.0518216
0.0499668
0.0493839
0.0509185
0.0548895
0.0490706
0.0495093
0.0522838
0.0521045
0.0541675
0.0543938
0.046106
0.0454131
0.0473663
0.0498917
0.0458062
0.0496107
0.0511618
0.0505061
0.0457808
0.0517606
0.0532526
0.0517464
0.048813
0.048076
0.0523151
0.0452152
0.0546188
0.0495186
0.0483759
0.0472881
0.0527135
0.0523415
0.0467655
0.0529749
0.0540084
0.0535399
0.0501099
0.0488105
0.046233
0.0464223
0.0511732
0.0457982
0.0483447
0.0485203
0.0490923
0.0501976
0.0539378
0.0513645
0.0471071
0.0549753
0.0505945
0.0477889
