0.0490422
0.0503293
0.0499331
0.04968
0.0504296
0.04946
0.049318
0.0497047
0.0510883
0.0507607
0.0511603
0.0511101
0.0508585
0.0490839
0.0490408
0.0489058
0.0488969
0.0488811
0.0505826
0.0496174
0.0505275
0.0505029
0.0505167
0.0504927
0.0506378
0.0499925
0.0490842
0.0496874
0.0496958
0.0488102
0.049082
0.0499294
0.0492469
0.0493425
0.0507423
0.0504871
0.0504153
0.0491825
0.0500536
0.0498361
0.0506576
0.0512385
0.0499596
0.0496516
0.0502029
0.0501476
0.0501144
0.0512386
0.0509942
0.0494956
0.0492286
0.0490181
0.048923
0.0488057
0.048934
0.050557
0.0512143
0.0492059
0.0504422
0.049583
0.0497665
0.0494021
0.0500953
0.0508704
0.0492449
0.0505672
0.0505095
0.0488794
0.0500619
0.0506669
0.049513
0.0501924
0.0500827
0.0497826
0.050974
0.0510204
0.0503427
0.049447
0.0507009
0.049413
0.0493252
0.0495017
0.0509541
0.0487984
0.0495464
0.0489633
0.0500047
0.0493876
0.050943
0.049287
0.0496366
0.049115
0.0493398
0.04987
0.0487529
0.0498275
0.0495988
0.051156
0.0510866
0.0502463
0.0507376
0.0511205
0.0499538
0.0507624
0.0508054
0.0489771
0.0492017
0.0494467
0.0499691
0.0493723
0.050842
0.0511066
0.0495397
0.0495378
0.0499084
0.0491141
0.0501884
0.0504715
0.049369
0.0511861
0.0497711
0.0510324
0.0497779
0.050572
0.0503394
0.0495099
0.0495215
0.0510347
0.0499242
0.0509631
0.0508081
0.050875
0.0505275
0.0511905
0.0504998
0.0494224
0.0507783
0.0508913
0.0501494
0.0494137
0.0489794
0.0507113
0.0495098
0.050455
0.0502979
0.0504434
0.0503097
0.0499233
0.0508553
0.0489177
0.0502462
0.0511118
0.0507193
0.0512147
0.0494084
0.0509106
0.0490654
0.0500698
0.0511083
0.0499999
0.0502065
0.0504025
0.0501918
0.0490892
0.0500339
0.0500153
0.04999
0.0510765
0.0507655
0.0510947
0.0507048
0.0502742
0.0509569
0.0499645
0.0493203
0.0504242
0.0495158
0.0505896
0.0511734
0.0494431
0.0504238
0.0506565
0.0500054
0.0491081
0.0496902
0.0499004
0.05075
0.0487751
0.0502261
0.0510453
0.0501948
0.0487786
0.049682
0.0494972
0.0493272
0.0506216
0.050191
0.0508476
0.0489123
0.0511328
0.0502794
0.0501239
0.0504536
0.0498908
0.0502257
0.0492254
0.0493977
0.0492336
0.0504119
0.0497234
0.0496988
0.0511913
0.0501278
0.0507278
0.048996
0.0509109
0.0494771
0.0494681
0.0492568
0.0497236
0.0495324
0.0495298
0.0490571
0.0511188
0.0505698
0.0509897
0.0505
0.0509968
0.0495928
0.0500147
0.0488165
0.0493552
0.0507566
0.0495885
0.0494112
0.0505414
0.0498066
0.0495968
0.0499887
0.0511668
0.0492065
0.0507763
0.048935
0.0491973
0.0508311
0.050186
0.0502991
0.0491362
0.0489654
0.0507789
0.0491605
0.0495419
0.0496319
0.0509178
0.0499017
0.0511799
0.0511719
0.0501012
0.050392
0.0512476
0.0488675
0.0487541
0.0504448
0.0507783
0.0503414
0.0512009
0.0492579
0.0497869
0.04974
0.0506417
0.0512207
0.0496137
0.0488557
0.049429
0.0501394
0.050499
0.0507145
0.0502625
0.0494878
0.0508002
0.0491448
0.049768
0.0503413
0.0500973
0.0512094
0.0487715
0.048986
0.0500898
0.0487505
0.0499324
0.0511403
0.0506133
0.0493281
0.0498744
0.0491239
0.0489651
0.051081
0.0491125
0.0509512
0.0496732
0.0492026
0.0489366
0.0494424
0.0496196
0.0490481
0.0493734
0.0500774
0.0490595
0.0493454
0.0497418
0.0504722
0.0498139
0.0492297
0.0506794
0.0505787
0.0505071
0.0488348
0.0502586
0.0491355
0.0492747
0.0508992
0.0492868
0.0504723
0.0492024
0.050505
0.0493987
0.0491333
0.0494433
0.0503716
0.0493394
0.0508754
0.0497657
0.0507545
0.0510561
0.0499612
0.0493147
0.0509101
0.0503907
0.0494628
0.0497007
0.0489141
0.0488358
0.0497668
0.0488884
0.0491647
0.0489555
0.0507411
0.0500687
0.051154
0.0506035
0.0504177
0.0498462
0.049636
0.0498019
0.0507594
0.0488696
0.0509407
0.0491651
0.051116
0.04994
0.0488158
0.0496451
0.0509933
0.0490187
0.0508294
0.0502271
0.0497564
0.0498646
0.0499777
0.0505357
0.050341
0.0499058
0.0504024
0.0512423
0.0493464
0.0504019
0.049297
0.0501875
0.0501972
0.049469
0.0503474
0.0507002
0.0500953
0.0499957
0.0503106
0.0499511
0.0510478
0.0490171
0.0490577
0.0511497
0.0510526
0.0500178
0.0504959
0.0496136
0.0492776
0.0505207
0.0488872
0.0495049
0.0504682
0.0495992
0.0497927
0.0501712
0.0506903
0.0491761
0.0500198
0.0496278
0.049551
0.0507375
0.0505455
0.0501771
0.0506986
0.0497162
0.050839
0.0500914
0.0491702
0.0499755
0.051239
0.0505161
0.0498295
0.0490278
0.0512341
0.0508598
0.0503398
0.0490068
0.0492371
0.050909
0.048927
0.0497288
0.0498209
0.0496017
0.0510169
0.0508067
0.0497392
0.0489117
0.0502253
0.0506228
0.0505158
0.0503482
0.0509582
0.0504354
0.0504103
0.0504924
0.0501703
0.0487972
0.0500058
0.0503927
0.0500859
0.0490686
0.050665
0.0498271
0.0497374
0.0501867
0.0495626
0.0502537
0.0494603
0.0501512
0.0487947
0.0496775
0.0493574
0.0493844
0.0501799
0.0487741
0.0490237
0.0509112
0.0489854
0.0504504
0.04911
0.0505751
0.0501513
0.0493512
0.0507586
0.0492975
0.0506911
0.0507618
0.050449
0.0500714
0.0502843
0.0490108
0.0497764
0.0489085
0.0510382
0.0501581
0.0501207
0.0505833
0.0488016
0.0508297
0.0500655
0.0505398
0.0504583
0.0509304
0.049324
0.0511035
0.0488202
0.0498916
0.0489639
0.0508693
0.049947
0.0488379
0.048932
0.050336
0.0512417
0.0510573
0.0490924
0.0497964
0.0504524
0.0493467
0.0493357
0.049929
0.0488931
0.0496262
0.0493841
0.049032
0.0488373
0.049415
0.0499315
0.049568
0.0494786
0.0497825
0.0499292
0.0497425
0.0510498
0.0502276
0.0508771
0.0496169
0.048813
0.0496117
0.0506887
0.0494495
0.0497123
0.0492728
0.049711
0.0491063
0.0509289
0.0493912
0.0501487
0.0494858
0.0488605
0.0489419
0.0496914
0.0505993
0.0501015
0.0506793
0.0496574
0.0508675
0.049831
0.0501641
0.0506064
0.0510802
0.0510844
0.050522
0.0510201
0.0492138
0.0493085
0.0490962
0.0488488
0.0495372
0.0496531
0.0498494
0.0499014
0.0497688
0.0504382
0.0501205
0.0508996
0.051125
0.0493743
0.0508565
0.0505255
0.0492718
0.0504508
0.0498736
0.050677
0.0495314
0.0503837
0.0497511
0.051122
0.050299
0.0491955
0.0508563
0.0504516
0.0487851
0.048902
0.0497711
0.0504626
0.0507311
0.0498332
0.0512397
0.0499148
0.0501128
0.0504861
0.049358
0.0492849
0.0497331
0.0494099
0.051177
0.0494119
0.0497595
0.0500823
0.0503747
0.0496068
0.0490254
0.0496754
0.0498644
0.0491387
0.0490184
0.0494904
0.0507148
0.049098
0.0488428
0.0499036
0.0511632
0.0489166
0.0497089
0.0495982
0.0506807
0.0490159
0.0510417
0.0502004
0.0506766
0.0506237
0.0492821
0.050537
0.050003
0.0507664
0.0504781
0.0502378
0.0494863
0.0504152
0.050705
0.0490747
0.049312
0.0488938
0.0502899
0.0508179
0.0507654
0.0500099
0.0493945
0.0501287
0.05071
0.0501813
0.0502426
0.0490796
0.0503325
0.0504075
0.0493159
0.0491068
0.0492052
0.0506242
0.0501228
0.0507888
0.0508335
0.0506305
0.0499189
0.0506233
0.049257
0.0507148
0.0494044
0.0499103
0.0499342
0.050197
0.0505779
0.0509367
0.0511927
0.0511612
0.0499843
0.0488746
0.0503594
0.0489124
0.0492319
0.0503299
0.0500934
0.0493127
0.0491648
0.0504025
0.0491659
0.0495587
0.0488577
0.0491267
0.0505728
0.0497381
0.0506898
0.0510281
0.051153
0.0491461
0.0494919
0.0509065
0.0488025
0.0502013
0.0510672
0.0503739
0.0489974
0.0494345
0.0509115
0.0507515
0.0495108
0.049163
0.0492754
0.0501589
0.0503034
0.0497384
0.0508556
0.0495555
0.050587
0.0510481
0.0500731
0.0497798
0.0488711
0.0507379
0.0492898
0.0497527
0.0493407
0.050902
0.0508115
0.0495618
0.049884
0.0492614
0.0512473
0.0490595
0.0503711
0.0510605
0.0505716
0.0502168
0.05122
0.0503575
0.048788
0.0490031
0.050302
0.0500466
0.049162
0.0502348
0.049647
0.0501668
0.0492539
0.0501863
0.0493672
0.0491159
0.0489971
0.0490171
0.0503722
0.0500142
0.0511748
0.0489515
0.0508543
0.0503233
0.0497952
0.0495762
0.050903
0.049532
0.0490229
0.0496491
0.0505952
0.0511173
0.0508243
0.0506368
0.0505663
0.0491486
0.0506333
0.0506205
0.0503354
0.0491714
0.0502704
0.0512032
0.0512097
0.0510338
0.05057
0.050219
0.0511621
0.0488229
0.048832
0.0498855
0.0493806
0.0493811
0.0491463
0.0498141
0.051047
0.0504483
0.0509944
0.049
0.0511698
0.0487806
0.0510181
0.0505498
0.0488929
0.0508058
0.0509845
0.0489984
0.0507552
0.0498469
0.0491032
0.0492252
0.0490975
0.0500286
0.0497262
0.0488532
0.0493376
0.0503578
0.0500185
0.0501623
0.050305
0.0489486
0.0507469
0.0500908
0.0493918
0.0496834
0.0490191
0.0493712
0.0494723
0.049081
0.0504078
0.050502
0.0498217
0.0510679
0.0492952
0.0508211
0.05115
0.0490839
0.0503772
0.0503731
0.0507464
0.0499748
0.0506846
0.0504413
0.0499373
0.0489867
0.0498874
0.050216
0.0510974
0.0511495
0.0491231
0.0510226
0.0506136
0.0507215
0.0497905
0.0490442
0.0499551
0.0508609
0.0490517
0.0490832
0.0488474
0.050552
0.0498001
0.0499756
0.048938
0.0505266
0.0491201
0.050232
0.0507725
0.0509585
0.0493233
0.0498085
0.0487902
0.0501537
0.0495806
0.0495422
0.0500669
0.0495267
0.0499027
0.048876
0.0497663
0.0502515
0.0505601
0.0497638
0.0503478
0.0487501
0.0492989
0.0506102
0.0503628
0.0500641
0.0512303
0.050903
0.0488533
0.0508728
0.0497514
0.0512121
0.0494844
0.0506196
0.0495039
0.050468
0.0512228
0.050812
0.0505981
0.0488684
0.0489561
0.0497913
0.0508244
0.0501855
0.0509304
0.0502483
0.0496203
0.0497479
0.0493118
0.0497714
0.0494388
0.0507087
0.0506354
0.0491403
0.0493124
0.0507193
0.0491095
0.0511434
0.0507689
0.048815
0.0510845
0.0504517
0.0500016
0.0499655
0.0498026
0.0498017
0.0487978
0.0511485
0.0498723
0.049956
0.0490666
0.0504081
0.0510311
0.0498008
0.0499687
0.050001
0.0490466
0.0495318
0.0500857
0.0487797
0.0498202
0.0503411
0.0510994
0.0503652
0.0491071
0.0505149
0.0506738
0.0510719
0.0496966
0.0496782
0.050752
0.0488743
0.0500913
0.0512332
0.0490015
0.0498855
0.0501876
0.0490788
0.0491414
0.0512491
0.0508909
0.04911
0.0505384
0.0507702
0.0493289
0.0509497
0.0498525
0.0498958
0.0499901
0.0499421
0.0504124
0.0510133
0.0508618
0.0508265
0.0493226
0.0499553
0.0499003
0.0500323
0.050596
0.0498716
0.0502371
0.0506015
0.0492204
0.049174
0.0505858
0.0509727
0.050241
0.0496254
0.049982
0.0496766
0.0489617
0.0492178
0.0496625
0.0499916
0.051058
0.0511191
0.04899
0.0498636
0.0498298
0.0494534
0.0512138
0.0507444
0.050234
0.0500524
0.0505018
0.0501736
0.0493999
0.0510678
0.0508696
0.0501916
0.0489546
0.0495884
0.050571
0.0511911
0.0491945
0.0494363
0.0511767
0.0506616
0.0491123
