0.39272
0.405104
0.405058
0.402601
0.395019
0.408225
0.394652
0.409676
0.403922
0.391083
0.403372
0.398438
0.404271
0.407667
0.407992
0.408597
0.393074
0.392264
0.404537
0.409966
0.391493
0.409522
0.407003
0.394253
0.390519
0.392868
0.405428
0.401747
0.390287
0.397667
0.400792
0.400135
0.391149
0.391033
0.403915
0.394754
0.402005
0.396988
0.406976
0.405641
0.40689
0.399254
0.408622
0.397131
0.397405
0.402807
0.400804
0.390118
0.399072
0.394363
0.401777
0.396713
0.403225
0.395228
0.408234
0.406791
0.397472
0.407721
0.409465
0.404785
0.400938
0.405902
0.394495
0.408066
0.402851
0.399894
0.390229
0.40723
0.398509
0.408396
0.399231
0.391947
0.397037
0.40331
0.398211
0.404395
0.395832
0.398865
0.40406
0.392747
0.390949
0.405488
0.393326
0.407261
0.401805
0.394533
0.407079
0.394998
0.409174
0.409107
0.40818
0.40251
0.395729
0.403196
0.409495
0.405468
0.408061
0.401801
0.405521
0.395267
0.409443
0.403278
0.404267
0.399669
0.404407
0.393525
0.407969
0.402318
0.396964
0.390508
0.399293
0.39057
0.406513
0.392365
0.40601
0.403205
0.409767
0.406952
0.401099
0.405946
0.390519
0.396049
0.393845
0.391249
0.400652
0.409659
0.401059
0.403073
0.402796
0.40701
0.390488
0.404503
0.392156
0.405911
0.408778
0.396739
0.392629
0.408015
0.401395
0.392524
0.395945
0.399414
0.404704
0.400653
0.406667
0.394568
0.408293
0.404291
0.400357
0.401288
0.406982
0.404577
0.402907
0.394188
0.393577
0.396434
0.402324
0.392014
0.401163
0.403682
0.397186
0.394893
0.405356
0.39063
0.394302
0.40685
0.395961
0.407361
0.399398
0.401361
0.409791
0.395554
0.400249
0.40903
0.40419
0.396523
0.390659
0.404986
0.394773
0.393925
0.394459
0.395059
0.401721
0.397147
0.39327
0.401161
0.404423
0.409427
0.409312
0.396285
0.398545
0.398693
0.401024
0.391017
0.407652
0.392296
0.402345
0.401901
0.390333
0.409683
0.402568
0.401388
0.407961
0.39434
0.399155
0.403077
0.393835
0.404655
0.408199
0.399599
0.405567
0.395093
0.407254
0.403329
0.39151
0.39546
0.390026
0.408934
0.393058
0.40493
0.40215
0.405739
0.3948
0.393301
0.392253
0.403538
0.393009
0.402792
0.398342
0.3997
0.403269
0.3994
0.406149
0.392413
0.40991
0.39454
0.397337
0.398481
0.402956
0.395618
0.39103
0.403375
0.396371
0.409218
0.398232
0.390121
0.398588
0.407643
0.393961
0.401912
0.407632
0.408303
0.406895
0.40317
0.4027
0.407016
0.40119
0.407815
0.406609
0.402109
0.405969
0.402944
0.408047
0.400664
0.401023
0.405269
0.402492
0.397123
0.404017
0.404416
0.406581
0.407009
0.392773
0.396871
0.408121
0.408313
0.395975
0.402363
0.398688
0.402115
0.393133
0.406425
0.393871
0.400501
0.398461
0.392963
0.406391
0.401312
0.393175
0.402384
0.408368
0.402573
0.40389
0.401052
0.391118
0.4056
0.409209
0.404275
0.399789
0.390975
0.400625
0.39814
0.409906
0.401274
0.390602
0.401712
0.404824
0.409523
0.404727
0.408225
0.407682
0.392057
0.402051
0.39378
0.396995
0.399153
0.398617
0.401645
0.394445
0.397914
0.391837
0.403763
0.398832
0.405539
0.403698
0.392828
0.390038
0.400072
0.401246
0.394236
0.395035
0.396825
0.407431
0.397725
0.39792
0.408588
0.398139
0.394972
0.409042
0.400152
0.391324
0.403495
0.409726
0.397472
0.404419
0.394115
0.400666
0.407248
0.391003
0.398932
0.392013
0.392448
0.397489
0.408575
0.403211
0.397782
0.40703
0.406729
0.394655
0.397119
0.405921
0.394279
0.405883
0.396484
0.409515
0.404091
0.397801
0.398933
0.4011
0.394896
0.396253
0.402509
0.404698
0.409549
0.405606
0.396203
0.392072
0.403394
0.394426
0.399565
0.396884
0.40712
0.396517
0.405879
0.401898
0.4097
0.403837
0.398477
0.394979
0.394433
0.407554
0.406778
0.390812
0.40465
0.393387
0.401659
0.40198
0.409547
0.403902
0.394432
0.391095
0.402873
0.406199
0.395384
0.404639
0.409068
0.401676
0.394853
0.404653
0.402348
0.406984
0.391227
0.403313
0.396325
0.406689
0.409119
0.406013
0.391662
0.404204
0.397098
0.398064
0.403523
0.393049
0.407382
0.392607
0.397675
0.397144
0.40981
0.398937
0.397314
0.406844
0.395331
0.400593
0.399097
0.409112
0.393393
0.395659
0.399589
0.396296
0.407588
0.409749
0.408547
0.408633
0.409515
0.406199
0.405374
0.39259
0.405746
0.40776
0.398554
0.399486
0.404224
0.390922
0.402128
0.399864
0.406388
0.397933
0.40141
0.390081
0.406892
0.405614
0.400145
0.390456
0.406029
0.40605
0.397543
0.404895
0.407072
0.392014
0.404192
0.404276
0.393175
0.394062
0.392301
0.407514
0.390348
0.40861
0.39058
0.394623
0.393695
0.402636
0.403141
0.405896
0.394861
0.403884
0.406786
0.409244
0.406025
0.394496
0.397114
0.393834
0.397856
0.40714
0.404028
0.400174
0.394499
0.405211
0.400325
0.40997
0.399757
0.394395
0.399856
0.406682
0.401008
0.3986
0.394435
0.399908
0.391771
0.390604
0.392921
0.400311
0.405144
0.407455
0.403963
0.399876
0.404294
0.406376
0.394658
0.406721
0.401855
0.397107
0.403255
0.395309
0.39522
0.404883
0.40365
0.390833
0.401136
0.400222
0.407206
0.397753
0.390504
0.398455
0.398585
0.409271
0.393555
0.40011
0.402224
0.396926
0.391921
0.396076
0.408434
0.390235
0.39406
0.393547
0.396177
0.393787
0.392208
0.40899
0.403616
0.406396
0.398821
0.407065
0.397086
0.401927
0.406907
0.409607
0.405922
0.396395
0.392567
0.400503
0.399287
0.400169
0.409244
0.403157
0.39282
0.402639
0.397089
0.391172
0.405595
0.392911
0.395905
0.39762
0.4054
0.407215
0.398842
0.399436
0.404937
0.396129
0.405912
0.40852
0.396306
0.396122
0.401027
0.390044
0.404388
0.400572
0.401151
0.390134
0.391685
0.392414
0.392575
0.396341
0.394705
0.398753
0.402961
0.40881
0.407063
0.403361
0.409169
0.404414
0.406162
0.394174
0.395966
0.403403
0.406953
0.401149
0.407757
0.392319
0.39402
0.392007
0.403034
0.39415
0.409219
0.403124
0.40419
0.402476
0.40477
0.405449
0.408831
0.393402
0.390725
0.391877
0.407614
0.398387
0.390337
0.40591
0.402587
0.391561
0.390191
0.403027
0.394044
0.407161
0.404316
0.398756
0.39048
0.409566
0.393241
0.392365
0.409938
0.405743
0.40706
0.408299
0.390332
0.408673
0.402436
0.406617
0.397917
0.398656
0.397059
0.392757
0.395233
0.399585
0.391753
0.395327
0.39866
0.396479
0.394174
0.397085
0.394397
0.401656
0.397095
0.391899
0.393073
0.401835
0.400809
0.401282
0.398798
0.390757
0.396475
0.405669
0.394923
0.399688
0.407107
0.403276
0.402745
0.397783
0.401625
0.407619
0.409109
0.405594
0.40068
0.40903
0.408919
0.401799
0.403246
0.392525
0.409654
0.401733
0.398084
0.397277
0.394646
0.406943
0.402241
0.391728
0.397519
0.402918
0.401041
0.397105
0.408017
0.398886
0.409535
0.40252
0.399888
0.393609
0.394853
0.398788
0.404375
0.399042
0.408388
0.408037
0.397165
0.39256
0.396971
0.391927
0.396864
0.395135
0.394213
0.405315
0.393819
0.39681
0.403876
0.401537
0.406149
0.395293
0.406512
0.396594
0.39738
0.405197
0.399806
0.393598
0.404308
0.398925
0.402909
0.39143
0.390863
0.407648
0.400628
0.401219
0.403669
0.391474
0.399915
0.400427
0.398556
0.396244
0.399111
0.394004
0.397637
0.394026
0.402831
0.402116
0.406577
0.397979
0.398983
0.400284
0.407129
0.400974
0.406525
0.396394
0.393111
0.400541
0.397303
0.397827
0.408133
0.3985
0.407273
0.40671
0.408489
0.400852
0.401587
0.400581
0.405348
0.404064
0.392909
0.3924
0.391605
0.404132
0.396391
0.393554
0.404602
0.408484
0.396877
0.401922
0.39686
0.397301
0.400803
0.394236
0.402816
0.393349
0.39685
0.399204
0.402979
0.395805
0.400678
0.390518
0.406966
0.399948
0.401211
0.393599
0.407766
0.401447
0.405773
0.404874
0.396838
0.406789
0.390618
0.397712
0.408988
0.405696
0.399098
0.40541
0.403309
0.390338
0.407058
0.402025
0.3972
0.394049
0.398812
0.397831
0.400501
0.396181
0.397657
0.407083
0.400684
0.393094
0.407217
0.405888
0.403806
0.396505
0.405162
0.397218
0.393588
0.406783
0.402962
0.401468
0.401658
0.408763
0.399526
0.403779
0.394749
0.405572
0.402026
0.391336
0.397926
0.402917
0.390208
0.395078
0.393043
0.392725
0.395927
0.405089
0.402801
0.39891
0.405024
0.392086
0.401862
0.39475
0.407736
0.402578
0.392472
0.395988
0.391939
0.39269
0.403889
0.40529
0.401037
0.404739
0.399517
0.406762
0.397939
0.407298
0.400089
0.396185
0.409145
0.399901
0.393799
0.394689
0.401986
0.409148
0.40261
0.396288
0.393336
0.405718
0.39956
0.401986
0.400783
0.393256
0.39655
0.400578
0.391812
0.390338
0.398531
0.398168
0.399509
0.402053
0.407556
0.40792
0.406014
0.392904
0.395018
0.403069
0.406073
0.403989
0.403806
0.405518
0.407984
0.393124
0.391505
0.3921
0.396038
0.398454
0.395154
0.400766
0.398446
0.396279
0.397475
0.396957
0.406451
0.409026
0.396123
0.392743
0.391152
0.405786
0.394225
0.397536
0.390093
0.398923
0.401523
0.407348
0.407004
0.390793
0.396347
0.409786
0.405532
0.395824
0.392976
0.409524
0.398695
0.406084
0.40716
0.390673
0.403239
0.407166
0.404993
0.406909
0.403741
0.401092
0.408656
0.400549
0.397697
0.395771
0.392772
0.393658
0.405131
0.409781
0.40128
0.392639
0.400102
0.408196
0.40421
0.401651
0.402015
0.405703
0.392106
0.40986
0.404631
0.392833
0.395701
0.394007
0.398796
0.39587
0.399758
0.408394
0.397741
0.397649
0.405129
0.392176
0.398684
0.40039
0.393959
0.402495
0.394952
0.400526
0.390836
0.402919
0.400181
0.400796
0.399669
0.40908
0.408634
0.394993
0.39278
0.393954
0.40979
0.409557
0.408261
0.399243
0.392748
0.406718
0.392037
