0.374859
0.404981
0.38884
0.393335
0.360135
0.38049
0.361445
0.371657
0.403446
0.383227
0.388071
0.418976
0.396472
0.406728
0.388571
0.43907
0.406673
0.421923
0.430059
0.366369
0.387011
0.402546
0.389678
0.410426
0.410815
0.433131
0.393474
0.400091
0.400565
0.406011
0.435888
0.399439
0.373905
0.431334
0.360291
0.368583
0.405754
0.393074
0.372682
0.428713
0.404484
0.378575
0.396056
0.360893
0.40967
0.42118
0.437281
0.37454
0.406132
0.42216
0.385824
0.360085
0.401203
0.401681
0.379517
0.392378
0.366535
0.381826
0.429732
0.379196
0.369964
0.404957
0.372416
0.422652
0.360494
0.402611
0.397523
0.423157
0.426213
0.436701
0.376445
0.361307
0.39254
0.370326
0.436701
0.392147
0.381286
0.383727
0.407374
0.389229
0.366403
0.379974
0.399061
0.364792
0.397301
0.372413
0.368728
0.435341
0.372424
0.361531
0.419126
0.404044
0.362631
0.41189
0.383713
0.377845
0.410558
0.370484
0.379206
0.369227
0.364632
0.362742
0.378631
0.384233
0.394202
0.418949
0.378227
0.370746
0.395194
0.40124
0.399577
0.365205
0.434328
0.380871
0.394185
0.373039
0.422933
0.401409
0.369769
0.422118
0.36666
0.37443
0.369239
0.40076
0.389504
0.373037
0.39897
0.437237
0.438482
0.413539
0.421327
0.370672
0.372916
0.393474
0.430849
0.429174
0.408628
0.387039
0.415051
0.368334
0.417094
0.435549
0.438043
0.369729
0.382152
0.390076
0.412626
0.374525
0.416939
0.408783
0.374814
0.436264
0.380786
0.375764
0.392965
0.422195
0.374116
0.368352
0.425412
0.366174
0.367488
0.369687
0.379421
0.417171
0.434722
0.409757
0.417019
0.40496
0.390917
0.415953
0.417404
0.438231
0.366934
0.403915
0.405601
0.373788
0.399016
0.365799
0.376516
0.38489
0.410406
0.387208
0.392662
0.422233
0.418032
0.43078
0.401101
0.367531
0.383168
0.376724
0.410687
0.41333
0.375669
0.405316
0.369426
0.379436
0.363894
0.43334
0.439166
0.41446
0.402387
0.360961
0.414377
0.365841
0.396641
0.36522
0.387726
0.407719
0.437169
0.428743
0.438784
0.378566
0.369068
0.423034
0.360617
0.410516
0.427841
0.402622
0.375989
0.405062
0.365266
0.430129
0.390962
0.435713
0.396193
0.402631
0.432755
0.365852
0.37216
0.388084
0.398508
0.41287
0.413971
0.433137
0.398523
0.424756
0.362203
0.394215
0.419644
0.421878
0.436895
0.377242
0.389976
0.421896
0.360554
0.374106
0.410747
0.408555
0.411428
0.419239
0.431082
0.431655
0.386889
0.387681
0.386866
0.397232
0.401415
0.37939
0.415521
0.436561
0.390227
0.374593
0.368251
0.387506
0.366568
0.39712
0.364324
0.377931
0.38199
0.438783
0.414242
0.389492
0.435825
0.390281
0.42925
0.385709
0.37638
0.383685
0.391974
0.433115
0.388752
0.384502
0.370762
0.377192
0.415394
0.439286
0.43539
0.370533
0.396556
0.424526
0.408518
0.374234
0.382422
0.363756
0.363161
0.380279
0.432536
0.382395
0.383151
0.413042
0.420019
0.38974
0.402609
0.418815
0.422068
0.364799
0.373238
0.411026
0.437664
0.379939
0.417566
0.360133
0.409916
0.361027
0.420979
0.425896
0.377245
0.388157
0.422588
0.408353
0.389471
0.420254
0.410781
0.434503
0.365877
0.387171
0.386965
0.370393
0.389754
0.367362
0.364673
0.385067
0.36571
0.422518
0.407812
0.409182
0.402446
0.373258
0.438325
0.406385
0.411784
0.38204
0.376742
0.391873
0.392109
0.385095
0.414989
0.439899
0.388528
0.437629
0.433108
0.42363
0.362224
0.409653
0.392172
0.36736
0.383483
0.438994
0.42157
0.361717
0.391002
0.425224
0.408026
0.369025
0.392937
0.43164
0.437225
0.369688
0.361001
0.415632
0.37007
0.415686
0.406927
0.436452
0.381061
0.367962
0.374055
0.385382
0.381979
0.389142
0.361895
0.392836
0.430015
0.402179
0.379437
0.373282
0.38109
0.432637
0.364323
0.383731
0.366406
0.419039
0.406375
0.403445
0.3782
0.415937
0.386303
0.420969
0.360365
0.362288
0.394975
0.38618
0.392633
0.425884
0.385377
0.401596
0.407357
0.439586
0.434949
0.373043
0.37288
0.399367
0.421774
0.423953
0.405654
0.395425
0.408929
0.436461
0.390918
0.394053
0.419086
0.411655
0.39057
0.417581
0.367816
0.388957
0.377138
0.432513
0.416574
0.435716
0.435309
0.374791
0.421161
0.371295
0.393163
0.435312
0.390906
0.422778
0.378604
0.395696
0.439844
0.379486
0.380525
0.36868
0.37709
0.411187
0.382416
0.426889
0.37082
0.417171
0.378073
0.38871
0.375985
0.369462
0.396968
0.42329
0.414574
0.414056
0.433747
0.415772
0.383232
0.407324
0.391064
0.361121
0.412057
0.370938
0.414534
0.428433
0.39294
0.404749
0.40346
0.379919
0.398747
0.385779
0.406616
0.377035
0.360798
0.385612
0.378113
0.413437
0.42062
0.366065
0.430836
0.397496
0.423886
0.377348
0.425168
0.362864
0.409214
0.422949
0.365868
0.405076
0.373322
0.368456
0.424516
0.398045
0.406463
0.386973
0.369351
0.388024
0.420741
0.424665
0.39461
0.42668
0.430276
0.395857
0.39066
0.374584
0.431701
0.419958
0.408551
0.427618
0.427322
0.430563
0.411135
0.389749
0.373938
0.402677
0.375512
0.368226
0.424585
0.421233
0.367794
0.384868
0.433144
0.429529
0.408742
0.396548
0.362433
0.394838
0.418854
0.422513
0.426154
0.414209
0.425822
0.382326
0.411385
0.418524
0.422982
0.404349
0.380568
0.415402
0.41868
0.427651
0.379884
0.429638
0.39584
0.372461
0.393272
0.433145
0.393674
0.381477
0.403441
0.363855
0.418972
0.425498
0.376124
0.428142
0.418056
0.397679
0.391541
0.374725
0.420185
0.363685
0.366557
0.362905
0.395679
0.400978
0.381053
0.437072
0.428751
0.385743
0.438641
0.381148
0.415778
0.439189
0.379101
0.386163
0.360657
0.432818
0.368702
0.409925
0.427602
0.412072
0.439706
0.369537
0.364377
0.401093
0.369587
0.411032
0.367928
0.411477
0.400967
0.410109
0.401676
0.437821
0.416036
0.416415
0.373841
0.439467
0.431304
0.397497
0.396503
0.417311
0.404185
0.434263
0.417664
0.429881
0.402015
0.37747
0.367911
0.372286
0.381333
0.366528
0.407013
0.365068
0.404729
0.368733
0.364756
0.378676
0.419779
0.420766
0.424651
0.420897
0.376046
0.376954
0.426876
0.360778
0.369592
0.360881
0.421266
0.371282
0.360229
0.43004
0.360901
0.397447
0.372309
0.395004
0.414844
0.383551
0.413608
0.423037
0.388371
0.400016
0.390978
0.376869
0.410195
0.379666
0.364511
0.435899
0.437509
0.425268
0.429267
0.393512
0.375591
0.407502
0.402289
0.372487
0.434682
0.373261
0.402184
0.39011
0.415152
0.392462
0.382847
0.427192
0.366162
0.420307
0.439257
0.389035
0.39681
0.419269
0.379562
0.373204
0.387526
0.422709
0.416123
0.423024
0.373557
0.399841
0.372785
0.360979
0.416617
0.406741
0.386451
0.420333
0.378523
0.388665
0.409522
0.427854
0.369503
0.373723
0.391087
0.3954
0.428509
0.390989
0.426482
0.415064
0.376001
0.379554
0.369932
0.43765
0.428267
0.362522
0.38752
0.374219
0.429201
0.426217
0.388129
0.435274
0.422126
0.395979
0.385368
0.421248
0.404894
0.365253
0.362842
0.423734
0.405639
0.387728
0.37173
0.36892
0.400127
0.386928
0.382841
0.43681
0.390411
0.400949
0.403224
0.394445
0.395024
0.407095
0.426091
0.42654
0.412052
0.426059
0.407159
0.399667
0.391094
0.432683
0.366578
0.393699
0.409282
0.36591
0.427209
0.401576
0.365717
0.434
0.372229
0.429236
0.407976
0.412523
0.375806
0.379443
0.414095
0.365534
0.428756
0.429702
0.400383
0.36451
0.396186
0.36523
0.430728
0.428418
0.366614
0.386417
0.394433
0.40982
0.391635
0.425079
0.365662
0.421568
0.429175
0.375171
0.363892
0.390362
0.434889
0.416033
0.363963
0.42158
0.378268
0.421487
0.414237
0.372739
0.390227
0.412351
0.40262
0.381204
0.427847
0.37453
0.38966
0.371191
0.434632
0.384847
0.373481
0.431445
0.41008
0.39147
0.368642
0.438191
0.399088
0.409988
0.413601
0.374774
0.368956
0.413045
0.40829
0.382178
0.41851
0.435795
0.427198
0.428174
0.365135
0.421808
0.429405
0.381997
0.381579
0.409919
0.384597
0.422107
0.417654
0.439915
0.405197
0.392368
0.383504
0.380794
0.421755
0.396164
0.382987
0.420625
0.417757
0.4332
0.36778
0.407521
0.394233
0.40786
0.376386
0.397919
0.406654
0.437878
0.370911
0.377394
0.389145
0.379547
0.405567
0.435545
0.362
0.381147
0.419885
0.420009
0.409584
0.372152
0.384018
0.436161
0.431421
0.363839
0.391726
0.394229
0.434038
0.381857
0.362368
0.427781
0.373834
0.428752
0.380304
0.407909
0.389762
0.414117
0.432371
0.43347
0.419877
0.396582
0.393474
0.363231
0.429168
0.383495
0.394444
0.405114
0.381213
0.438844
0.381549
0.37628
0.411181
0.389295
0.422393
0.408968
0.36875
0.387551
0.387085
0.420532
0.363207
0.392994
0.43864
0.375823
0.40892
0.412209
0.383067
0.418811
0.439971
0.379979
0.39274
0.430077
0.3841
0.409776
0.394189
0.43811
0.4066
0.395359
0.400958
0.373646
0.360123
0.390025
0.403449
0.364152
0.364149
0.429906
0.411037
0.39779
0.419263
0.365093
0.385789
0.386699
0.377936
0.404501
0.367513
0.366991
0.365816
0.436704
0.362563
0.381522
0.408093
0.398993
0.41129
0.399813
0.382009
0.371836
0.394833
0.429167
0.435161
0.410616
0.362854
0.416633
0.399917
0.438614
0.413273
0.436482
0.381986
0.424569
0.420461
0.408352
0.431053
0.421651
0.414759
0.404847
0.402001
0.388887
0.366569
0.395351
0.426327
0.375695
0.3623
0.373185
0.408311
0.374744
0.406674
0.386986
0.383597
0.375846
0.416921
0.428173
0.42519
0.409495
0.415383
0.385885
0.378756
0.394477
0.36297
0.396882
0.383313
0.373334
0.361193
0.393982
0.39624
0.394596
0.405187
0.369812
0.368481
0.364298
0.40913
0.394943
0.384423
0.409831
0.411435
0.396855
0.387997
0.431316
0.365031
0.390892
0.418186
0.372629
